20
taxon0     0.0000000 0.0441519 0.0388941 0.0341190 0.0490678 0.0644119 0.0440502 0.0291629 0.0490671 0.0539849 0.0589014 0.0850738 0.0793625 0.0242025 0.0340418 0.1953512 0.1775327 0.1800538 0.1861343 0.1697650 
taxon1     0.0441519 0.0000000 0.0651699 0.0437890 0.0438511 0.0582447 0.0438306 0.0388121 0.0445270 0.0494784 0.0544276 0.0806802 0.0749717 0.0389030 0.0389684 0.2013680 0.1893475 0.1919697 0.1981307 0.1842542 
taxon2     0.0388941 0.0651699 0.0000000 0.0291803 0.0340683 0.0642767 0.0491118 0.0341340 0.0540848 0.0590162 0.0639464 0.0902888 0.0845179 0.0389305 0.0344141 0.1878612 0.1763367 0.1788362 0.1848832 0.1569731 
taxon3     0.0341190 0.0437890 0.0291803 0.0000000 0.0192174 0.0487990 0.0240937 0.0095704 0.0387296 0.0435813 0.0484325 0.0740730 0.0685229 0.0240633 0.0338483 0.2026675 0.1846565 0.1872563 0.1934284 0.1710230 
taxon4     0.0490678 0.0438511 0.0340683 0.0192174 0.0000000 0.0538671 0.0290117 0.0240846 0.0387786 0.0337769 0.0484946 0.0741731 0.0686142 0.0289748 0.0338954 0.1967871 0.1845692 0.1871669 0.1933348 0.1652767 
taxon5     0.0644119 0.0582447 0.0642767 0.0487990 0.0538671 0.0000000 0.0436562 0.0386586 0.0535908 0.0584751 0.0633590 0.0837761 0.0734287 0.0387488 0.0387047 0.2127048 0.1947608 0.1974216 0.2036060 0.1955724 
taxon6     0.0440502 0.0438306 0.0491118 0.0240937 0.0290117 0.0436562 0.0000000 0.0143170 0.0336872 0.0385085 0.0433296 0.0687162 0.0632453 0.0191373 0.0288407 0.2093554 0.1793119 0.1938907 0.2001264 0.1774480 
taxon7     0.0291629 0.0388121 0.0341340 0.0095704 0.0240846 0.0386586 0.0143170 0.0000000 0.0287661 0.0335681 0.0383699 0.0635652 0.0581578 0.0142993 0.0239436 0.2027808 0.1847558 0.1873584 0.1935356 0.1711114 
taxon8     0.0490671 0.0445270 0.0540848 0.0387296 0.0387786 0.0535908 0.0336872 0.0287661 0.0000000 0.0047169 0.0094351 0.0336621 0.0285954 0.0239817 0.0292456 0.2151762 0.2033706 0.2061316 0.2124474 0.1889400 
taxon9     0.0539849 0.0494784 0.0590162 0.0435813 0.0337769 0.0584751 0.0385085 0.0335681 0.0047169 0.0000000 0.0141556 0.0384783 0.0333688 0.0287843 0.0341227 0.2209330 0.2091142 0.2119183 0.2182667 0.1945993 
taxon10    0.0589014 0.0544276 0.0639464 0.0484325 0.0484946 0.0633590 0.0433296 0.0383699 0.0094351 0.0141556 0.0000000 0.0287994 0.0285260 0.0335870 0.0389985 0.2145909 0.2148536 0.2176987 0.2240804 0.2002527 
taxon11    0.0850738 0.0806802 0.0902888 0.0740730 0.0741731 0.0837761 0.0687162 0.0635652 0.0336621 0.0384783 0.0287994 0.0000000 0.0143180 0.0586998 0.0645800 0.2480405 0.2483593 0.2514799 0.2581756 0.2329987 
taxon12    0.0793625 0.0749717 0.0845179 0.0685229 0.0686142 0.0734287 0.0632453 0.0581578 0.0285954 0.0333688 0.0285260 0.0143180 0.0000000 0.0533304 0.0590862 0.2400821 0.2403854 0.2434331 0.2500316 0.2252555 
taxon13    0.0242025 0.0389030 0.0389305 0.0240633 0.0289748 0.0387488 0.0191373 0.0142993 0.0239817 0.0287843 0.0335870 0.0586998 0.0533304 0.0000000 0.0095078 0.1901058 0.1722634 0.1747474 0.1808189 0.1645334 
taxon14    0.0340418 0.0389684 0.0344141 0.0338483 0.0338954 0.0387047 0.0288407 0.0239436 0.0292456 0.0341227 0.0389985 0.0645800 0.0590862 0.0095078 0.0000000 0.1839746 0.1720354 0.1745143 0.1805765 0.1585570 
taxon15    0.1953512 0.2013680 0.1878612 0.2026675 0.1967871 0.2127048 0.2093554 0.2027808 0.2151762 0.2209330 0.2145909 0.2480405 0.2400821 0.1901058 0.1839746 0.0000000 0.0340430 0.0346876 0.0343067 0.0242797 
taxon16    0.1775327 0.1893475 0.1763367 0.1846565 0.1845692 0.1947608 0.1793119 0.1847558 0.2033706 0.2091142 0.2148536 0.2483593 0.2403854 0.1722634 0.1720354 0.0340430 0.0000000 0.0147650 0.0146856 0.0194360 
taxon17    0.1800538 0.1919697 0.1788362 0.1872563 0.1871669 0.1974216 0.1938907 0.1873584 0.2061316 0.2119183 0.2176987 0.2514799 0.2434331 0.1747474 0.1745143 0.0346876 0.0147650 0.0000000 0.0200220 0.0198253 
taxon18    0.1861343 0.1981307 0.1848832 0.1934284 0.1933348 0.2036060 0.2001264 0.1935356 0.2124474 0.2182667 0.2240804 0.2581756 0.2500316 0.1808189 0.1805765 0.0343067 0.0146856 0.0200220 0.0000000 0.0247111 
taxon19    0.1697650 0.1842542 0.1569731 0.1710230 0.1652767 0.1955724 0.1774480 0.1711114 0.1889400 0.1945993 0.2002527 0.2329987 0.2252555 0.1645334 0.1585570 0.0242797 0.0194360 0.0198253 0.0247111 0.0000000 
