20
taxon0     0.0000000 0.0845292 0.1298575 0.2509058 0.2355843 0.3313971 0.3189208 0.3353382 0.3301699 0.3410231 0.3749960 0.3536201 0.3590621 0.3424782 0.3330038 0.3651365 0.3810004 0.3517650 0.3601105 0.3116796 
taxon1     0.0845292 0.0000000 0.0769802 0.2528156 0.2343512 0.3317799 0.3058553 0.3518712 0.3472116 0.3385251 0.3727635 0.3731850 0.3689908 0.3610583 0.3513839 0.3843813 0.3937323 0.3663622 0.3789824 0.3304277 
taxon2     0.1298575 0.0769802 0.0000000 0.2834724 0.2906203 0.3576740 0.3314357 0.3713845 0.3665016 0.3576524 0.3928078 0.3930398 0.3929706 0.3787268 0.3776749 0.4026210 0.4180191 0.3897674 0.3933650 0.3544138 
taxon3     0.2509058 0.2528156 0.2834724 0.0000000 0.1182845 0.3336624 0.3178079 0.3561153 0.3372795 0.3492492 0.3681757 0.3676712 0.3886629 0.3810183 0.3554909 0.4080840 0.4017699 0.3723601 0.4035195 0.3615142 
taxon4     0.2355843 0.2343512 0.2906203 0.1182845 0.0000000 0.3534906 0.3227738 0.3686655 0.3513850 0.3710433 0.4047407 0.3846854 0.3966635 0.4023055 0.3670345 0.4218598 0.4224972 0.3927502 0.4248091 0.3567850 
taxon5     0.3313971 0.3317799 0.3576740 0.3336624 0.3534906 0.0000000 0.1148593 0.1997037 0.2132799 0.1803908 0.2183758 0.2124538 0.2329469 0.2225030 0.2215036 0.2508240 0.2556619 0.2363936 0.2679981 0.2184269 
taxon6     0.3189208 0.3058553 0.3314357 0.3178079 0.3227738 0.1148593 0.0000000 0.1808271 0.1751725 0.1858284 0.2145722 0.1977835 0.2398273 0.2205696 0.2088958 0.2445090 0.2334983 0.2088250 0.2242109 0.2095169 
taxon7     0.3353382 0.3518712 0.3713845 0.3561153 0.3686655 0.1997037 0.1808271 0.0000000 0.0734495 0.0805468 0.1051795 0.0964861 0.1280202 0.1207162 0.1158667 0.1342558 0.1427138 0.1326848 0.1535589 0.1078972 
taxon8     0.3301699 0.3472116 0.3665016 0.3372795 0.3513850 0.2132799 0.1751725 0.0734495 0.0000000 0.0853479 0.1152087 0.1005919 0.1262251 0.1125799 0.1077994 0.1195508 0.1447075 0.1233194 0.1434024 0.0946321 
taxon9     0.3410231 0.3385251 0.3576524 0.3492492 0.3710433 0.1803908 0.1858284 0.0805468 0.0853479 0.0000000 0.0572486 0.0637335 0.0992197 0.0869426 0.0933466 0.1112601 0.1301190 0.1149089 0.1350331 0.0748475 
taxon10    0.3749960 0.3727635 0.3928078 0.3681757 0.4047407 0.2183758 0.2145722 0.1051795 0.1152087 0.0572486 0.0000000 0.0980280 0.1238936 0.1149913 0.1219565 0.1262193 0.1478586 0.1320940 0.1527587 0.1084910 
taxon11    0.3536201 0.3731850 0.3930398 0.3676712 0.3846854 0.2124538 0.1977835 0.0964861 0.1005919 0.0637335 0.0980280 0.0000000 0.0517801 0.0680895 0.0679974 0.0912280 0.1092326 0.0950391 0.1143308 0.0622344 
taxon12    0.3590621 0.3689908 0.3929706 0.3886629 0.3966635 0.2329469 0.2398273 0.1280202 0.1262251 0.0992197 0.1238936 0.0517801 0.0000000 0.0866314 0.0924987 0.1045107 0.1298745 0.1214763 0.1352887 0.0694363 
taxon13    0.3424782 0.3610583 0.3787268 0.3810183 0.4023055 0.2225030 0.2205696 0.1207162 0.1125799 0.0869426 0.1149913 0.0680895 0.0866314 0.0000000 0.0360483 0.0358749 0.0743543 0.0561652 0.0797472 0.0354961 
taxon14    0.3330038 0.3513839 0.3776749 0.3554909 0.3670345 0.2215036 0.2088958 0.1158667 0.1077994 0.0933466 0.1219565 0.0679974 0.0924987 0.0360483 0.0000000 0.0472792 0.0754080 0.0569494 0.0808728 0.0410057 
taxon15    0.3651365 0.3843813 0.4026210 0.4080840 0.4218598 0.2508240 0.2445090 0.1342558 0.1195508 0.1112601 0.1262193 0.0912280 0.1045107 0.0358749 0.0472792 0.0000000 0.0810382 0.0623379 0.0865274 0.0518410 
taxon16    0.3810004 0.3937323 0.4180191 0.4017699 0.4224972 0.2556619 0.2334983 0.1427138 0.1447075 0.1301190 0.1478586 0.1092326 0.1298745 0.0743543 0.0754080 0.0810382 0.0000000 0.0472138 0.0710023 0.0852485 
taxon17    0.3517650 0.3663622 0.3897674 0.3723601 0.3927502 0.2363936 0.2088250 0.1326848 0.1233194 0.1149089 0.1320940 0.0950391 0.1214763 0.0561652 0.0569494 0.0623379 0.0472138 0.0000000 0.0366561 0.0666180 
taxon18    0.3601105 0.3789824 0.3933650 0.4035195 0.4248091 0.2679981 0.2242109 0.1535589 0.1434024 0.1350331 0.1527587 0.1143308 0.1352887 0.0797472 0.0808728 0.0865274 0.0710023 0.0366561 0.0000000 0.0843563 
taxon19    0.3116796 0.3304277 0.3544138 0.3615142 0.3567850 0.2184269 0.2095169 0.1078972 0.0946321 0.0748475 0.1084910 0.0622344 0.0694363 0.0354961 0.0410057 0.0518410 0.0852485 0.0666180 0.0843563 0.0000000 
