20
taxon0     0.0000000 0.4670700 0.7315244 0.7067044 0.7770852 0.7786650 0.9925059 1.0439979 1.1893960 1.2794313 1.1823779 0.9317586 0.8392987 0.7783213 0.9324356 0.8843173 0.9637615 0.8905816 0.9515038 1.1118292 
taxon1     0.4670700 0.0000000 0.9651201 0.9515938 0.8905601 0.8868757 1.2395392 1.3141383 1.4402134 1.4950615 1.3119395 1.1510959 1.2089296 1.1416175 1.4064212 1.2935850 1.2548358 1.2404390 1.3617902 1.3763406 
taxon2     0.7315244 0.9651201 0.0000000 0.2966645 0.6946527 0.6414755 0.9665467 1.0337687 1.2067354 1.1358037 1.0984228 0.9742509 0.9128699 1.0400234 1.1229982 1.1134619 1.1546367 1.1357282 1.2372725 1.4422762 
taxon3     0.7067044 0.9515938 0.2966645 0.0000000 0.5678921 0.5635895 0.9187063 0.9921300 1.0959850 1.1778819 1.1212557 0.9591495 0.9060842 0.9315734 1.0458508 1.0229898 1.0797532 1.0489183 1.1316458 1.2371407 
taxon4     0.7770852 0.8905601 0.6946527 0.5678921 0.0000000 0.2321036 0.6523108 0.8325588 0.8903911 0.8319884 0.8855351 0.6733328 0.6202401 0.8576502 0.9792625 0.9567803 0.9813906 1.0142609 1.1267794 1.1031058 
taxon5     0.7786650 0.8868757 0.6414755 0.5635895 0.2321036 0.0000000 0.6404087 0.8504726 0.9364307 0.9392719 0.9593294 0.7396253 0.5983253 0.8642216 0.9564323 1.0084945 0.9600783 0.9960103 1.1590455 1.0840161 
taxon6     0.9925059 1.2395392 0.9665467 0.9187063 0.6523108 0.6404087 0.0000000 0.4468296 0.4119314 0.6321936 0.5746336 0.6915231 0.6032606 1.2226944 1.4174190 1.3864295 1.4793055 1.3126132 1.5318811 1.5712601 
taxon7     1.0439979 1.3141383 1.0337687 0.9921300 0.8325588 0.8504726 0.4468296 0.0000000 0.3520851 0.5601160 0.5411051 0.8926389 0.7885801 1.2890805 1.4114977 1.4129198 1.5567316 1.2976083 1.4321229 1.5158161 
taxon8     1.1893960 1.4402134 1.2067354 1.0959850 0.8903911 0.9364307 0.4119314 0.3520851 0.0000000 0.5550468 0.4760719 0.9169825 0.8299730 1.2873325 1.4777868 1.4300745 1.5792459 1.3170881 1.5674158 1.5801966 
taxon9     1.2794313 1.4950615 1.1358037 1.1778819 0.8319884 0.9392719 0.6321936 0.5601160 0.5550468 0.0000000 0.3114825 0.9455509 0.8808798 1.4690884 1.6965151 1.6994724 1.6680258 1.5786437 1.7393936 1.7042437 
taxon10    1.1823779 1.3119395 1.0984228 1.1212557 0.8855351 0.9593294 0.5746336 0.5411051 0.4760719 0.3114825 0.0000000 1.0469650 0.9718590 1.3151085 1.5254054 1.5148623 1.5418267 1.4258476 1.5589522 1.5868372 
taxon11    0.9317586 1.1510959 0.9742509 0.9591495 0.6733328 0.7396253 0.6915231 0.8926389 0.9169825 0.9455509 1.0469650 0.0000000 0.3042831 1.2608139 1.3470879 1.2492241 1.4007102 1.3962930 1.5041091 1.6597661 
taxon12    0.8392987 1.2089296 0.9128699 0.9060842 0.6202401 0.5983253 0.6032606 0.7885801 0.8299730 0.8808798 0.9718590 0.3042831 0.0000000 1.0796690 1.1304855 1.1583726 1.3275501 1.2166817 1.4585413 1.5384539 
taxon13    0.7783213 1.1416175 1.0400234 0.9315734 0.8576502 0.8642216 1.2226944 1.2890805 1.2873325 1.4690884 1.3151085 1.2608139 1.0796690 0.0000000 0.2254335 0.2165590 0.5192058 0.4660161 0.5835813 0.6548649 
taxon14    0.9324356 1.4064212 1.1229982 1.0458508 0.9792625 0.9564323 1.4174190 1.4114977 1.4777868 1.6965151 1.5254054 1.3470879 1.1304855 0.2254335 0.0000000 0.2452709 0.6401945 0.5701052 0.7193896 0.7802510 
taxon15    0.8843173 1.2935850 1.1134619 1.0229898 0.9567803 1.0084945 1.3864295 1.4129198 1.4300745 1.6994724 1.5148623 1.2492241 1.1583726 0.2165590 0.2452709 0.0000000 0.6517521 0.5956836 0.6880655 0.8009300 
taxon16    0.9637615 1.2548358 1.1546367 1.0797532 0.9813906 0.9600783 1.4793055 1.5567316 1.5792459 1.6680258 1.5418267 1.4007102 1.3275501 0.5192058 0.6401945 0.6517521 0.0000000 0.4403471 0.5851982 0.5125190 
taxon17    0.8905816 1.2404390 1.1357282 1.0489183 1.0142609 0.9960103 1.3126132 1.2976083 1.3170881 1.5786437 1.4258476 1.3962930 1.2166817 0.4660161 0.5701052 0.5956836 0.4403471 0.0000000 0.3097901 0.2936074 
taxon18    0.9515038 1.3617902 1.2372725 1.1316458 1.1267794 1.1590455 1.5318811 1.4321229 1.5674158 1.7393936 1.5589522 1.5041091 1.4585413 0.5835813 0.7193896 0.6880655 0.5851982 0.3097901 0.0000000 0.1605492 
taxon19    1.1118292 1.3763406 1.4422762 1.2371407 1.1031058 1.0840161 1.5712601 1.5158161 1.5801966 1.7042437 1.5868372 1.6597661 1.5384539 0.6548649 0.7802510 0.8009300 0.5125190 0.2936074 0.1605492 0.0000000 
