20
taxon0     0.0000000 0.1142967 0.1404953 0.2645300 0.2343006 0.2430428 0.2350898 0.2738139 0.2483596 0.2668695 0.2599380 0.2572537 0.2708942 0.2253524 0.2944451 0.3251223 0.3464161 0.3666700 0.2795787 0.3033510 
taxon1     0.1142967 0.0000000 0.1128675 0.2424302 0.2129800 0.2218284 0.2112803 0.2548275 0.2367512 0.2405140 0.2220030 0.2483245 0.2568832 0.2102836 0.3171315 0.3274087 0.3438775 0.3410163 0.2900490 0.3021182 
taxon2     0.1404953 0.1128675 0.0000000 0.2695536 0.2431389 0.2789770 0.2638666 0.3108001 0.2843205 0.3037198 0.2717581 0.2901523 0.2870962 0.2491192 0.3325280 0.3280938 0.3428233 0.3332241 0.3073507 0.3240507 
taxon3     0.2645300 0.2424302 0.2695536 0.0000000 0.0484513 0.1080807 0.0900085 0.1142108 0.1011004 0.1066222 0.1096213 0.1138726 0.1258014 0.0717144 0.2831717 0.2680136 0.3055690 0.3050324 0.2749179 0.3101064 
taxon4     0.2343006 0.2129800 0.2431389 0.0484513 0.0000000 0.0695401 0.0528368 0.0823497 0.0701342 0.0827511 0.0705929 0.0749775 0.0743662 0.0362233 0.2621229 0.2395454 0.2744363 0.2876783 0.2544298 0.2884864 
taxon5     0.2430428 0.2218284 0.2789770 0.1080807 0.0695401 0.0000000 0.0256476 0.0582248 0.0524171 0.0590736 0.0764406 0.0876061 0.0927878 0.0530550 0.2852503 0.2976499 0.3246166 0.3189276 0.2791430 0.3011944 
taxon6     0.2350898 0.2112803 0.2638666 0.0900085 0.0528368 0.0256476 0.0000000 0.0365400 0.0309873 0.0370874 0.0605725 0.0706090 0.0704057 0.0368428 0.2714924 0.2744406 0.3010190 0.2961438 0.2581146 0.2843013 
taxon7     0.2738139 0.2548275 0.3108001 0.1142108 0.0823497 0.0582248 0.0365400 0.0000000 0.0311107 0.0370902 0.0956077 0.1064221 0.1117281 0.0705792 0.2884856 0.2921088 0.3185725 0.3129180 0.2763942 0.2930950 
taxon8     0.2483596 0.2367512 0.2843205 0.1011004 0.0701342 0.0524171 0.0309873 0.0311107 0.0000000 0.0154061 0.0837985 0.0935813 0.1051253 0.0586787 0.2630941 0.2664173 0.2921976 0.2952899 0.2517253 0.2849992 
taxon9     0.2668695 0.2405140 0.3037198 0.1066222 0.0827511 0.0590736 0.0370874 0.0370902 0.0154061 0.0000000 0.0902237 0.1069585 0.1134509 0.0709172 0.2811801 0.2847232 0.3110263 0.2990132 0.2692810 0.2981082 
taxon10    0.2599380 0.2220030 0.2717581 0.1096213 0.0705929 0.0764406 0.0605725 0.0956077 0.0837985 0.0902237 0.0000000 0.0713294 0.0771032 0.0372690 0.3073003 0.3005390 0.3381048 0.3419894 0.2840980 0.3205849 
taxon11    0.2572537 0.2483245 0.2901523 0.1138726 0.0749775 0.0876061 0.0706090 0.1064221 0.0935813 0.1069585 0.0713294 0.0000000 0.0703642 0.0419407 0.3070678 0.3127130 0.3505499 0.3658315 0.2958832 0.3203725 
taxon12    0.2708942 0.2568832 0.2870962 0.1258014 0.0743662 0.0927878 0.0704057 0.1117281 0.1051253 0.1134509 0.0771032 0.0703642 0.0000000 0.0527057 0.3199858 0.2929422 0.3297592 0.3429249 0.3027388 0.3329953 
taxon13    0.2253524 0.2102836 0.2491192 0.0717144 0.0362233 0.0530550 0.0368428 0.0705792 0.0586787 0.0709172 0.0372690 0.0419407 0.0527057 0.0000000 0.2708863 0.2643261 0.3003937 0.3144047 0.2493556 0.2908277 
taxon14    0.2944451 0.3171315 0.3325280 0.2831717 0.2621229 0.2852503 0.2714924 0.2884856 0.2630941 0.2811801 0.3073003 0.3070678 0.3199858 0.2708863 0.0000000 0.1408427 0.1339249 0.1688695 0.0925672 0.1468231 
taxon15    0.3251223 0.3274087 0.3280938 0.2680136 0.2395454 0.2976499 0.2744406 0.2921088 0.2664173 0.2847232 0.3005390 0.3127130 0.2929422 0.2643261 0.1408427 0.0000000 0.0577816 0.0875380 0.1174340 0.1675831 
taxon16    0.3464161 0.3438775 0.3428233 0.3055690 0.2744363 0.3246166 0.3010190 0.3185725 0.2921976 0.3110263 0.3381048 0.3505499 0.3297592 0.3003937 0.1339249 0.0577816 0.0000000 0.0693349 0.1186455 0.1828446 
taxon17    0.3666700 0.3410163 0.3332241 0.3050324 0.2876783 0.3189276 0.2961438 0.3129180 0.2952899 0.2990132 0.3419894 0.3658315 0.3429249 0.3144047 0.1688695 0.0875380 0.0693349 0.0000000 0.1401907 0.1878158 
taxon18    0.2795787 0.2900490 0.3073507 0.2749179 0.2544298 0.2791430 0.2581146 0.2763942 0.2517253 0.2692810 0.2840980 0.2958832 0.3027388 0.2493556 0.0925672 0.1174340 0.1186455 0.1401907 0.0000000 0.0992742 
taxon19    0.3033510 0.3021182 0.3240507 0.3101064 0.2884864 0.3011944 0.2843013 0.2930950 0.2849992 0.2981082 0.3205849 0.3203725 0.3329953 0.2908277 0.1468231 0.1675831 0.1828446 0.1878158 0.0992742 0.0000000 
