20
taxon0     0.0000000 0.3507457 0.2242016 0.4690921 0.5312862 0.6460118 0.7388308 0.5601803 0.6772492 0.8068371 0.6636550 0.6374327 0.6712737 0.6705658 0.7683749 1.4299215 1.1552607 0.9958368 0.9404658 1.1906103 
taxon1     0.3507457 0.0000000 0.3032239 0.5787931 0.6386729 0.7480018 0.7130456 0.6000700 0.6783375 0.7809147 0.7356607 0.7389002 0.7352921 0.6972795 0.8932228 1.5560027 1.2619837 1.0264164 0.9979813 1.1879334 
taxon2     0.2242016 0.3032239 0.0000000 0.4729829 0.5370227 0.6539422 0.6828400 0.5182695 0.6234825 0.7398294 0.6180876 0.6485496 0.7018675 0.6464697 0.8121030 1.5423038 1.2513321 0.9787860 1.0470659 1.2756408 
taxon3     0.4690921 0.5787931 0.4729829 0.0000000 0.1588592 0.3073860 0.7087303 0.5887511 0.6845792 0.8026049 0.6931275 0.6677688 0.7085918 0.7067552 0.9062536 1.7107505 1.3823293 1.2170368 1.1129024 1.2943914 
taxon4     0.5312862 0.6386729 0.5370227 0.1588592 0.0000000 0.3035498 0.7543318 0.6686715 0.7237940 0.8108786 0.7319254 0.7130216 0.7259450 0.7308116 0.8878394 1.5805694 1.3055277 1.1379475 1.1287762 1.2935391 
taxon5     0.6460118 0.7480018 0.6539422 0.3073860 0.3035498 0.0000000 0.9128921 0.8027330 0.8115996 0.9212613 0.8439669 0.7403220 0.8806638 0.8432952 1.0610198 1.5352691 1.3877152 1.3476952 1.3088738 1.4139549 
taxon6     0.7388308 0.7130456 0.6828400 0.7087303 0.7543318 0.9128921 0.0000000 0.3776702 0.7937942 0.8473644 0.8771537 0.8485789 0.8199511 0.7735121 1.2538315 1.6243898 1.4905886 1.4245573 1.3176181 1.6087243 
taxon7     0.5601803 0.6000700 0.5182695 0.5887511 0.6686715 0.8027330 0.3776702 0.0000000 0.6539110 0.7827146 0.6745991 0.6322574 0.6612915 0.6447011 0.9137119 1.5635141 1.2908740 1.1670790 1.0447691 1.2645609 
taxon8     0.6772492 0.6783375 0.6234825 0.6845792 0.7237940 0.8115996 0.7937942 0.6539110 0.0000000 0.6021486 0.5815146 0.7417590 0.7384499 0.6601069 0.8962552 1.5033509 1.3041132 1.1224869 1.0860230 1.1707018 
taxon9     0.8068371 0.7809147 0.7398294 0.8026049 0.8108786 0.9212613 0.8473644 0.7827146 0.6021486 0.0000000 0.7088268 0.7730267 0.8271098 0.7060828 0.9898181 1.5291715 1.4496829 1.3045846 1.2897373 1.4227054 
taxon10    0.6636550 0.7356607 0.6180876 0.6931275 0.7319254 0.8439669 0.8771537 0.6745991 0.5815146 0.7088268 0.0000000 0.6068277 0.6528330 0.5436173 0.9236491 1.7077884 1.5154509 1.1473662 1.1860138 1.3139109 
taxon11    0.6374327 0.7389002 0.6485496 0.6677688 0.7130216 0.7403220 0.8485789 0.6322574 0.7417590 0.7730267 0.6068277 0.0000000 0.5328990 0.4314539 1.0142321 1.7297567 1.4008944 1.2823103 1.1241682 1.2814632 
taxon12    0.6712737 0.7352921 0.7018675 0.7085918 0.7259450 0.8806638 0.8199511 0.6612915 0.7384499 0.8271098 0.6528330 0.5328990 0.0000000 0.2009820 1.0152461 1.7815778 1.4631137 1.2061967 1.0857906 1.2813621 
taxon13    0.6705658 0.6972795 0.6464697 0.7067552 0.7308116 0.8432952 0.7735121 0.6447011 0.6601069 0.7060828 0.5436173 0.4314539 0.2009820 0.0000000 0.9946190 1.7409194 1.5005083 1.2243460 1.1314162 1.3010240 
taxon14    0.7683749 0.8932228 0.8121030 0.9062536 0.8878394 1.0610198 1.2538315 0.9137119 0.8962552 0.9898181 0.9236491 1.0142321 1.0152461 0.9946190 0.0000000 0.8167872 0.6122643 0.6521633 0.7834305 0.9970721 
taxon15    1.4299215 1.5560027 1.5423038 1.7107505 1.5805694 1.5352691 1.6243898 1.5635141 1.5033509 1.5291715 1.7077884 1.7297567 1.7815778 1.7409194 0.8167872 0.0000000 0.4307808 1.2461475 1.2097917 1.5885997 
taxon16    1.1552607 1.2619837 1.2513321 1.3823293 1.3055277 1.3877152 1.4905886 1.2908740 1.3041132 1.4496829 1.5154509 1.4008944 1.4631137 1.5005083 0.6122643 0.4307808 0.0000000 0.9807520 1.0597997 1.3279995 
taxon17    0.9958368 1.0264164 0.9787860 1.2170368 1.1379475 1.3476952 1.4245573 1.1670790 1.1224869 1.3045846 1.1473662 1.2823103 1.2061967 1.2243460 0.6521633 1.2461475 0.9807520 0.0000000 0.7170527 0.9419265 
taxon18    0.9404658 0.9979813 1.0470659 1.1129024 1.1287762 1.3088738 1.3176181 1.0447691 1.0860230 1.2897373 1.1860138 1.1241682 1.0857906 1.1314162 0.7834305 1.2097917 1.0597997 0.7170527 0.0000000 0.3506128 
taxon19    1.1906103 1.1879334 1.2756408 1.2943914 1.2935391 1.4139549 1.6087243 1.2645609 1.1707018 1.4227054 1.3139109 1.2814632 1.2813621 1.3010240 0.9970721 1.5885997 1.3279995 0.9419265 0.3506128 0.0000000 
