20
taxon0     0.0000000 0.3075165 0.2340845 0.5279633 0.6084531 0.6480348 0.5054678 0.5422273 0.5561331 0.5509620 0.6756751 0.6870390 0.5652503 0.5737088 0.6414888 0.6423641 0.6365643 0.6743066 0.6535517 0.6873931 
taxon1     0.3075165 0.0000000 0.2100773 0.5487601 0.6462574 0.6629918 0.5190426 0.5634401 0.5604585 0.5506562 0.6220875 0.6403393 0.5741730 0.5643958 0.6246903 0.6206566 0.6143078 0.6577946 0.6558056 0.7066256 
taxon2     0.2340845 0.2100773 0.0000000 0.5416792 0.6359312 0.6360119 0.4774304 0.5257140 0.5304406 0.5607537 0.6219862 0.6336215 0.5495043 0.5828723 0.6257306 0.6380235 0.6352761 0.6396853 0.6448214 0.6975422 
taxon3     0.5279633 0.5487601 0.5416792 0.0000000 0.2438473 0.2606078 0.4810098 0.5668902 0.5345577 0.5456252 0.5215365 0.4948240 0.5693514 0.5464143 0.4340544 0.4459883 0.5476336 0.6261199 0.5936466 0.6270575 
taxon4     0.6084531 0.6462574 0.6359312 0.2438473 0.0000000 0.2089533 0.6008394 0.5997669 0.6010688 0.6364127 0.6317468 0.6029903 0.6550183 0.6668764 0.5030682 0.5151000 0.6417579 0.7329910 0.7061463 0.7396193 
taxon5     0.6480348 0.6629918 0.6360119 0.2606078 0.2089533 0.0000000 0.5947678 0.6159820 0.6055434 0.6200437 0.5680526 0.5310452 0.6769794 0.6623109 0.5023690 0.5088063 0.6517598 0.7558244 0.7058378 0.7661111 
taxon6     0.5054678 0.5190426 0.4774304 0.4810098 0.6008394 0.5947678 0.0000000 0.2569320 0.2762110 0.3679407 0.4056125 0.4225338 0.4127207 0.3714318 0.4030509 0.4351312 0.4805587 0.5337983 0.5273910 0.4893237 
taxon7     0.5422273 0.5634401 0.5257140 0.5668902 0.5997669 0.6159820 0.2569320 0.0000000 0.2027998 0.4585497 0.4510337 0.4836042 0.4668485 0.4519673 0.4657023 0.4766145 0.5207745 0.6026935 0.5763295 0.5563317 
taxon8     0.5561331 0.5604585 0.5304406 0.5345577 0.6010688 0.6055434 0.2762110 0.2027998 0.0000000 0.4499055 0.4536408 0.4827694 0.4796408 0.4647994 0.4300823 0.4297259 0.5050192 0.5661576 0.5597398 0.5508418 
taxon9     0.5509620 0.5506562 0.5607537 0.5456252 0.6364127 0.6200437 0.3679407 0.4585497 0.4499055 0.0000000 0.2796841 0.2983993 0.3909783 0.3679293 0.3836761 0.3861105 0.4769508 0.5117800 0.5069670 0.4828969 
taxon10    0.6756751 0.6220875 0.6219862 0.5215365 0.6317468 0.5680526 0.4056125 0.4510337 0.4536408 0.2796841 0.0000000 0.0774399 0.4469986 0.4717030 0.3813141 0.3854137 0.5043571 0.5531773 0.5080231 0.5216307 
taxon11    0.6870390 0.6403393 0.6336215 0.4948240 0.6029903 0.5310452 0.4225338 0.4836042 0.4827694 0.2983993 0.0774399 0.0000000 0.4459784 0.4598200 0.3823124 0.3714777 0.4809357 0.5325680 0.4776416 0.5134396 
taxon12    0.5652503 0.5741730 0.5495043 0.5693514 0.6550183 0.6769794 0.4127207 0.4668485 0.4796408 0.3909783 0.4469986 0.4459784 0.0000000 0.1583245 0.3512367 0.3603328 0.4317337 0.4366232 0.4363333 0.4004533 
taxon13    0.5737088 0.5643958 0.5828723 0.5464143 0.6668764 0.6623109 0.3714318 0.4519673 0.4647994 0.3679293 0.4717030 0.4598200 0.1583245 0.0000000 0.3397149 0.3460382 0.4496996 0.4583421 0.4708721 0.4258127 
taxon14    0.6414888 0.6246903 0.6257306 0.4340544 0.5030682 0.5023690 0.4030509 0.4657023 0.4300823 0.3836761 0.3813141 0.3823124 0.3512367 0.3397149 0.0000000 0.0501998 0.2922778 0.3687515 0.3494681 0.3402048 
taxon15    0.6423641 0.6206566 0.6380235 0.4459883 0.5151000 0.5088063 0.4351312 0.4766145 0.4297259 0.3861105 0.3854137 0.3714777 0.3603328 0.3460382 0.0501998 0.0000000 0.3299254 0.3898026 0.3668948 0.3737489 
taxon16    0.6365643 0.6143078 0.6352761 0.5476336 0.6417579 0.6517598 0.4805587 0.5207745 0.5050192 0.4769508 0.5043571 0.4809357 0.4317337 0.4496996 0.2922778 0.3299254 0.0000000 0.1362909 0.0927079 0.1529865 
taxon17    0.6743066 0.6577946 0.6396853 0.6261199 0.7329910 0.7558244 0.5337983 0.6026935 0.5661576 0.5117800 0.5531773 0.5325680 0.4366232 0.4583421 0.3687515 0.3898026 0.1362909 0.0000000 0.0994334 0.2585751 
taxon18    0.6535517 0.6558056 0.6448214 0.5936466 0.7061463 0.7058378 0.5273910 0.5763295 0.5597398 0.5069670 0.5080231 0.4776416 0.4363333 0.4708721 0.3494681 0.3668948 0.0927079 0.0994334 0.0000000 0.2182872 
taxon19    0.6873931 0.7066256 0.6975422 0.6270575 0.7396193 0.7661111 0.4893237 0.5563317 0.5508418 0.4828969 0.5216307 0.5134396 0.4004533 0.4258127 0.3402048 0.3737489 0.1529865 0.2585751 0.2182872 0.0000000 
