20
taxon0     0.0000000 0.1010878 0.1976058 0.1798853 0.2301725 0.3357485 0.2547302 0.2562608 0.3122609 0.2746590 0.2850384 0.3030913 0.5563121 0.5507008 0.5726352 0.5308093 0.5733564 0.5658441 0.5665310 0.5264707 
taxon1     0.1010878 0.0000000 0.1037512 0.0828670 0.1666356 0.2756218 0.2002941 0.1864759 0.2552804 0.2217591 0.2477594 0.2321213 0.5225036 0.5442888 0.5580600 0.5192438 0.5464938 0.5390953 0.4790972 0.4537007 
taxon2     0.1976058 0.1037512 0.0000000 0.0446260 0.2163211 0.3188198 0.2460589 0.2313686 0.3128048 0.2909436 0.3187870 0.3016128 0.6248887 0.6134786 0.6127019 0.5947507 0.5732457 0.6083225 0.5424721 0.5590919 
taxon3     0.1798853 0.0828670 0.0446260 0.0000000 0.1995164 0.3005678 0.2152074 0.2143251 0.2877452 0.2811212 0.3088671 0.2918086 0.5524782 0.5674167 0.5900797 0.5498342 0.5512798 0.5626358 0.5103006 0.5108678 
taxon4     0.2301725 0.1666356 0.2163211 0.1995164 0.0000000 0.1326785 0.0773492 0.0661508 0.1367055 0.1196236 0.1428128 0.1296041 0.5177738 0.5012380 0.4892860 0.4740341 0.4846709 0.5159654 0.4924507 0.5029348 
taxon5     0.3357485 0.2756218 0.3188198 0.3005678 0.1326785 0.0000000 0.1031523 0.1039015 0.2193567 0.1856749 0.2025278 0.1949071 0.6115919 0.5927410 0.6063740 0.6038527 0.6066730 0.6425916 0.6141721 0.6266803 
taxon6     0.2547302 0.2002941 0.2460589 0.2152074 0.0773492 0.1031523 0.0000000 0.0098145 0.1618309 0.1372107 0.1470784 0.1454148 0.4996444 0.5023364 0.5294904 0.5136462 0.5084245 0.5403381 0.5324074 0.5431707 
taxon7     0.2562608 0.1864759 0.2313686 0.2143251 0.0661508 0.1039015 0.0098145 0.0000000 0.1678269 0.1381561 0.1480679 0.1325518 0.5088124 0.4919865 0.5087745 0.4933403 0.4881580 0.5192967 0.5113872 0.5219291 
taxon8     0.3122609 0.2552804 0.3128048 0.2877452 0.1367055 0.2193567 0.1618309 0.1678269 0.0000000 0.0570319 0.0677753 0.0619103 0.5310715 0.5446809 0.5681534 0.5682915 0.5430865 0.5771120 0.5813585 0.5784205 
taxon9     0.2746590 0.2217591 0.2909436 0.2811212 0.1196236 0.1856749 0.1372107 0.1381561 0.0570319 0.0000000 0.0299320 0.0300117 0.5316836 0.5466889 0.5523757 0.5405368 0.5163345 0.5489520 0.5251287 0.5225757 
taxon10    0.2850384 0.2477594 0.3187870 0.3088671 0.1428128 0.2025278 0.1470784 0.1480679 0.0677753 0.0299320 0.0000000 0.0300590 0.5676882 0.5587952 0.5745938 0.5624436 0.5377575 0.5710701 0.5612963 0.5585184 
taxon11    0.3030913 0.2321213 0.3016128 0.2918086 0.1296041 0.1949071 0.1454148 0.1325518 0.0619103 0.0300117 0.0300590 0.0000000 0.5187643 0.5525718 0.5459906 0.5343138 0.5104016 0.5426166 0.5378955 0.5352711 
taxon12    0.5563121 0.5225036 0.6248887 0.5524782 0.5177738 0.6115919 0.4996444 0.5088124 0.5310715 0.5316836 0.5676882 0.5187643 0.0000000 0.0446541 0.1472733 0.1138241 0.1187605 0.1137867 0.1795417 0.1687528 
taxon13    0.5507008 0.5442888 0.6134786 0.5674167 0.5012380 0.5927410 0.5023364 0.4919865 0.5446809 0.5466889 0.5587952 0.5525718 0.0446541 0.0000000 0.1412853 0.1080813 0.1187345 0.1137568 0.1761973 0.1830264 
taxon14    0.5726352 0.5580600 0.6127019 0.5900797 0.4892860 0.6063740 0.5294904 0.5087745 0.5681534 0.5523757 0.5745938 0.5459906 0.1472733 0.1412853 0.0000000 0.0336703 0.0845402 0.0797486 0.2233350 0.2171611 
taxon15    0.5308093 0.5192438 0.5947507 0.5498342 0.4740341 0.6038527 0.5136462 0.4933403 0.5682915 0.5405368 0.5624436 0.5343138 0.1138241 0.1080813 0.0336703 0.0000000 0.0644306 0.0490968 0.1927369 0.1849031 
taxon16    0.5733564 0.5464938 0.5732457 0.5512798 0.4846709 0.6066730 0.5084245 0.4881580 0.5430865 0.5163345 0.5377575 0.5104016 0.1187605 0.1187345 0.0845402 0.0644306 0.0000000 0.0241922 0.1980710 0.1984325 
taxon17    0.5658441 0.5390953 0.6083225 0.5626358 0.5159654 0.6425916 0.5403381 0.5192967 0.5771120 0.5489520 0.5710701 0.5426166 0.1137867 0.1137568 0.0797486 0.0490968 0.0241922 0.0000000 0.1994681 0.1874252 
taxon18    0.5665310 0.4790972 0.5424721 0.5103006 0.4924507 0.6141721 0.5324074 0.5113872 0.5813585 0.5251287 0.5612963 0.5378955 0.1795417 0.1761973 0.2233350 0.1927369 0.1980710 0.1994681 0.0000000 0.0348938 
taxon19    0.5264707 0.4537007 0.5590919 0.5108678 0.5029348 0.6266803 0.5431707 0.5219291 0.5784205 0.5225757 0.5585184 0.5352711 0.1687528 0.1830264 0.2171611 0.1849031 0.1984325 0.1874252 0.0348938 0.0000000 
