20
taxon0     0.0000000 0.1320999 0.1601328 0.2091746 0.2545223 0.2619389 0.4195857 0.3642871 0.4538365 0.4522331 0.4113469 0.4041200 0.4033226 0.4573075 0.4535624 0.4724501 0.5129399 0.4085621 0.4237690 0.4140927 
taxon1     0.1320999 0.0000000 0.1044583 0.2381792 0.2478827 0.2659449 0.4325272 0.3788023 0.4325226 0.4481463 0.4074102 0.3961841 0.3923033 0.4877337 0.4858802 0.4815954 0.5140986 0.4012666 0.4280326 0.3926667 
taxon2     0.1601328 0.1044583 0.0000000 0.2737463 0.2956193 0.3224805 0.4902473 0.4452302 0.4749621 0.4796842 0.4606331 0.4358094 0.4288005 0.5065150 0.5294353 0.5375983 0.5568384 0.4382082 0.4905975 0.4365554 
taxon3     0.2091746 0.2381792 0.2737463 0.0000000 0.1671128 0.1675698 0.4242335 0.3933603 0.4246329 0.4228242 0.3932961 0.4092361 0.3883906 0.4496745 0.4973921 0.5176375 0.5031643 0.4016919 0.4253801 0.4113687 
taxon4     0.2545223 0.2478827 0.2956193 0.1671128 0.0000000 0.0765469 0.3979724 0.3698817 0.3978257 0.3923236 0.3629399 0.3931006 0.3897236 0.4789176 0.4971583 0.5087225 0.5045638 0.4027938 0.4643038 0.4073231 
taxon5     0.2619389 0.2659449 0.3224805 0.1675698 0.0765469 0.0000000 0.3883918 0.3692853 0.4166219 0.4021495 0.3771689 0.3968521 0.3934660 0.4494418 0.4743480 0.5071858 0.5042740 0.3961662 0.4465965 0.4516452 
taxon6     0.4195857 0.4325272 0.4902473 0.4242335 0.3979724 0.3883918 0.0000000 0.0960427 0.1910786 0.2175415 0.2316698 0.2535258 0.2287710 0.3024715 0.3428786 0.3142522 0.3199869 0.2903035 0.3079076 0.3000367 
taxon7     0.3642871 0.3788023 0.4452302 0.3933603 0.3698817 0.3692853 0.0960427 0.0000000 0.1804920 0.1893619 0.1962683 0.2356916 0.2155230 0.2772869 0.3275137 0.2956554 0.3169253 0.2634115 0.2694946 0.2730096 
taxon8     0.4538365 0.4325226 0.4749621 0.4246329 0.3978257 0.4166219 0.1910786 0.1804920 0.0000000 0.1338435 0.1421885 0.2615411 0.2336177 0.3071576 0.3511552 0.3390518 0.3343012 0.2812692 0.2815651 0.2806573 
taxon9     0.4522331 0.4481463 0.4796842 0.4228242 0.3923236 0.4021495 0.2175415 0.1893619 0.1338435 0.0000000 0.0786657 0.2913804 0.2701009 0.3274498 0.3903378 0.3661827 0.3605364 0.3238213 0.2831702 0.2965679 
taxon10    0.4113469 0.4074102 0.4606331 0.3932961 0.3629399 0.3771689 0.2316698 0.1962683 0.1421885 0.0786657 0.0000000 0.2886817 0.2663213 0.3448847 0.3772362 0.3558086 0.3699504 0.3269964 0.2976089 0.2874972 
taxon11    0.4041200 0.3961841 0.4358094 0.4092361 0.3931006 0.3968521 0.2535258 0.2356916 0.2615411 0.2913804 0.2886817 0.0000000 0.0573923 0.1556467 0.2159563 0.1966190 0.1982082 0.1275635 0.2143478 0.2241001 
taxon12    0.4033226 0.3923033 0.4288005 0.3883906 0.3897236 0.3934660 0.2287710 0.2155230 0.2336177 0.2701009 0.2663213 0.0573923 0.0000000 0.1442071 0.2090385 0.1835612 0.1731285 0.1104654 0.2075145 0.2103963 
taxon13    0.4573075 0.4877337 0.5065150 0.4496745 0.4789176 0.4494418 0.3024715 0.2772869 0.3071576 0.3274498 0.3448847 0.1556467 0.1442071 0.0000000 0.1700735 0.1622242 0.1995839 0.1159509 0.2374646 0.2619231 
taxon14    0.4535624 0.4858802 0.5294353 0.4973921 0.4971583 0.4743480 0.3428786 0.3275137 0.3511552 0.3903378 0.3772362 0.2159563 0.2090385 0.1700735 0.0000000 0.0746690 0.2361132 0.1585404 0.2981523 0.3093899 
taxon15    0.4724501 0.4815954 0.5375983 0.5176375 0.5087225 0.5071858 0.3142522 0.2956554 0.3390518 0.3661827 0.3558086 0.1966190 0.1835612 0.1622242 0.0746690 0.0000000 0.2179683 0.1612555 0.2889744 0.2869978 
taxon16    0.5129399 0.5140986 0.5568384 0.5031643 0.5045638 0.5042740 0.3199869 0.3169253 0.3343012 0.3605364 0.3699504 0.1982082 0.1731285 0.1995839 0.2361132 0.2179683 0.0000000 0.1219827 0.3244487 0.3188343 
taxon17    0.4085621 0.4012666 0.4382082 0.4016919 0.4027938 0.3961662 0.2903035 0.2634115 0.2812692 0.3238213 0.3269964 0.1275635 0.1104654 0.1159509 0.1585404 0.1612555 0.1219827 0.0000000 0.2286242 0.2278019 
taxon18    0.4237690 0.4280326 0.4905975 0.4253801 0.4643038 0.4465965 0.3079076 0.2694946 0.2815651 0.2831702 0.2976089 0.2143478 0.2075145 0.2374646 0.2981523 0.2889744 0.3244487 0.2286242 0.0000000 0.1593219 
taxon19    0.4140927 0.3926667 0.4365554 0.4113687 0.4073231 0.4516452 0.3000367 0.2730096 0.2806573 0.2965679 0.2874972 0.2241001 0.2103963 0.2619231 0.3093899 0.2869978 0.3188343 0.2278019 0.1593219 0.0000000 
