20
taxon0     0.0000000 0.1139302 0.5524462 0.4626177 0.6832302 0.6173439 0.7564025 0.8230061 0.9044609 0.8830351 0.9281598 0.4676703 0.4725915 0.4892596 0.6126319 0.5354313 0.6775425 0.7346548 0.7537137 0.8415326 
taxon1     0.1139302 0.0000000 0.5771486 0.4723399 0.7151939 0.6045298 0.7794308 0.8520932 0.9129133 0.9332064 0.9596853 0.4742504 0.4738567 0.5028274 0.6237416 0.5605552 0.7134206 0.7701398 0.7389254 0.8408290 
taxon2     0.5524462 0.5771486 0.0000000 0.2137937 0.5709503 0.4806260 0.5641823 0.6583019 0.7628363 0.7283214 0.8325524 0.6320482 0.7403225 0.7752690 0.8883595 0.8468927 0.9766852 1.0348437 0.9787406 0.9471263 
taxon3     0.4626177 0.4723399 0.2137937 0.0000000 0.4988684 0.4505458 0.4902127 0.5610110 0.7688329 0.7412852 0.8141812 0.5706956 0.6853067 0.7460075 0.8055345 0.7641314 0.8594615 0.9406188 0.9147032 0.9016303 
taxon4     0.6832302 0.7151939 0.5709503 0.4988684 0.0000000 0.2594280 0.4031456 0.4357754 0.5036865 0.5376300 0.6160490 0.8209710 0.9340264 0.9580710 0.9878246 0.9634429 1.0756790 1.0717850 1.0164574 1.0912198 
taxon5     0.6173439 0.6045298 0.4806260 0.4505458 0.2594280 0.0000000 0.2544160 0.2987454 0.4054244 0.4406696 0.5057445 0.8035401 0.8760004 0.8165537 0.8888562 0.8828321 0.9639333 1.0197643 0.9319774 0.9927762 
taxon6     0.7564025 0.7794308 0.5641823 0.4902127 0.4031456 0.2544160 0.0000000 0.2116840 0.3295782 0.3893359 0.4622192 0.9180081 1.0125036 0.9112966 0.9720400 0.9765459 1.0607500 1.0573597 1.0270416 1.0528139 
taxon7     0.8230061 0.8520932 0.6583019 0.5610110 0.4357754 0.2987454 0.2116840 0.0000000 0.2266670 0.2836502 0.3532038 0.9156631 1.0279396 1.0183651 1.0449903 1.0528072 1.0966275 1.0574761 1.0215632 1.0549501 
taxon8     0.9044609 0.9129133 0.7628363 0.7688329 0.5036865 0.4054244 0.3295782 0.2266670 0.0000000 0.2573630 0.3505825 0.9089402 1.0598703 0.9768880 1.0650609 1.0426627 1.0976903 1.0870926 1.0620375 1.1343773 
taxon9     0.8830351 0.9332064 0.7283214 0.7412852 0.5376300 0.4406696 0.3893359 0.2836502 0.2573630 0.0000000 0.1514996 0.9734741 1.0022462 0.9914700 1.0564346 1.0880639 1.1390223 1.1906215 1.0260558 1.0569087 
taxon10    0.9281598 0.9596853 0.8325524 0.8141812 0.6160490 0.5057445 0.4622192 0.3532038 0.3505825 0.1514996 0.0000000 1.0391626 1.0819341 1.0781174 1.0900433 1.1409632 1.1947816 1.2435122 1.0857926 1.1356347 
taxon11    0.4676703 0.4742504 0.6320482 0.5706956 0.8209710 0.8035401 0.9180081 0.9156631 0.9089402 0.9734741 1.0391626 0.0000000 0.1804795 0.3925040 0.4534076 0.3449047 0.5217927 0.6781135 0.6093780 0.6748525 
taxon12    0.4725915 0.4738567 0.7403225 0.6853067 0.9340264 0.8760004 1.0125036 1.0279396 1.0598703 1.0022462 1.0819341 0.1804795 0.0000000 0.4532492 0.4860382 0.4134727 0.6058559 0.7224681 0.6599487 0.7517876 
taxon13    0.4892596 0.5028274 0.7752690 0.7460075 0.9580710 0.8165537 0.9112966 1.0183651 0.9768880 0.9914700 1.0781174 0.3925040 0.4532492 0.0000000 0.2796868 0.2041758 0.4009951 0.4919412 0.4375806 0.5471795 
taxon14    0.6126319 0.6237416 0.8883595 0.8055345 0.9878246 0.8888562 0.9720400 1.0449903 1.0650609 1.0564346 1.0900433 0.4534076 0.4860382 0.2796868 0.0000000 0.2154605 0.3808690 0.5099313 0.4415197 0.4827537 
taxon15    0.5354313 0.5605552 0.8468927 0.7641314 0.9634429 0.8828321 0.9765459 1.0528072 1.0426627 1.0880639 1.1409632 0.3449047 0.4134727 0.2041758 0.2154605 0.0000000 0.2653249 0.4178274 0.3564632 0.4515841 
taxon16    0.6775425 0.7134206 0.9766852 0.8594615 1.0756790 0.9639333 1.0607500 1.0966275 1.0976903 1.1390223 1.1947816 0.5217927 0.6058559 0.4009951 0.3808690 0.2653249 0.0000000 0.3001386 0.2620782 0.3403713 
taxon17    0.7346548 0.7701398 1.0348437 0.9406188 1.0717850 1.0197643 1.0573597 1.0574761 1.0870926 1.1906215 1.2435122 0.6781135 0.7224681 0.4919412 0.5099313 0.4178274 0.3001386 0.0000000 0.2131441 0.2998752 
taxon18    0.7537137 0.7389254 0.9787406 0.9147032 1.0164574 0.9319774 1.0270416 1.0215632 1.0620375 1.0260558 1.0857926 0.6093780 0.6599487 0.4375806 0.4415197 0.3564632 0.2620782 0.2131441 0.0000000 0.1431835 
taxon19    0.8415326 0.8408290 0.9471263 0.9016303 1.0912198 0.9927762 1.0528139 1.0549501 1.1343773 1.0569087 1.1356347 0.6748525 0.7517876 0.5471795 0.4827537 0.4515841 0.3403713 0.2998752 0.1431835 0.0000000 
