20
taxon0     0.0000000 0.0399142 0.0714686 0.0755715 0.0928480 0.0915480 0.0547632 0.1186171 0.0651006 0.0974026 0.1014675 0.0915215 0.0860053 0.2319149 0.2666064 0.2891203 0.2561697 0.2856190 0.2993919 0.2901096 
taxon1     0.0399142 0.0000000 0.0754868 0.0860331 0.0823874 0.0916461 0.0545931 0.1148862 0.0600410 0.0922260 0.1084142 0.0863769 0.0808864 0.2546214 0.2829108 0.3072530 0.2735741 0.2729765 0.3046158 0.2779179 
taxon2     0.0714686 0.0754868 0.0000000 0.0293496 0.0397668 0.0392025 0.0658141 0.1438927 0.0762632 0.1029358 0.1308922 0.1021387 0.0862144 0.2589370 0.2774989 0.3022981 0.2757942 0.2941047 0.2897533 0.2996523 
taxon3     0.0755715 0.0860331 0.0293496 0.0000000 0.0294721 0.0290543 0.0699548 0.1528340 0.0907207 0.1068297 0.1294078 0.1170459 0.1064342 0.2489688 0.2753856 0.2981715 0.2654074 0.2948108 0.2727068 0.2806075 
taxon4     0.0928480 0.0823874 0.0397668 0.0294721 0.0000000 0.0294239 0.0869786 0.1612895 0.0977570 0.1018198 0.1424706 0.1185317 0.1077950 0.2727861 0.2915535 0.3054370 0.2769457 0.2939511 0.2715370 0.2879805 
taxon5     0.0915480 0.0916461 0.0392025 0.0290543 0.0294239 0.0000000 0.0857630 0.1426347 0.1068553 0.1022398 0.1298720 0.1274572 0.1167860 0.2568760 0.2628202 0.2808617 0.2481817 0.2772782 0.2556619 0.2716626 
taxon6     0.0547632 0.0545931 0.0658141 0.0699548 0.0869786 0.0857630 0.0000000 0.1083720 0.0442919 0.0904711 0.0912218 0.0904679 0.0748510 0.2470692 0.2607741 0.2905042 0.2573631 0.2729806 0.2872916 0.2811534 
taxon7     0.1186171 0.1148862 0.1438927 0.1528340 0.1612895 0.1426347 0.1083720 0.0000000 0.0909253 0.1363129 0.1442939 0.1346821 0.1299950 0.2932159 0.3155957 0.3317873 0.3047324 0.3211923 0.3359597 0.3473243 
taxon8     0.0651006 0.0600410 0.0762632 0.0907207 0.0977570 0.1068553 0.0442919 0.0909253 0.0000000 0.0545990 0.0744285 0.0545820 0.0394213 0.2659587 0.2942912 0.3101685 0.2834727 0.2864469 0.3144101 0.2945237 
taxon9     0.0974026 0.0922260 0.1029358 0.1068297 0.1018198 0.1022398 0.0904711 0.1363129 0.0545990 0.0000000 0.0705268 0.0544005 0.0443345 0.2958327 0.3300586 0.3253036 0.2983839 0.3014958 0.3016450 0.3094858 
taxon10    0.1014675 0.1084142 0.1308922 0.1294078 0.1424706 0.1298720 0.0912218 0.1442939 0.0744285 0.0705268 0.0000000 0.0645626 0.0593054 0.2989831 0.3082558 0.3357710 0.3019983 0.3051289 0.3046629 0.3238973 
taxon11    0.0915215 0.0863769 0.1021387 0.1170459 0.1185317 0.1274572 0.0904679 0.1346821 0.0545820 0.0544005 0.0645626 0.0000000 0.0143169 0.3132290 0.3269695 0.3568908 0.3296247 0.3330059 0.3318414 0.3338011 
taxon12    0.0860053 0.0808864 0.0862144 0.1064342 0.1077950 0.1167860 0.0748510 0.1299950 0.0394213 0.0443345 0.0593054 0.0143169 0.0000000 0.2930629 0.3191288 0.3360548 0.3090676 0.3122663 0.3165755 0.3201675 
taxon13    0.2319149 0.2546214 0.2589370 0.2489688 0.2727861 0.2568760 0.2470692 0.2932159 0.2659587 0.2958327 0.2989831 0.3132290 0.2930629 0.0000000 0.0397815 0.0715560 0.0400862 0.0611472 0.1107876 0.0717767 
taxon14    0.2666064 0.2829108 0.2774989 0.2753856 0.2915535 0.2628202 0.2607741 0.3155957 0.2942912 0.3300586 0.3082558 0.3269695 0.3191288 0.0397815 0.0000000 0.0823381 0.0504341 0.0670603 0.1054285 0.0724549 
taxon15    0.2891203 0.3072530 0.3022981 0.2981715 0.3054370 0.2808617 0.2905042 0.3317873 0.3101685 0.3253036 0.3357710 0.3568908 0.3360548 0.0715560 0.0823381 0.0000000 0.0402015 0.0613378 0.1045108 0.0720085 
taxon16    0.2561697 0.2735741 0.2757942 0.2654074 0.2769457 0.2481817 0.2573631 0.3047324 0.2834727 0.2983839 0.3019983 0.3296247 0.3090676 0.0400862 0.0504341 0.0402015 0.0000000 0.0300593 0.0778022 0.0403368 
taxon17    0.2856190 0.2729765 0.2941047 0.2948108 0.2939511 0.2772782 0.2729806 0.3211923 0.2864469 0.3014958 0.3051289 0.3330059 0.3122663 0.0611472 0.0670603 0.0613378 0.0300593 0.0000000 0.0786222 0.0356201 
taxon18    0.2993919 0.3046158 0.2897533 0.2727068 0.2715370 0.2556619 0.2872916 0.3359597 0.3144101 0.3016450 0.3046629 0.3318414 0.3165755 0.1107876 0.1054285 0.1045108 0.0778022 0.0786222 0.0000000 0.0779555 
taxon19    0.2901096 0.2779179 0.2996523 0.2806075 0.2879805 0.2716626 0.2811534 0.3473243 0.2945237 0.3094858 0.3238973 0.3338011 0.3201675 0.0717767 0.0724549 0.0720085 0.0403368 0.0356201 0.0779555 0.0000000 
