19
taxon0     0.0000000 0.0329844 0.0139040 0.0232579 0.0280707 0.0428830 0.0329232 0.0232434 0.0279699 0.0185202 0.0186644 0.0138895 0.0185461 0.0185461 0.0232190 0.0232190 0.2567481 0.2377873 0.2432464 
taxon1     0.0329844 0.0000000 0.0282211 0.0425521 0.0475567 0.0629502 0.0525807 0.0425248 0.0473830 0.0424339 0.0427676 0.0377206 0.0424945 0.0424945 0.0376985 0.0376985 0.2717134 0.2523567 0.2579011 
taxon2     0.0139040 0.0282211 0.0000000 0.0139125 0.0186568 0.0332577 0.0234474 0.0232384 0.0185909 0.0231898 0.0233712 0.0185520 0.0232223 0.0232223 0.0185414 0.0185414 0.2448236 0.2260414 0.2314726 
taxon3     0.0232579 0.0425521 0.0139125 0.0000000 0.0139339 0.0283880 0.0186800 0.0185131 0.0138841 0.0231816 0.0233629 0.0185454 0.0232141 0.0232141 0.0232058 0.0232058 0.2502129 0.2313926 0.2368241 
taxon4     0.0280707 0.0475567 0.0186568 0.0139339 0.0000000 0.0333102 0.0234839 0.0232742 0.0186195 0.0279780 0.0281975 0.0233151 0.0280175 0.0280175 0.0280073 0.0280073 0.2574814 0.2384632 0.2439375 
taxon5     0.0428830 0.0629502 0.0332577 0.0283880 0.0333102 0.0000000 0.0093319 0.0188425 0.0141337 0.0427390 0.0430772 0.0379945 0.0428004 0.0428004 0.0331909 0.0331909 0.2624287 0.2434134 0.2488774 
taxon6     0.0329232 0.0525807 0.0234474 0.0186800 0.0234839 0.0093319 0.0000000 0.0092987 0.0046497 0.0328139 0.0330719 0.0281280 0.0328604 0.0328604 0.0234012 0.0234012 0.2640338 0.2449149 0.2504059 
taxon7     0.0232434 0.0425248 0.0232384 0.0185131 0.0232742 0.0188425 0.0092987 0.0000000 0.0046072 0.0231671 0.0233483 0.0185339 0.0231996 0.0231996 0.0138760 0.0138760 0.2618866 0.2429084 0.2483627 
taxon8     0.0279699 0.0473830 0.0185909 0.0138841 0.0186195 0.0141337 0.0046497 0.0046072 0.0000000 0.0278778 0.0280958 0.0232317 0.0279170 0.0279170 0.0185538 0.0185538 0.2563845 0.2374564 0.2429069 
taxon9     0.0185202 0.0424339 0.0231898 0.0231816 0.0279780 0.0427390 0.0328139 0.0231671 0.0278778 0.0000000 0.0092530 0.0045906 0.0091938 0.0091938 0.0138131 0.0138131 0.2620680 0.2430744 0.2485328 
taxon10    0.0186644 0.0427676 0.0233712 0.0233629 0.0281975 0.0430772 0.0330719 0.0233483 0.0280958 0.0092530 0.0000000 0.0046267 0.0092660 0.0092660 0.0139203 0.0139203 0.2642301 0.2450774 0.2505775 
taxon11    0.0138895 0.0377206 0.0185520 0.0185454 0.0233151 0.0379945 0.0281280 0.0185339 0.0232317 0.0045906 0.0046267 0.0000000 0.0045970 0.0045970 0.0092082 0.0092082 0.2565620 0.2376186 0.2430731 
taxon12    0.0185461 0.0424945 0.0232223 0.0232141 0.0280175 0.0428004 0.0328604 0.0231996 0.0279170 0.0091938 0.0092660 0.0045970 0.0000000 0.0000010 0.0138323 0.0138323 0.2625090 0.2434794 0.2489473 
taxon13    0.0185461 0.0424945 0.0232223 0.0232141 0.0280175 0.0428004 0.0328604 0.0231996 0.0279170 0.0091938 0.0092660 0.0045970 0.0000010 0.0000000 0.0138323 0.0138323 0.2625090 0.2434794 0.2489473 
taxon15    0.0232190 0.0376985 0.0185414 0.0232058 0.0280073 0.0331909 0.0234012 0.0138760 0.0185538 0.0138131 0.0139203 0.0092082 0.0138323 0.0138323 0.0000000 0.0000010 0.2623959 0.2433755 0.2488409 
taxon16    0.0232190 0.0376985 0.0185414 0.0232058 0.0280073 0.0331909 0.0234012 0.0138760 0.0185538 0.0138131 0.0139203 0.0092082 0.0138323 0.0138323 0.0000010 0.0000000 0.2623959 0.2433755 0.2488409 
taxon17    0.2567481 0.2717134 0.2448236 0.2502129 0.2574814 0.2624287 0.2640338 0.2618866 0.2563845 0.2620680 0.2642301 0.2565620 0.2625090 0.2625090 0.2623959 0.2623959 0.0000000 0.0189179 0.0188948 
taxon18    0.2377873 0.2523567 0.2260414 0.2313926 0.2384632 0.2434134 0.2449149 0.2429084 0.2374564 0.2430744 0.2450774 0.2376186 0.2434794 0.2434794 0.2433755 0.2433755 0.0189179 0.0000000 0.0236188 
taxon19    0.2432464 0.2579011 0.2314726 0.2368241 0.2439375 0.2488774 0.2504059 0.2483627 0.2429069 0.2485328 0.2505775 0.2430731 0.2489473 0.2489473 0.2488409 0.2488409 0.0188948 0.0236188 0.0000000 
