20
taxon0     0.0000000 0.0582444 0.1681118 0.0895616 0.1780256 0.2060655 0.2077904 0.1806247 0.2014218 0.2249767 0.2378428 0.2222390 0.2659028 0.2412053 0.1973398 0.1859946 0.3161655 0.3184976 0.3157285 0.3243665 
taxon1     0.0582444 0.0000000 0.1598443 0.0876176 0.1656703 0.2023333 0.2040356 0.1817681 0.2057685 0.2188658 0.2388747 0.2221814 0.2610149 0.2431792 0.1850993 0.1784596 0.2988221 0.2987860 0.2982468 0.3137746 
taxon2     0.1681118 0.1598443 0.0000000 0.1074488 0.2185311 0.2269426 0.2388142 0.2185626 0.2257162 0.2564441 0.2716104 0.2368663 0.2915260 0.2708549 0.2397900 0.2252445 0.2914695 0.2724330 0.2903565 0.3140780 
taxon3     0.0895616 0.0876176 0.1074488 0.0000000 0.1859573 0.2053104 0.1980249 0.1785595 0.1977751 0.2193265 0.2451527 0.2135126 0.2801101 0.2484655 0.1994493 0.1983738 0.3159638 0.3075166 0.3152665 0.3240439 
taxon4     0.1780256 0.1656703 0.2185311 0.1859573 0.0000000 0.0580431 0.0528692 0.1094855 0.1264235 0.1438405 0.1755181 0.1399034 0.2210417 0.2191565 0.1782924 0.1174555 0.3380711 0.3310437 0.3016909 0.3200578 
taxon5     0.2060655 0.2023333 0.2269426 0.2053104 0.0580431 0.0000000 0.0584432 0.1268651 0.1347709 0.1506513 0.1974626 0.1593539 0.2215766 0.2257992 0.1902758 0.1418567 0.3418472 0.3347989 0.3209510 0.3333953 
taxon6     0.2077904 0.2040356 0.2388142 0.1980249 0.0528692 0.0584432 0.0000000 0.1277240 0.1348874 0.1403255 0.2029149 0.1661573 0.2241826 0.2224593 0.1800771 0.1543374 0.3311595 0.3234636 0.3106004 0.3228307 
taxon7     0.1806247 0.1817681 0.2185626 0.1785595 0.1094855 0.1268651 0.1277240 0.0000000 0.0567330 0.1016786 0.1318849 0.0920145 0.2053502 0.1982745 0.1591390 0.1410052 0.2907999 0.2840333 0.2793754 0.2820626 
taxon8     0.2014218 0.2057685 0.2257162 0.1977751 0.1264235 0.1347709 0.1348874 0.0567330 0.0000000 0.0965120 0.1345805 0.1072342 0.2132219 0.2077056 0.1703910 0.1567454 0.3065774 0.3064620 0.3038402 0.3159830 
taxon9     0.2249767 0.2188658 0.2564441 0.2193265 0.1438405 0.1506513 0.1403255 0.1016786 0.0965120 0.0000000 0.1089633 0.0898246 0.2273127 0.2090791 0.1776334 0.1772928 0.3079964 0.3067888 0.3082141 0.3068476 
taxon10    0.2378428 0.2388747 0.2716104 0.2451527 0.1755181 0.1974626 0.2029149 0.1318849 0.1345805 0.1089633 0.0000000 0.0688827 0.2885140 0.2468288 0.2342897 0.2054875 0.3364120 0.3475153 0.3399514 0.3383303 
taxon11    0.2222390 0.2221814 0.2368663 0.2135126 0.1399034 0.1593539 0.1661573 0.0920145 0.1072342 0.0898246 0.0688827 0.0000000 0.2458546 0.2204454 0.2042716 0.1665478 0.3189742 0.3185363 0.3225450 0.3166109 
taxon12    0.2659028 0.2610149 0.2915260 0.2801101 0.2210417 0.2215766 0.2241826 0.2053502 0.2132219 0.2273127 0.2885140 0.2458546 0.0000000 0.1535674 0.1065241 0.1628794 0.3361983 0.3427698 0.3434843 0.3679438 
taxon13    0.2412053 0.2431792 0.2708549 0.2484655 0.2191565 0.2257992 0.2224593 0.1982745 0.2077056 0.2090791 0.2468288 0.2204454 0.1535674 0.0000000 0.0736622 0.1424588 0.3084024 0.3354972 0.2919461 0.3220221 
taxon14    0.1973398 0.1850993 0.2397900 0.1994493 0.1782924 0.1902758 0.1800771 0.1591390 0.1703910 0.1776334 0.2342897 0.2042716 0.1065241 0.0736622 0.0000000 0.1073223 0.2997813 0.3098856 0.2778145 0.3071695 
taxon15    0.1859946 0.1784596 0.2252445 0.1983738 0.1174555 0.1418567 0.1543374 0.1410052 0.1567454 0.1772928 0.2054875 0.1665478 0.1628794 0.1424588 0.1073223 0.0000000 0.3300057 0.3207591 0.2815478 0.3071322 
taxon16    0.3161655 0.2988221 0.2914695 0.3159638 0.3380711 0.3418472 0.3311595 0.2907999 0.3065774 0.3079964 0.3364120 0.3189742 0.3361983 0.3084024 0.2997813 0.3300057 0.0000000 0.0418444 0.0531026 0.0647832 
taxon17    0.3184976 0.2987860 0.2724330 0.3075166 0.3310437 0.3347989 0.3234636 0.2840333 0.3064620 0.3067888 0.3475153 0.3185363 0.3427698 0.3354972 0.3098856 0.3207591 0.0418444 0.0000000 0.0754647 0.0876767 
taxon18    0.3157285 0.2982468 0.2903565 0.3152665 0.3016909 0.3209510 0.3106004 0.2793754 0.3038402 0.3082141 0.3399514 0.3225450 0.3434843 0.2919461 0.2778145 0.2815478 0.0531026 0.0754647 0.0000000 0.0309518 
taxon19    0.3243665 0.3137746 0.3140780 0.3240439 0.3200578 0.3333953 0.3228307 0.2820626 0.3159830 0.3068476 0.3383303 0.3166109 0.3679438 0.3220221 0.3071695 0.3071322 0.0647832 0.0876767 0.0309518 0.0000000 
