20
taxon0     0.0000000 0.0393125 0.0554571 0.0292289 0.0341701 0.3224084 0.3146090 0.2798958 0.2780174 0.2815309 0.2723433 0.3005467 0.3086663 0.2870694 0.2963426 0.2896625 0.2635058 0.2700065 0.3076534 0.2838244 
taxon1     0.0393125 0.0000000 0.0608255 0.0447409 0.0498131 0.3224836 0.3006083 0.2798681 0.3035082 0.3072299 0.2978416 0.3140814 0.3223185 0.3002855 0.2963130 0.2896336 0.2761145 0.2826724 0.2936491 0.2701780 
taxon2     0.0554571 0.0608255 0.0000000 0.0505148 0.0453145 0.3050783 0.3029545 0.2687932 0.2921696 0.2820016 0.2865505 0.2881770 0.2961027 0.2751350 0.2848883 0.2783180 0.2651863 0.2582210 0.2961148 0.2593079 
taxon3     0.0292289 0.0447409 0.0505148 0.0000000 0.0145200 0.3048702 0.3027244 0.2681806 0.2936414 0.2973094 0.2879312 0.3090003 0.3016112 0.2802628 0.2768641 0.2702701 0.2841645 0.2759796 0.3007401 0.2919252 
taxon4     0.0341701 0.0498131 0.0453145 0.0145200 0.0000000 0.3173010 0.3095173 0.2748015 0.3003531 0.2899912 0.2946394 0.3014845 0.2941596 0.2731021 0.2835690 0.2769412 0.2908072 0.2689154 0.3074878 0.2847110 
taxon5     0.3224084 0.3224836 0.3050783 0.3048702 0.3173010 0.0000000 0.0145367 0.0346330 0.0753953 0.0692712 0.0547209 0.0863097 0.0809304 0.0807248 0.0713710 0.0661746 0.0930806 0.0982636 0.0861187 0.0855104 
taxon6     0.3146090 0.3006083 0.3029545 0.3027244 0.3095173 0.0145367 0.0000000 0.0397777 0.0700720 0.0640540 0.0599940 0.0870039 0.0815832 0.0862063 0.0768581 0.0716262 0.0987474 0.1039548 0.0761333 0.0803920 
taxon7     0.2798958 0.2798681 0.2687932 0.2681806 0.2748015 0.0346330 0.0397777 0.0000000 0.0442881 0.0451856 0.0243526 0.0660355 0.0607299 0.0442645 0.0347875 0.0297758 0.0607785 0.0658626 0.0595169 0.0490401 
taxon8     0.2780174 0.3035082 0.2921696 0.2936414 0.3003531 0.0753953 0.0700720 0.0442881 0.0000000 0.0343554 0.0194344 0.0767672 0.0823560 0.0748965 0.0759498 0.0707782 0.0814420 0.0920931 0.0858266 0.0792001 
taxon9     0.2815309 0.3072299 0.2820016 0.2973094 0.2899912 0.0692712 0.0640540 0.0451856 0.0343554 0.0000000 0.0245104 0.0648745 0.0702648 0.0709761 0.0827086 0.0774317 0.0925593 0.0981002 0.0858756 0.0753667 
taxon10    0.2723433 0.2978416 0.2865505 0.2879312 0.2946394 0.0547209 0.0599940 0.0243526 0.0194344 0.0245104 0.0000000 0.0657433 0.0712071 0.0593807 0.0602161 0.0551164 0.0655976 0.0815095 0.0748351 0.0637769 
taxon11    0.3005467 0.3140814 0.2881770 0.3090003 0.3014845 0.0863097 0.0870039 0.0660355 0.0767672 0.0648745 0.0657433 0.0000000 0.0047840 0.0398580 0.0667455 0.0505440 0.0614873 0.0668942 0.0717083 0.0550898 
taxon12    0.3086663 0.3223185 0.2961027 0.3016112 0.2941596 0.0809304 0.0815832 0.0607299 0.0823560 0.0702648 0.0712071 0.0047840 0.0000000 0.0347483 0.0613822 0.0453225 0.0669884 0.0615310 0.0663413 0.0604416 
taxon13    0.2870694 0.3002855 0.2751350 0.2802628 0.2731021 0.0807248 0.0862063 0.0442645 0.0748965 0.0709761 0.0593807 0.0398580 0.0347483 0.0000000 0.0447310 0.0293625 0.0551399 0.0498854 0.0647190 0.0440619 
taxon14    0.2963426 0.2963130 0.2848883 0.2768641 0.2835690 0.0713710 0.0768581 0.0347875 0.0759498 0.0827086 0.0602161 0.0667455 0.0613822 0.0447310 0.0000000 0.0147453 0.0614312 0.0665680 0.0601443 0.0495541 
taxon15    0.2896625 0.2896336 0.2783180 0.2702701 0.2769412 0.0661746 0.0716262 0.0297758 0.0707782 0.0774317 0.0551164 0.0505440 0.0453225 0.0293625 0.0147453 0.0000000 0.0453694 0.0504272 0.0550508 0.0445338 
taxon16    0.2635058 0.2761145 0.2651863 0.2841645 0.2908072 0.0930806 0.0987474 0.0607785 0.0814420 0.0925593 0.0655976 0.0614873 0.0669884 0.0551399 0.0614312 0.0453694 0.0000000 0.0346415 0.0610465 0.0500234 
taxon17    0.2700065 0.2826724 0.2582210 0.2759796 0.2689154 0.0982636 0.1039548 0.0658626 0.0920931 0.0981002 0.0815095 0.0668942 0.0615310 0.0498854 0.0665680 0.0504272 0.0346415 0.0000000 0.0766076 0.0655490 
taxon18    0.3076534 0.2936491 0.2961148 0.3007401 0.3074878 0.0861187 0.0761333 0.0595169 0.0858266 0.0858756 0.0748351 0.0717083 0.0663413 0.0647190 0.0601443 0.0550508 0.0610465 0.0766076 0.0000000 0.0391537 
taxon19    0.2838244 0.2701780 0.2593079 0.2919252 0.2847110 0.0855104 0.0803920 0.0490401 0.0792001 0.0753667 0.0637769 0.0550898 0.0604416 0.0440619 0.0495541 0.0445338 0.0500234 0.0655490 0.0391537 0.0000000 
