20
taxon0     0.0000000 0.0146093 0.0829422 0.0829422 0.0936060 0.1216529 0.1106854 0.0722789 0.0996210 0.0885117 0.1086844 0.0985339 0.1092645 0.0990415 0.1103220 0.1377690 0.1331436 0.2975015 0.2886168 0.2886426 
taxon1     0.0146093 0.0000000 0.0774963 0.0774963 0.0881059 0.1047294 0.1050592 0.0668903 0.0940561 0.0830231 0.1031576 0.0930304 0.1037070 0.0825715 0.1047076 0.1320093 0.1273740 0.2754044 0.2953374 0.2953899 
taxon2     0.0829422 0.0774963 0.0000000 0.0000010 0.0195027 0.0550709 0.0346160 0.0495941 0.0653013 0.0649847 0.0848841 0.0647186 0.0853250 0.0544981 0.0649104 0.1020125 0.0967290 0.2743070 0.2924185 0.3004466 
taxon3     0.0829422 0.0774963 0.0000010 0.0000000 0.0195027 0.0550709 0.0346160 0.0495941 0.0653013 0.0649847 0.0848841 0.0647186 0.0853250 0.0544981 0.0649104 0.1020125 0.0967290 0.2743070 0.2924185 0.3004466 
taxon4     0.0936060 0.0881059 0.0195027 0.0195027 0.0000000 0.0446416 0.0245016 0.0596589 0.0651048 0.0647901 0.0744955 0.0542490 0.0850595 0.0749804 0.0856502 0.1235489 0.1072904 0.2873082 0.3204260 0.3287490 
taxon5     0.1216529 0.1047294 0.0550709 0.0550709 0.0446416 0.0000000 0.0293404 0.0809676 0.0653890 0.0754218 0.0898271 0.0593271 0.0795497 0.0863131 0.0970213 0.1196026 0.1032381 0.2836361 0.3359050 0.3444007 
taxon6     0.1106854 0.1050592 0.0346160 0.0346160 0.0245016 0.0293404 0.0000000 0.0756155 0.0707720 0.0808525 0.0948595 0.0643005 0.0953512 0.0912278 0.1021638 0.1248375 0.1084328 0.2847197 0.3219436 0.3302954 
taxon7     0.0722789 0.0668903 0.0495941 0.0495941 0.0596589 0.0809676 0.0756155 0.0000000 0.0345921 0.0245358 0.0540367 0.0342242 0.0543145 0.0344254 0.0446055 0.0810027 0.0757924 0.2737394 0.2789229 0.2735233 
taxon8     0.0996210 0.0940561 0.0653013 0.0653013 0.0651048 0.0653890 0.0707720 0.0345921 0.0000000 0.0195983 0.0596168 0.0495568 0.0494976 0.0601499 0.0600853 0.0655007 0.0550788 0.3112309 0.3154294 0.3100499 
taxon9     0.0885117 0.0830231 0.0649847 0.0649847 0.0647901 0.0754218 0.0808525 0.0245358 0.0195983 0.0000000 0.0593307 0.0493196 0.0492610 0.0598588 0.0597948 0.0863377 0.0757043 0.3093576 0.3145497 0.3091804 
taxon10    0.1086844 0.1031576 0.0848841 0.0848841 0.0744955 0.0898271 0.0948595 0.0540367 0.0596168 0.0593307 0.0000000 0.0290202 0.0290570 0.0491070 0.0593874 0.0857446 0.0751853 0.2879799 0.3162817 0.3248279 
taxon11    0.0985339 0.0930304 0.0647186 0.0647186 0.0542490 0.0593271 0.0643005 0.0342242 0.0495568 0.0493196 0.0290202 0.0000000 0.0291678 0.0393465 0.0495672 0.0860831 0.0703606 0.2835669 0.3119945 0.3205601 
taxon12    0.1092645 0.1037070 0.0853250 0.0853250 0.0850595 0.0795497 0.0953512 0.0543145 0.0494976 0.0492610 0.0290570 0.0291678 0.0000000 0.0493596 0.0493073 0.0753747 0.0649185 0.2967879 0.3119454 0.3341640 
taxon13    0.0990415 0.0825715 0.0544981 0.0544981 0.0749804 0.0863131 0.0912278 0.0344254 0.0601499 0.0598588 0.0491070 0.0393465 0.0493596 0.0000000 0.0195251 0.0548354 0.0497507 0.2802016 0.2993782 0.3078232 
taxon14    0.1103220 0.1047076 0.0649104 0.0649104 0.0856502 0.0970213 0.1021638 0.0446055 0.0600853 0.0597948 0.0593874 0.0495672 0.0493073 0.0195251 0.0000000 0.0345270 0.0295343 0.3039433 0.3084052 0.3170023 
taxon15    0.1377690 0.1320093 0.1020125 0.1020125 0.1235489 0.1196026 0.1248375 0.0810027 0.0655007 0.0863377 0.0857446 0.0860831 0.0753747 0.0548354 0.0345270 0.0000000 0.0195369 0.3290266 0.3056650 0.3141678 
taxon16    0.1331436 0.1273740 0.0967290 0.0967290 0.1072904 0.1032381 0.1084328 0.0757924 0.0550788 0.0757043 0.0751853 0.0703606 0.0649185 0.0497507 0.0295343 0.0195369 0.0000000 0.3393257 0.3155530 0.3242341 
taxon17    0.2975015 0.2754044 0.2743070 0.2743070 0.2873082 0.2836361 0.2847197 0.2737394 0.3112309 0.3093576 0.2879799 0.2835669 0.2967879 0.2802016 0.3039433 0.3290266 0.3393257 0.0000000 0.0552451 0.0501716 
taxon18    0.2886168 0.2953374 0.2924185 0.2924185 0.3204260 0.3359050 0.3219436 0.2789229 0.3154294 0.3145497 0.3162817 0.3119945 0.3119454 0.2993782 0.3084052 0.3056650 0.3155530 0.0552451 0.0000000 0.0247015 
taxon19    0.2886426 0.2953899 0.3004466 0.3004466 0.3287490 0.3444007 0.3302954 0.2735233 0.3100499 0.3091804 0.3248279 0.3205601 0.3341640 0.3078232 0.3170023 0.3141678 0.3242341 0.0501716 0.0247015 0.0000000 
