20
taxon0     0.0000000 0.0321163 0.0486347 0.0376525 0.0437951 0.0320012 0.0263203 0.0374431 0.0371182 0.0369687 0.2149483 0.2232800 0.2266066 0.2501401 0.2189638 0.2251827 0.2192088 0.2269580 0.2202177 0.2202177 
taxon1     0.0321163 0.0000000 0.0490958 0.0493857 0.0436777 0.0319111 0.0375896 0.0373408 0.0376695 0.0484827 0.2148301 0.2231761 0.2434957 0.2500911 0.2496220 0.2560219 0.2499117 0.2438744 0.2369659 0.2369659 
taxon2     0.0486347 0.0490958 0.0000000 0.0104981 0.0267911 0.0325714 0.0267860 0.0381087 0.0377730 0.0376184 0.2266007 0.2352031 0.2340742 0.2582997 0.2446715 0.2510950 0.2449562 0.2388916 0.2319672 0.2319672 
taxon3     0.0376525 0.0493857 0.0104981 0.0000000 0.0160024 0.0216179 0.0159982 0.0270990 0.0268558 0.0267465 0.2130786 0.2215395 0.2204923 0.2443449 0.2310596 0.2374380 0.2313257 0.2252903 0.2184411 0.2184411 
taxon4     0.0437951 0.0436777 0.0267911 0.0160024 0.0000000 0.0214887 0.0271248 0.0269387 0.0382456 0.0380872 0.2191080 0.2276214 0.2438221 0.2505304 0.2545241 0.2610280 0.2548247 0.2486931 0.2416610 0.2416610 
taxon5     0.0320012 0.0319111 0.0325714 0.0216179 0.0214887 0.0000000 0.0052517 0.0052147 0.0158662 0.0158026 0.1954963 0.2036521 0.2192797 0.2257640 0.2297971 0.2361431 0.2300603 0.2240545 0.2172428 0.2172428 
taxon6     0.0263203 0.0375896 0.0267860 0.0159982 0.0271248 0.0052517 0.0000000 0.0105331 0.0104379 0.0103966 0.2032344 0.2114980 0.2105216 0.2338423 0.2209556 0.2272330 0.2212053 0.2152558 0.2085359 0.2085359 
taxon7     0.0374431 0.0373408 0.0381087 0.0270990 0.0269387 0.0052147 0.0105331 0.0000000 0.0105432 0.0105010 0.2022172 0.2104517 0.2261998 0.2327293 0.2367408 0.2431153 0.2370137 0.2309879 0.2241322 0.2241322 
taxon8     0.0371182 0.0376695 0.0377730 0.0268558 0.0382456 0.0158662 0.0104379 0.0105432 0.0000000 0.0104064 0.2172225 0.2256623 0.2245985 0.2483886 0.2350969 0.2414432 0.2353665 0.2293663 0.2225454 0.2225454 
taxon9     0.0369687 0.0484827 0.0376184 0.0267465 0.0380872 0.0158026 0.0103966 0.0105010 0.0104064 0.0000000 0.2029086 0.2111577 0.2101846 0.2334652 0.2339956 0.2403109 0.2342625 0.2282906 0.2215049 0.2215049 
taxon10    0.2149483 0.2148301 0.2266007 0.2130786 0.2191080 0.1954963 0.2032344 0.2022172 0.2172225 0.2029086 0.0000000 0.0263089 0.0210579 0.0369369 0.0585078 0.0638766 0.0694144 0.0317812 0.0264141 0.0264141 
taxon11    0.2232800 0.2231761 0.2352031 0.2215395 0.2276214 0.2036521 0.2114980 0.2104517 0.2256623 0.2111577 0.0263089 0.0000000 0.0372008 0.0424847 0.0645592 0.0699871 0.0755995 0.0481170 0.0426603 0.0426603 
taxon12    0.2266066 0.2434957 0.2340742 0.2204923 0.2438221 0.2192797 0.2105216 0.2261998 0.2245985 0.2101846 0.0210579 0.0372008 0.0000000 0.0263619 0.0689004 0.0742649 0.0798232 0.0313899 0.0260871 0.0260871 
taxon13    0.2501401 0.2500911 0.2582997 0.2443449 0.2505304 0.2257640 0.2338423 0.2327293 0.2483886 0.2334652 0.0369369 0.0424847 0.0263619 0.0000000 0.0866412 0.0808093 0.0864686 0.0589982 0.0534895 0.0534895 
taxon14    0.2189638 0.2496220 0.2446715 0.2310596 0.2545241 0.2297971 0.2209556 0.2367408 0.2350969 0.2339956 0.0585078 0.0645592 0.0689004 0.0866412 0.0000000 0.0154576 0.0206724 0.0364522 0.0418217 0.0418217 
taxon15    0.2251827 0.2560219 0.2510950 0.2374380 0.2610280 0.2361431 0.2272330 0.2431153 0.2414432 0.2403109 0.0638766 0.0699871 0.0742649 0.0808093 0.0154576 0.0000000 0.0051273 0.0524629 0.0470880 0.0470880 
taxon16    0.2192088 0.2499117 0.2449562 0.2313257 0.2548247 0.2300603 0.2212053 0.2370137 0.2353665 0.2342625 0.0694144 0.0755995 0.0798232 0.0864686 0.0206724 0.0051273 0.0000000 0.0578886 0.0524819 0.0524819 
taxon17    0.2269580 0.2438744 0.2388916 0.2252903 0.2486931 0.2240545 0.2152558 0.2309879 0.2293663 0.2282906 0.0317812 0.0481170 0.0313899 0.0589982 0.0364522 0.0524629 0.0578886 0.0000000 0.0051624 0.0051624 
taxon18    0.2202177 0.2369659 0.2319672 0.2184411 0.2416610 0.2172428 0.2085359 0.2241322 0.2225454 0.2215049 0.0264141 0.0426603 0.0260871 0.0534895 0.0418217 0.0470880 0.0524819 0.0051624 0.0000000 0.0000010 
taxon19    0.2202177 0.2369659 0.2319672 0.2184411 0.2416610 0.2172428 0.2085359 0.2241322 0.2225454 0.2215049 0.0264141 0.0426603 0.0260871 0.0534895 0.0418217 0.0470880 0.0524819 0.0051624 0.0000010 0.0000000 
