20
taxon0     0.0000000 0.2968243 0.3422138 0.3431649 0.4120300 0.3165951 0.6976671 0.7701458 0.7385565 0.8832635 0.7127224 0.8056472 0.9645053 0.8459246 0.9718941 0.9480487 0.7962136 0.8120238 0.8325571 0.8673141 
taxon1     0.2968243 0.0000000 0.1971359 0.1636495 0.4538175 0.3321674 0.6933160 0.7765609 0.7365136 0.8893169 0.7187568 0.8119476 0.9405226 0.8039539 0.8956784 0.9218133 0.8321474 0.8328283 0.7769888 0.8490186 
taxon2     0.3422138 0.1971359 0.0000000 0.1945993 0.4899068 0.3948816 0.7708140 0.7869142 0.7854118 0.9271536 0.7510196 0.7933547 0.9194276 0.8334353 0.9429770 0.9319552 0.8192335 0.7972686 0.7963969 0.8346788 
taxon3     0.3431649 0.1636495 0.1945993 0.0000000 0.4615188 0.4006082 0.7208981 0.7629735 0.7207980 0.8729253 0.7014823 0.8030677 0.9337873 0.8236250 0.9760608 0.9777714 0.8224532 0.8381818 0.7797579 0.8211484 
taxon4     0.4120300 0.4538175 0.4899068 0.4615188 0.0000000 0.1729214 0.6727767 0.7427524 0.7240403 0.8535589 0.6670005 0.7163524 0.8405566 0.7297874 0.8419026 0.8989100 0.7318362 0.7276668 0.7582249 0.7664346 
taxon5     0.3165951 0.3321674 0.3948816 0.4006082 0.1729214 0.0000000 0.6728651 0.7599267 0.7062532 0.8397918 0.6544589 0.7442618 0.8857950 0.7447409 0.8756863 0.9107287 0.6779188 0.6649115 0.7344435 0.7690460 
taxon6     0.6976671 0.6933160 0.7708140 0.7208981 0.6727767 0.6728651 0.0000000 0.4680829 0.4762491 0.6673881 0.5302456 0.5860846 0.7060629 0.6389970 0.8016286 0.7756300 0.5856547 0.6014391 0.5970189 0.6902102 
taxon7     0.7701458 0.7765609 0.7869142 0.7629735 0.7427524 0.7599267 0.4680829 0.0000000 0.3728407 0.4656797 0.3742988 0.6731525 0.7452514 0.7510048 0.8879076 0.8203878 0.6742545 0.6841150 0.7337173 0.7514160 
taxon8     0.7385565 0.7365136 0.7854118 0.7207980 0.7240403 0.7062532 0.4762491 0.3728407 0.0000000 0.2699001 0.1387171 0.7751422 0.8226520 0.8212167 0.9665490 0.9026651 0.7531375 0.7080381 0.6849391 0.7911734 
taxon9     0.8832635 0.8893169 0.9271536 0.8729253 0.8535589 0.8397918 0.6673881 0.4656797 0.2699001 0.0000000 0.2104583 0.7810324 0.8433074 0.8297583 1.0147473 0.9729096 0.8575561 0.7715455 0.7823828 0.8768137 
taxon10    0.7127224 0.7187568 0.7510196 0.7014823 0.6670005 0.6544589 0.5302456 0.3742988 0.1387171 0.2104583 0.0000000 0.7602459 0.8172975 0.8064846 0.9557382 0.9238035 0.7311689 0.6845071 0.6952563 0.7633660 
taxon11    0.8056472 0.8119476 0.7933547 0.8030677 0.7163524 0.7442618 0.5860846 0.6731525 0.7751422 0.7810324 0.7602459 0.0000000 0.4245292 0.4650189 0.5974299 0.5447999 0.4509215 0.5159202 0.4800154 0.5324318 
taxon12    0.9645053 0.9405226 0.9194276 0.9337873 0.8405566 0.8857950 0.7060629 0.7452514 0.8226520 0.8433074 0.8172975 0.4245292 0.0000000 0.3595890 0.4416464 0.4378975 0.6190441 0.5937233 0.6383087 0.6649928 
taxon13    0.8459246 0.8039539 0.8334353 0.8236250 0.7297874 0.7447409 0.6389970 0.7510048 0.8212167 0.8297583 0.8064846 0.4650189 0.3595890 0.0000000 0.4342569 0.3876670 0.5670253 0.5775921 0.6025438 0.6449349 
taxon14    0.9718941 0.8956784 0.9429770 0.9760608 0.8419026 0.8756863 0.8016286 0.8879076 0.9665490 1.0147473 0.9557382 0.5974299 0.4416464 0.4342569 0.0000000 0.2536792 0.7062458 0.7160710 0.7284349 0.7350267 
taxon15    0.9480487 0.9218133 0.9319552 0.9777714 0.8989100 0.9107287 0.7756300 0.8203878 0.9026651 0.9729096 0.9238035 0.5447999 0.4378975 0.3876670 0.2536792 0.0000000 0.6824389 0.6747017 0.6591908 0.6895577 
taxon16    0.7962136 0.8321474 0.8192335 0.8224532 0.7318362 0.6779188 0.5856547 0.6742545 0.7531375 0.8575561 0.7311689 0.4509215 0.6190441 0.5670253 0.7062458 0.6824389 0.0000000 0.2563205 0.4428521 0.5071787 
taxon17    0.8120238 0.8328283 0.7972686 0.8381818 0.7276668 0.6649115 0.6014391 0.6841150 0.7080381 0.7715455 0.6845071 0.5159202 0.5937233 0.5775921 0.7160710 0.6747017 0.2563205 0.0000000 0.5042471 0.5507159 
taxon18    0.8325571 0.7769888 0.7963969 0.7797579 0.7582249 0.7344435 0.5970189 0.7337173 0.6849391 0.7823828 0.6952563 0.4800154 0.6383087 0.6025438 0.7284349 0.6591908 0.4428521 0.5042471 0.0000000 0.1401691 
taxon19    0.8673141 0.8490186 0.8346788 0.8211484 0.7664346 0.7690460 0.6902102 0.7514160 0.7911734 0.8768137 0.7633660 0.5324318 0.6649928 0.6449349 0.7350267 0.6895577 0.5071787 0.5507159 0.1401691 0.0000000 
