20
taxon0     0.0000000 0.1497008 0.1183373 0.2927789 0.2666563 0.4538096 0.4282463 0.5121912 0.5112985 0.4648048 0.4987779 0.4835600 0.4266664 0.4061922 0.4613327 0.4921249 0.4194385 0.4686697 0.4505482 0.4702487 
taxon1     0.1497008 0.0000000 0.0787503 0.3747673 0.3419967 0.5259264 0.5675383 0.5678383 0.5908818 0.5474848 0.5882299 0.5776080 0.5101518 0.4605487 0.5488462 0.5747989 0.5134965 0.5267244 0.5330851 0.5235477 
taxon2     0.1183373 0.0787503 0.0000000 0.3605572 0.3202007 0.5136843 0.5400979 0.5426444 0.5788491 0.5315119 0.5809000 0.5554060 0.5047823 0.4582244 0.5408656 0.5392983 0.4574407 0.5014693 0.4996244 0.4945314 
taxon3     0.2927789 0.3747673 0.3605572 0.0000000 0.1465538 0.4883347 0.4570975 0.5233907 0.5220259 0.4988613 0.4935517 0.5327303 0.4924336 0.5044766 0.5419983 0.5282498 0.4907691 0.5010955 0.5231327 0.5373112 
taxon4     0.2666563 0.3419967 0.3202007 0.1465538 0.0000000 0.4746334 0.5081423 0.5208076 0.5301818 0.5029412 0.4901460 0.4905725 0.4367868 0.4707322 0.5214714 0.5487355 0.4775461 0.5074144 0.5165483 0.5284438 
taxon5     0.4538096 0.5259264 0.5136843 0.4883347 0.4746334 0.0000000 0.2085377 0.3051647 0.2730369 0.2300333 0.2617536 0.4443483 0.3818072 0.4226972 0.4542547 0.4250278 0.4018916 0.4394080 0.4021496 0.4407939 
taxon6     0.4282463 0.5675383 0.5400979 0.4570975 0.5081423 0.2085377 0.0000000 0.2736962 0.2611008 0.2192353 0.2370837 0.4357512 0.3680982 0.4187663 0.4523289 0.3844108 0.3829705 0.3890962 0.3940019 0.4409376 
taxon7     0.5121912 0.5678383 0.5426444 0.5233907 0.5208076 0.3051647 0.2736962 0.0000000 0.1183948 0.1962969 0.2063756 0.5211146 0.4690124 0.4517954 0.4996145 0.4112246 0.4369564 0.4305315 0.4088567 0.4508144 
taxon8     0.5112985 0.5908818 0.5788491 0.5220259 0.5301818 0.2730369 0.2611008 0.1183948 0.0000000 0.1899750 0.2074993 0.4823074 0.4275742 0.4441514 0.4623284 0.4071270 0.4130673 0.4166438 0.3942258 0.4227797 
taxon9     0.4648048 0.5474848 0.5315119 0.4988613 0.5029412 0.2300333 0.2192353 0.1962969 0.1899750 0.0000000 0.1149932 0.4055469 0.3747202 0.4212030 0.4625306 0.3712444 0.3463274 0.4028930 0.3800585 0.4085124 
taxon10    0.4987779 0.5882299 0.5809000 0.4935517 0.4901460 0.2617536 0.2370837 0.2063756 0.2074993 0.1149932 0.0000000 0.4723064 0.4148227 0.4584372 0.5093238 0.4070209 0.4013414 0.4691131 0.4351383 0.4733331 
taxon11    0.4835600 0.5776080 0.5554060 0.5327303 0.4905725 0.4443483 0.4357512 0.5211146 0.4823074 0.4055469 0.4723064 0.0000000 0.1606622 0.2161487 0.2401853 0.2879842 0.2846184 0.3017002 0.3083973 0.3813263 
taxon12    0.4266664 0.5101518 0.5047823 0.4924336 0.4367868 0.3818072 0.3680982 0.4690124 0.4275742 0.3747202 0.4148227 0.1606622 0.0000000 0.1922116 0.2017354 0.3139461 0.3020898 0.3152586 0.3181054 0.3577619 
taxon13    0.4061922 0.4605487 0.4582244 0.5044766 0.4707322 0.4226972 0.4187663 0.4517954 0.4441514 0.4212030 0.4584372 0.2161487 0.1922116 0.0000000 0.1179374 0.2581331 0.2691937 0.2743017 0.2909187 0.3171144 
taxon14    0.4613327 0.5488462 0.5408656 0.5419983 0.5214714 0.4542547 0.4523289 0.4996145 0.4623284 0.4625306 0.5093238 0.2401853 0.2017354 0.1179374 0.0000000 0.3119471 0.2956393 0.3018787 0.3145370 0.3578384 
taxon15    0.4921249 0.5747989 0.5392983 0.5282498 0.5487355 0.4250278 0.3844108 0.4112246 0.4071270 0.3712444 0.4070209 0.2879842 0.3139461 0.2581331 0.3119471 0.0000000 0.1849487 0.2234598 0.2491410 0.2954987 
taxon16    0.4194385 0.5134965 0.4574407 0.4907691 0.4775461 0.4018916 0.3829705 0.4369564 0.4130673 0.3463274 0.4013414 0.2846184 0.3020898 0.2691937 0.2956393 0.1849487 0.0000000 0.1648997 0.2033156 0.2129018 
taxon17    0.4686697 0.5267244 0.5014693 0.5010955 0.5074144 0.4394080 0.3890962 0.4305315 0.4166438 0.4028930 0.4691131 0.3017002 0.3152586 0.2743017 0.3018787 0.2234598 0.1648997 0.0000000 0.1574761 0.1265720 
taxon18    0.4505482 0.5330851 0.4996244 0.5231327 0.5165483 0.4021496 0.3940019 0.4088567 0.3942258 0.3800585 0.4351383 0.3083973 0.3181054 0.2909187 0.3145370 0.2491410 0.2033156 0.1574761 0.0000000 0.1328956 
taxon19    0.4702487 0.5235477 0.4945314 0.5373112 0.5284438 0.4407939 0.4409376 0.4508144 0.4227797 0.4085124 0.4733331 0.3813263 0.3577619 0.3171144 0.3578384 0.2954987 0.2129018 0.1265720 0.1328956 0.0000000 
