20
taxon0     0.0000000 0.1022958 0.2066488 0.2599594 0.2749759 0.2997264 0.4288671 0.4238697 0.4159605 0.4713213 0.5123467 0.5618544 0.4877016 0.5490077 0.5156958 0.6224101 0.5641042 0.6968931 0.6868590 0.6390433 
taxon1     0.1022958 0.0000000 0.1572825 0.2118989 0.2114216 0.2912729 0.4157694 0.4109814 0.4031361 0.4549491 0.4967063 0.5421359 0.4767346 0.5747717 0.5340691 0.6549143 0.5941770 0.7068768 0.6890144 0.6489138 
taxon2     0.2066488 0.1572825 0.0000000 0.1572450 0.1382719 0.4336546 0.5303833 0.4983840 0.5189098 0.5558464 0.6220178 0.6746839 0.5980566 0.6624393 0.6143358 0.7473935 0.6807746 0.8253823 0.7886535 0.7579310 
taxon3     0.2599594 0.2118989 0.1572450 0.0000000 0.0575081 0.4685925 0.5712946 0.5157401 0.5377270 0.5964304 0.6636659 0.7046072 0.6314130 0.6969638 0.6374561 0.7441297 0.6937712 0.8257563 0.8183847 0.7475138 
taxon4     0.2749759 0.2114216 0.1382719 0.0575081 0.0000000 0.4855299 0.6124714 0.5560947 0.5864891 0.6212525 0.6907540 0.7203048 0.6323675 0.7085482 0.6480772 0.7843963 0.7277556 0.8366146 0.8338937 0.7729166 
taxon5     0.2997264 0.2912729 0.4336546 0.4685925 0.4855299 0.0000000 0.4815959 0.5347085 0.5276227 0.5851300 0.6068404 0.6333309 0.6115355 0.7034472 0.6877620 0.7241958 0.7091512 0.8200025 0.8114207 0.7610973 
taxon6     0.4288671 0.4157694 0.5303833 0.5712946 0.6124714 0.4815959 0.0000000 0.1524440 0.1477171 0.3625026 0.3914656 0.4678309 0.4317670 0.4721056 0.4492202 0.5285399 0.4714316 0.5812598 0.5643616 0.5058135 
taxon7     0.4238697 0.4109814 0.4983840 0.5157401 0.5560947 0.5347085 0.1524440 0.0000000 0.1032748 0.3512176 0.3912588 0.4428630 0.4073847 0.4077456 0.3782396 0.4824336 0.4248161 0.5409888 0.4967099 0.4608137 
taxon8     0.4159605 0.4031361 0.5189098 0.5377270 0.5864891 0.5276227 0.1477171 0.1032748 0.0000000 0.3621247 0.3902571 0.4659091 0.4067880 0.4514935 0.4051386 0.5178319 0.4561778 0.5454207 0.5504365 0.5095481 
taxon9     0.4713213 0.4549491 0.5558464 0.5964304 0.6212525 0.5851300 0.3625026 0.3512176 0.3621247 0.0000000 0.0671453 0.1507047 0.1685114 0.2138427 0.1998839 0.2814893 0.2523702 0.3334360 0.3641275 0.3088845 
taxon10    0.5123467 0.4967063 0.6220178 0.6636659 0.6907540 0.6068404 0.3914656 0.3912588 0.3902571 0.0671453 0.0000000 0.1350124 0.1910104 0.2575381 0.2301651 0.3146898 0.2840999 0.3674122 0.3985879 0.3418261 
taxon11    0.5618544 0.5421359 0.6746839 0.7046072 0.7203048 0.6333309 0.4678309 0.4428630 0.4659091 0.1507047 0.1350124 0.0000000 0.1287952 0.1882632 0.1616268 0.2435941 0.2267485 0.2863589 0.3248536 0.2788047 
taxon12    0.4877016 0.4767346 0.5980566 0.6314130 0.6323675 0.6115355 0.4317670 0.4073847 0.4067880 0.1685114 0.1910104 0.1287952 0.0000000 0.1038068 0.0870821 0.1735350 0.1466428 0.2167313 0.2314282 0.2114619 
taxon13    0.5490077 0.5747717 0.6624393 0.6969638 0.7085482 0.7034472 0.4721056 0.4077456 0.4514935 0.2138427 0.2575381 0.1882632 0.1038068 0.0000000 0.0557768 0.1251778 0.1193956 0.1824869 0.1828506 0.1578253 
taxon14    0.5156958 0.5340691 0.6143358 0.6374561 0.6480772 0.6877620 0.4492202 0.3782396 0.4051386 0.1998839 0.2301651 0.1616268 0.0870821 0.0557768 0.0000000 0.0910776 0.0730208 0.1544080 0.1610116 0.1368857 
taxon15    0.6224101 0.6549143 0.7473935 0.7441297 0.7843963 0.7241958 0.5285399 0.4824336 0.5178319 0.2814893 0.3146898 0.2435941 0.1735350 0.1251778 0.0910776 0.0000000 0.0618248 0.1421384 0.1444773 0.1185822 
taxon16    0.5641042 0.5941770 0.6807746 0.6937712 0.7277556 0.7091512 0.4714316 0.4248161 0.4561778 0.2523702 0.2840999 0.2267485 0.1466428 0.1193956 0.0730208 0.0618248 0.0000000 0.1068011 0.1142900 0.0731334 
taxon17    0.6968931 0.7068768 0.8253823 0.8257563 0.8366146 0.8200025 0.5812598 0.5409888 0.5454207 0.3334360 0.3674122 0.2863589 0.2167313 0.1824869 0.1544080 0.1421384 0.1068011 0.0000000 0.1181516 0.0945964 
taxon18    0.6868590 0.6890144 0.7886535 0.8183847 0.8338937 0.8114207 0.5643616 0.4967099 0.5504365 0.3641275 0.3985879 0.3248536 0.2314282 0.1828506 0.1610116 0.1444773 0.1142900 0.1181516 0.0000000 0.0714681 
taxon19    0.6390433 0.6489138 0.7579310 0.7475138 0.7729166 0.7610973 0.5058135 0.4608137 0.5095481 0.3088845 0.3418261 0.2788047 0.2114619 0.1578253 0.1368857 0.1185822 0.0731334 0.0945964 0.0714681 0.0000000 
