20
taxon0     0.0000000 0.0147579 0.0943509 0.0401599 0.0674067 0.0679808 0.0833879 0.0736711 0.0949158 0.1225035 0.1449780 0.0664975 0.0676952 0.0845507 0.3483669 0.3470832 0.3061741 0.2879214 0.3017242 0.2942524 
taxon1     0.0147579 0.0000000 0.0885440 0.0349233 0.0618350 0.0729788 0.0883305 0.0895366 0.1108540 0.1347051 0.1573312 0.0713992 0.0833431 0.0895484 0.3535857 0.3522855 0.3112740 0.2930717 0.3068629 0.2993759 
taxon2     0.0943509 0.0885440 0.0000000 0.0829268 0.0785905 0.1311699 0.1463007 0.1622268 0.1909359 0.1999782 0.2168039 0.1288017 0.1422819 0.1482426 0.4058741 0.3976311 0.3510077 0.3488225 0.3684177 0.3413590 
taxon3     0.0401599 0.0349233 0.0829268 0.0000000 0.0506662 0.1010934 0.1050971 0.1118833 0.1281501 0.1661176 0.1894019 0.0818318 0.0939894 0.1118708 0.3634861 0.3454737 0.3180068 0.2997263 0.2949147 0.3083385 
taxon4     0.0674067 0.0618350 0.0785905 0.0506662 0.0000000 0.0949221 0.0931757 0.1060669 0.1167493 0.1519975 0.1699759 0.0763176 0.0883331 0.0942578 0.3833319 0.3712724 0.2936182 0.3022113 0.3011064 0.2952708 
taxon5     0.0679808 0.0729788 0.1311699 0.1010934 0.0949221 0.0000000 0.0352080 0.0411014 0.0723615 0.0760751 0.0977541 0.0725784 0.0847384 0.0792856 0.3989642 0.3974486 0.3200003 0.3355126 0.3291224 0.3168906 
taxon6     0.0833879 0.0883305 0.1463007 0.1050971 0.0931757 0.0352080 0.0000000 0.0611373 0.0556582 0.0968490 0.1136860 0.0819762 0.0941652 0.0780085 0.4210318 0.4016330 0.3314799 0.3538222 0.3419199 0.3361046 
taxon7     0.0736711 0.0895366 0.1622268 0.1118833 0.1060669 0.0411014 0.0611373 0.0000000 0.0563677 0.1041443 0.1262035 0.0828904 0.0843299 0.1015692 0.4298126 0.4169670 0.3316892 0.3473183 0.3447655 0.3390182 
taxon8     0.0949158 0.1108540 0.1909359 0.1281501 0.1167493 0.0723615 0.0556582 0.0563677 0.0000000 0.1311907 0.1368768 0.1092662 0.1110377 0.1175723 0.4504229 0.4154724 0.3512120 0.3738196 0.3727574 0.3667061 
taxon9     0.1225035 0.1347051 0.1999782 0.1661176 0.1519975 0.0760751 0.0968490 0.1041443 0.1311907 0.0000000 0.0249985 0.1330756 0.1318338 0.1354137 0.4284515 0.4260936 0.3940743 0.4065187 0.4012774 0.3760730 
taxon10    0.1449780 0.1573312 0.2168039 0.1894019 0.1699759 0.0977541 0.1136860 0.1262035 0.1368768 0.0249985 0.0000000 0.1506646 0.1493267 0.1336694 0.4563716 0.4538350 0.4173550 0.4362651 0.4447508 0.4182979 
taxon11    0.0664975 0.0713992 0.1288017 0.0818318 0.0763176 0.0725784 0.0819762 0.0828904 0.1092662 0.1330756 0.1506646 0.0000000 0.0199521 0.0724975 0.3847727 0.3728620 0.2975807 0.3200362 0.2959736 0.2905841 
taxon12    0.0676952 0.0833431 0.1422819 0.0939894 0.0883331 0.0847384 0.0941652 0.0843299 0.1110377 0.1318338 0.1493267 0.0199521 0.0000000 0.0737947 0.3811294 0.3693109 0.2944913 0.3168100 0.3133923 0.2875354 
taxon13    0.0845507 0.0895484 0.1482426 0.1118708 0.0942578 0.0792856 0.0780085 0.1015692 0.1175723 0.1354137 0.1336694 0.0724975 0.0737947 0.0000000 0.3975099 0.3852870 0.3479065 0.3572298 0.3319548 0.3262674 
taxon14    0.3483669 0.3535857 0.4058741 0.3634861 0.3833319 0.3989642 0.4210318 0.4298126 0.4504229 0.4284515 0.4563716 0.3847727 0.3811294 0.3975099 0.0000000 0.0456085 0.2130927 0.1898330 0.2323401 0.1941882 
taxon15    0.3470832 0.3522855 0.3976311 0.3454737 0.3712724 0.3974486 0.4016330 0.4169670 0.4154724 0.4260936 0.4538350 0.3728620 0.3693109 0.3852870 0.0456085 0.0000000 0.2292549 0.2060465 0.2583652 0.2123463 
taxon16    0.3061741 0.3112740 0.3510077 0.3180068 0.2936182 0.3200003 0.3314799 0.3316892 0.3512120 0.3940743 0.4173550 0.2975807 0.2944913 0.3479065 0.2130927 0.2292549 0.0000000 0.0247445 0.0966221 0.0724389 
taxon17    0.2879214 0.2930717 0.3488225 0.2997263 0.3022113 0.3355126 0.3538222 0.3473183 0.3738196 0.4065187 0.4362651 0.3200362 0.3168100 0.3572298 0.1898330 0.2060465 0.0247445 0.0000000 0.0868364 0.0624979 
taxon18    0.3017242 0.3068629 0.3684177 0.2949147 0.3011064 0.3291224 0.3419199 0.3447655 0.3727574 0.4012774 0.4447508 0.2959736 0.3133923 0.3319548 0.2323401 0.2583652 0.0966221 0.0868364 0.0000000 0.0507548 
taxon19    0.2942524 0.2993759 0.3413590 0.3083385 0.2952708 0.3168906 0.3361046 0.3390182 0.3667061 0.3760730 0.4182979 0.2905841 0.2875354 0.3262674 0.1941882 0.2123463 0.0724389 0.0624979 0.0507548 0.0000000 
