20
taxon0     0.0000000 0.0201937 0.0420926 0.0473848 0.0416932 0.0521736 0.0643559 0.0530505 0.0643556 0.0646818 0.0701242 0.0649706 0.0705764 0.0821621 0.0858210 0.0810699 0.2719241 0.2506265 0.2740026 0.2582847 
taxon1     0.0201937 0.0000000 0.0207534 0.0259580 0.0205483 0.0308543 0.0423007 0.0313829 0.0530626 0.0425243 0.0478639 0.0427267 0.0481951 0.0594203 0.0693635 0.0586100 0.2586107 0.2375788 0.2606057 0.2369000 
taxon2     0.0420926 0.0207534 0.0000000 0.0154789 0.0206041 0.0204374 0.0204101 0.0100913 0.0307321 0.0418398 0.0256641 0.0206229 0.0258513 0.0365154 0.0583175 0.0476476 0.2520112 0.2311162 0.2357594 0.2304484 
taxon3     0.0473848 0.0259580 0.0154789 0.0000000 0.0257737 0.0255655 0.0368013 0.0154595 0.0474783 0.0480144 0.0314334 0.0257961 0.0310425 0.0417605 0.0515863 0.0411905 0.2582777 0.2373017 0.2538387 0.2303684 
taxon4     0.0416932 0.0205483 0.0206041 0.0257737 0.0000000 0.0306390 0.0366909 0.0259217 0.0417325 0.0533124 0.0475349 0.0424282 0.0478623 0.0478036 0.0577183 0.0471482 0.2497625 0.2437934 0.2669642 0.2364784 
taxon5     0.0521736 0.0308543 0.0204374 0.0255655 0.0306390 0.0000000 0.0416644 0.0309085 0.0204790 0.0470704 0.0362203 0.0311805 0.0259041 0.0365803 0.0469263 0.0466650 0.2497990 0.2290515 0.2506567 0.2410054 
taxon6     0.0643559 0.0423007 0.0204101 0.0368013 0.0366909 0.0416644 0.0000000 0.0204577 0.0469188 0.0639896 0.0471051 0.0420389 0.0474275 0.0530772 0.0696542 0.0533743 0.2531142 0.2387851 0.2434403 0.2244649 
taxon7     0.0530505 0.0313829 0.0100913 0.0154595 0.0259217 0.0309085 0.0204577 0.0000000 0.0360889 0.0417878 0.0256324 0.0311873 0.0364886 0.0420015 0.0640218 0.0532794 0.2598672 0.2454285 0.2437506 0.2247482 
taxon8     0.0643556 0.0530626 0.0307321 0.0474783 0.0417325 0.0204790 0.0469188 0.0360889 0.0000000 0.0577038 0.0466984 0.0416735 0.0363471 0.0363035 0.0527594 0.0582327 0.2427667 0.2368205 0.2561106 0.2504622 
taxon9     0.0646818 0.0425243 0.0418398 0.0480144 0.0533124 0.0470704 0.0639896 0.0417878 0.0577038 0.0000000 0.0255773 0.0311193 0.0364085 0.0472317 0.0750104 0.0585753 0.2920463 0.2700834 0.2763696 0.2708877 
taxon10    0.0701242 0.0478639 0.0256641 0.0314334 0.0475349 0.0362203 0.0471051 0.0256324 0.0466984 0.0255773 0.0000000 0.0152742 0.0204237 0.0309101 0.0636150 0.0418317 0.2700578 0.2546992 0.2468568 0.2475699 
taxon11    0.0649706 0.0427267 0.0206229 0.0257961 0.0424282 0.0311805 0.0420389 0.0311873 0.0416735 0.0311193 0.0152742 0.0000000 0.0049798 0.0150748 0.0465709 0.0255113 0.2701521 0.2487134 0.2534078 0.2480107 
taxon12    0.0705764 0.0481951 0.0258513 0.0310425 0.0478623 0.0259041 0.0474275 0.0364886 0.0363471 0.0364085 0.0204237 0.0049798 0.0000000 0.0100167 0.0412628 0.0307010 0.2772385 0.2556592 0.2463397 0.2549458 
taxon13    0.0821621 0.0594203 0.0365154 0.0417605 0.0478036 0.0365803 0.0530772 0.0420015 0.0363035 0.0472317 0.0309101 0.0150748 0.0100167 0.0000000 0.0412136 0.0306646 0.2768631 0.2707574 0.2612201 0.2631470 
taxon14    0.0858210 0.0693635 0.0583175 0.0515863 0.0577183 0.0469263 0.0696542 0.0640218 0.0527594 0.0750104 0.0636150 0.0465709 0.0412628 0.0412136 0.0000000 0.0511402 0.2560654 0.2501088 0.2721723 0.2724960 
taxon15    0.0810699 0.0586100 0.0476476 0.0411905 0.0471482 0.0466650 0.0533743 0.0532794 0.0582327 0.0585753 0.0418317 0.0255113 0.0307010 0.0306646 0.0511402 0.0000000 0.2517297 0.2526924 0.2761661 0.2452900 
taxon16    0.2719241 0.2586107 0.2520112 0.2582777 0.2497625 0.2497990 0.2531142 0.2598672 0.2427667 0.2920463 0.2700578 0.2701521 0.2772385 0.2768631 0.2560654 0.2517297 0.0000000 0.0297790 0.0562237 0.0453687 
taxon17    0.2506265 0.2375788 0.2311162 0.2373017 0.2437934 0.2290515 0.2387851 0.2454285 0.2368205 0.2700834 0.2546992 0.2487134 0.2556592 0.2707574 0.2501088 0.2526924 0.0297790 0.0000000 0.0457031 0.0199215 
taxon18    0.2740026 0.2606057 0.2357594 0.2538387 0.2669642 0.2506567 0.2434403 0.2437506 0.2561106 0.2763696 0.2468568 0.2534078 0.2463397 0.2612201 0.2721723 0.2761661 0.0562237 0.0457031 0.0000000 0.0459880 
taxon19    0.2582847 0.2369000 0.2304484 0.2303684 0.2364784 0.2410054 0.2244649 0.2247482 0.2504622 0.2708877 0.2475699 0.2480107 0.2549458 0.2631470 0.2724960 0.2452900 0.0453687 0.0199215 0.0459880 0.0000000 
