20
taxon0     0.0000000 0.1472697 0.1354811 0.1492136 0.2380165 0.2710587 0.2868819 0.2312348 0.2618001 0.3150946 0.3275182 0.3340606 0.2747377 0.2394019 0.2936845 0.2927839 0.2528133 0.2516963 0.2614783 0.2656438 
taxon1     0.1472697 0.0000000 0.0656835 0.0830680 0.2771317 0.2901412 0.3254256 0.2646472 0.2731830 0.2993474 0.3234951 0.3162943 0.2926220 0.2887897 0.3439739 0.3202187 0.3193032 0.3446998 0.3427933 0.2882656 
taxon2     0.1354811 0.0656835 0.0000000 0.0453999 0.2649021 0.2887585 0.3195493 0.2185199 0.2266036 0.2510256 0.2743201 0.2631668 0.2810230 0.2724768 0.3214124 0.3129408 0.3232441 0.3373078 0.3485585 0.2672461 
taxon3     0.1492136 0.0830680 0.0453999 0.0000000 0.2721303 0.3076157 0.3318450 0.2562825 0.2570460 0.2903830 0.3151072 0.2974594 0.2834363 0.2917321 0.3423459 0.3335663 0.3091573 0.3534264 0.3501012 0.2958742 
taxon4     0.2380165 0.2771317 0.2649021 0.2721303 0.0000000 0.1191328 0.1326703 0.1486849 0.1687912 0.1975895 0.2208827 0.2325613 0.1676833 0.1519251 0.1983182 0.1949164 0.3103697 0.3173394 0.3433360 0.3468309 
taxon5     0.2710587 0.2901412 0.2887585 0.3076157 0.1191328 0.0000000 0.1183828 0.1875339 0.2147318 0.2298249 0.2448984 0.2620075 0.2043709 0.2099908 0.2545999 0.2334115 0.3205205 0.3213696 0.3320585 0.3486142 
taxon6     0.2868819 0.3254256 0.3195493 0.3318450 0.1326703 0.1183828 0.0000000 0.2105267 0.2339936 0.2649839 0.2752105 0.2683338 0.2558742 0.2366917 0.2806136 0.2686962 0.3487882 0.3644360 0.3739653 0.3865588 
taxon7     0.2312348 0.2646472 0.2185199 0.2562825 0.1486849 0.1875339 0.2105267 0.0000000 0.0246952 0.0703639 0.0817809 0.0871042 0.1108196 0.1180253 0.1717521 0.1696713 0.2963114 0.2871712 0.3198165 0.3230528 
taxon8     0.2618001 0.2731830 0.2266036 0.2570460 0.1687912 0.2147318 0.2339936 0.0246952 0.0000000 0.0824183 0.0818581 0.0871748 0.1206180 0.1366981 0.1930762 0.1913387 0.3241164 0.3144167 0.3478411 0.3343076 
taxon9     0.3150946 0.2993474 0.2510256 0.2903830 0.1975895 0.2298249 0.2649839 0.0703639 0.0824183 0.0000000 0.0700341 0.0650688 0.1775347 0.1909539 0.2295996 0.2158825 0.3592899 0.3490016 0.3751163 0.3608973 
taxon10    0.3275182 0.3234951 0.2743201 0.3151072 0.2208827 0.2448984 0.2752105 0.0817809 0.0818581 0.0700341 0.0000000 0.0700357 0.1948071 0.2042128 0.2502512 0.2346671 0.3957540 0.3847251 0.4119091 0.3879913 
taxon11    0.3340606 0.3162943 0.2631668 0.2974594 0.2325613 0.2620075 0.2683338 0.0871042 0.0871748 0.0650688 0.0700357 0.0000000 0.1871403 0.2025260 0.2360718 0.2263844 0.3855167 0.3747867 0.4014419 0.3780458 
taxon12    0.2747377 0.2926220 0.2810230 0.2834363 0.1676833 0.2043709 0.2558742 0.1108196 0.1206180 0.1775347 0.1948071 0.1871403 0.0000000 0.0808448 0.1276308 0.1175324 0.3599859 0.3575911 0.3687480 0.3911429 
taxon13    0.2394019 0.2887897 0.2724768 0.2917321 0.1519251 0.2099908 0.2366917 0.1180253 0.1366981 0.1909539 0.2042128 0.2025260 0.0808448 0.0000000 0.0936088 0.0899597 0.3301698 0.3218130 0.3476266 0.3535463 
taxon14    0.2936845 0.3439739 0.3214124 0.3423459 0.1983182 0.2545999 0.2806136 0.1717521 0.1930762 0.2295996 0.2502512 0.2360718 0.1276308 0.0936088 0.0000000 0.0662726 0.3888396 0.3724427 0.3997194 0.4066576 
taxon15    0.2927839 0.3202187 0.3129408 0.3335663 0.1949164 0.2334115 0.2686962 0.1696713 0.1913387 0.2158825 0.2346671 0.2263844 0.1175324 0.0899597 0.0662726 0.0000000 0.3930020 0.3836929 0.4018566 0.3990519 
taxon16    0.2528133 0.3193032 0.3232441 0.3091573 0.3103697 0.3205205 0.3487882 0.2963114 0.3241164 0.3592899 0.3957540 0.3855167 0.3599859 0.3301698 0.3888396 0.3930020 0.0000000 0.0652973 0.0922724 0.0892722 
taxon17    0.2516963 0.3446998 0.3373078 0.3534264 0.3173394 0.3213696 0.3644360 0.2871712 0.3144167 0.3490016 0.3847251 0.3747867 0.3575911 0.3218130 0.3724427 0.3836929 0.0652973 0.0000000 0.0758311 0.0989591 
taxon18    0.2614783 0.3427933 0.3485585 0.3501012 0.3433360 0.3320585 0.3739653 0.3198165 0.3478411 0.3751163 0.4119091 0.4014419 0.3687480 0.3476266 0.3997194 0.4018566 0.0922724 0.0758311 0.0000000 0.0820823 
taxon19    0.2656438 0.2882656 0.2672461 0.2958742 0.3468309 0.3486142 0.3865588 0.3230528 0.3343076 0.3608973 0.3879913 0.3780458 0.3911429 0.3535463 0.4066576 0.3990519 0.0892722 0.0989591 0.0820823 0.0000000 
