20
taxon0     0.0000000 0.0303095 0.0463892 0.0955658 0.1195519 0.1081828 0.2101624 0.2255940 0.2069989 0.2253795 0.1793014 0.2036800 0.2167944 0.2522534 0.2487566 0.2595297 0.2161297 0.2476145 0.2352263 0.2335360 
taxon1     0.0303095 0.0000000 0.0676255 0.1179461 0.1426761 0.1310799 0.2229142 0.2385734 0.2334842 0.2510917 0.2051090 0.2186333 0.2317973 0.2537934 0.2462270 0.2656033 0.2248360 0.2569206 0.2426638 0.2391284 
taxon2     0.0463892 0.0676255 0.0000000 0.0564258 0.0961407 0.0906178 0.2134524 0.2287807 0.2244553 0.2429721 0.1897478 0.1830262 0.1892294 0.2423988 0.2652252 0.2521779 0.1894169 0.2323612 0.2243615 0.2221195 
taxon3     0.0955658 0.1179461 0.0564258 0.0000000 0.0459041 0.0407249 0.2513907 0.2711265 0.2678407 0.2797153 0.2313314 0.2242892 0.2243041 0.2939065 0.3184492 0.3044396 0.2380580 0.2764384 0.2754141 0.2727516 
taxon4     0.1195519 0.1426761 0.0961407 0.0459041 0.0000000 0.0098972 0.2465774 0.2668499 0.2632964 0.2646358 0.2267572 0.2283077 0.2268533 0.2989845 0.3139347 0.3086653 0.2422829 0.2710993 0.2700740 0.2674422 
taxon5     0.1081828 0.1310799 0.0906178 0.0407249 0.0098972 0.0000000 0.2405296 0.2607452 0.2571657 0.2585696 0.2207665 0.2289722 0.2275108 0.2997851 0.3076247 0.3094782 0.2429746 0.2718496 0.2708225 0.2681817 
taxon6     0.2101624 0.2229142 0.2134524 0.2513907 0.2465774 0.2405296 0.0000000 0.0355904 0.0846270 0.1183524 0.0567161 0.1010860 0.1177422 0.1643468 0.1535190 0.1712663 0.1119976 0.1375039 0.1310042 0.1256905 
taxon7     0.2255940 0.2385734 0.2287807 0.2711265 0.2668499 0.2607452 0.0355904 0.0000000 0.0810677 0.1216558 0.0580381 0.0922031 0.1090582 0.1491349 0.1382740 0.1674709 0.1088712 0.1346872 0.1281055 0.1294840 
taxon8     0.2069989 0.2334842 0.2244553 0.2678407 0.2632964 0.2571657 0.0846270 0.0810677 0.0000000 0.0354073 0.0255511 0.0681390 0.0843660 0.1283322 0.1121081 0.1472354 0.0846014 0.1036043 0.1093073 0.1161157 
taxon9     0.2253795 0.2510917 0.2429721 0.2797153 0.2646358 0.2585696 0.1183524 0.1216558 0.0354073 0.0000000 0.0628126 0.1073910 0.1242021 0.1645627 0.1530783 0.1830378 0.1245087 0.1270410 0.1383625 0.1376914 
taxon10    0.1793014 0.2051090 0.1897478 0.2313314 0.2267572 0.2207665 0.0567161 0.0580381 0.0255511 0.0628126 0.0000000 0.0460141 0.0617536 0.1172834 0.1011313 0.1359374 0.0674054 0.0909115 0.0911220 0.0976435 
taxon11    0.2036800 0.2186333 0.1830262 0.2242892 0.2283077 0.2289722 0.1010860 0.0922031 0.0681390 0.1073910 0.0460141 0.0000000 0.0199283 0.0887078 0.0951623 0.1121008 0.0353342 0.0678731 0.0693471 0.0744534 
taxon12    0.2167944 0.2317973 0.1892294 0.2243041 0.2268533 0.2275108 0.1177422 0.1090582 0.0843660 0.1242021 0.0617536 0.0199283 0.0000000 0.1045246 0.1111833 0.1282926 0.0452605 0.0780070 0.0848443 0.0909696 
taxon13    0.2522534 0.2537934 0.2423988 0.2939065 0.2989845 0.2997851 0.1643468 0.1491349 0.1283322 0.1645627 0.1172834 0.0887078 0.1045246 0.0000000 0.0402947 0.0506939 0.0674087 0.1017870 0.0972756 0.1030941 
taxon14    0.2487566 0.2462270 0.2652252 0.3184492 0.3139347 0.3076247 0.1535190 0.1382740 0.1121081 0.1530783 0.1011313 0.0951623 0.1111833 0.0402947 0.0000000 0.0515002 0.0725660 0.0961687 0.0972904 0.1033531 
taxon15    0.2595297 0.2656033 0.2521779 0.3044396 0.3086653 0.3094782 0.1712663 0.1674709 0.1472354 0.1830378 0.1359374 0.1121008 0.1282926 0.0506939 0.0515002 0.0000000 0.0957337 0.1318586 0.1273639 0.1266058 
taxon16    0.2161297 0.2248360 0.1894169 0.2380580 0.2422829 0.2429746 0.1119976 0.1088712 0.0846014 0.1245087 0.0674054 0.0353342 0.0452605 0.0674087 0.0725660 0.0957337 0.0000000 0.0303777 0.0409085 0.0465800 
taxon17    0.2476145 0.2569206 0.2323612 0.2764384 0.2710993 0.2718496 0.1375039 0.1346872 0.1036043 0.1270410 0.0909115 0.0678731 0.0780070 0.1017870 0.0961687 0.1318586 0.0303777 0.0000000 0.0299808 0.0354024 
taxon18    0.2352263 0.2426638 0.2243615 0.2754141 0.2700740 0.2708225 0.1310042 0.1281055 0.1093073 0.1383625 0.0911220 0.0693471 0.0848443 0.0972756 0.0972904 0.1273639 0.0409085 0.0299808 0.0000000 0.0150606 
taxon19    0.2335360 0.2391284 0.2221195 0.2727516 0.2674422 0.2681817 0.1256905 0.1294840 0.1161157 0.1376914 0.0976435 0.0744534 0.0909696 0.1030941 0.1033531 0.1266058 0.0465800 0.0354024 0.0150606 0.0000000 
