20
taxon0     0.0000000 0.1339499 0.2587718 0.1986717 0.2559508 0.2188810 0.2723887 0.2436268 0.2303451 0.4114412 0.3809727 0.4369922 0.4560273 0.4796144 0.4755178 0.4624581 0.4628996 0.4879127 0.4566439 0.4527864 
taxon1     0.1339499 0.0000000 0.2682990 0.2243682 0.2519767 0.2391106 0.2816219 0.2693376 0.2694739 0.4456359 0.3919329 0.4722757 0.5087272 0.5077757 0.5029868 0.5092733 0.4933286 0.4977077 0.4594837 0.4399450 
taxon2     0.2587718 0.2682990 0.0000000 0.1054264 0.1709886 0.1326941 0.1995041 0.2165080 0.2010067 0.4709301 0.4895464 0.4971300 0.4850729 0.5080594 0.5005462 0.4703803 0.4711170 0.5243259 0.4822054 0.4856389 
taxon3     0.1986717 0.2243682 0.1054264 0.0000000 0.0849421 0.0285101 0.0962567 0.1534747 0.1440266 0.4224436 0.4068592 0.4356688 0.4817893 0.4895590 0.4258861 0.4067058 0.3960795 0.4611616 0.4074119 0.3923591 
taxon4     0.2559508 0.2519767 0.1709886 0.0849421 0.0000000 0.0907549 0.1532658 0.2351056 0.2256628 0.4721016 0.4546761 0.4930984 0.5517387 0.5607312 0.5080446 0.4867328 0.4654877 0.5061596 0.4804404 0.4579835 
taxon5     0.2188810 0.2391106 0.1326941 0.0285101 0.0907549 0.0000000 0.0699119 0.1774797 0.1561082 0.4353114 0.4052009 0.4414707 0.4952071 0.4959861 0.4596587 0.4443154 0.4269829 0.4623206 0.4131319 0.3920908 
taxon6     0.2723887 0.2816219 0.1995041 0.0962567 0.1532658 0.0699119 0.0000000 0.2125767 0.2064117 0.4640971 0.4216286 0.4495532 0.5064411 0.5072664 0.4785351 0.4625700 0.4432117 0.4652469 0.4222157 0.4101123 
taxon7     0.2436268 0.2693376 0.2165080 0.1534747 0.2351056 0.1774797 0.2125767 0.0000000 0.0387114 0.4351363 0.4183978 0.4270233 0.4421762 0.4557788 0.4611397 0.4593735 0.4340161 0.4885512 0.4579166 0.4763687 
taxon8     0.2303451 0.2694739 0.2010067 0.1440266 0.2256628 0.1561082 0.2064117 0.0387114 0.0000000 0.4510702 0.4370027 0.4463823 0.4532689 0.4912305 0.4514219 0.4364178 0.4060835 0.4851418 0.4349051 0.4529637 
taxon9     0.4114412 0.4456359 0.4709301 0.4224436 0.4721016 0.4353114 0.4640971 0.4351363 0.4510702 0.0000000 0.1077395 0.1883569 0.2524893 0.2776482 0.3143366 0.2809143 0.2986542 0.2862164 0.2656089 0.2681661 
taxon10    0.3809727 0.3919329 0.4895464 0.4068592 0.4546761 0.4052009 0.4216286 0.4183978 0.4370027 0.1077395 0.0000000 0.1323276 0.2083300 0.2094193 0.3251083 0.2826927 0.3099833 0.2813534 0.2268438 0.2169989 
taxon11    0.4369922 0.4722757 0.4971300 0.4356688 0.4930984 0.4414707 0.4495532 0.4270233 0.4463823 0.1883569 0.1323276 0.0000000 0.1452080 0.1515827 0.3693492 0.3588145 0.3535359 0.3385693 0.2800302 0.2826907 
taxon12    0.4560273 0.5087272 0.4850729 0.4817893 0.5517387 0.4952071 0.5064411 0.4421762 0.4532689 0.2524893 0.2083300 0.1452080 0.0000000 0.0421293 0.4402054 0.4197104 0.4262217 0.4023377 0.3461077 0.3496712 
taxon13    0.4796144 0.5077757 0.5080594 0.4895590 0.5607312 0.4959861 0.5072664 0.4557788 0.4912305 0.2776482 0.2094193 0.1515827 0.0421293 0.0000000 0.4532713 0.4369100 0.4262540 0.4006695 0.3429650 0.3330055 
taxon14    0.4755178 0.5029868 0.5005462 0.4258861 0.5080446 0.4596587 0.4785351 0.4611397 0.4514219 0.3143366 0.3251083 0.3693492 0.4402054 0.4532713 0.0000000 0.1625244 0.1400465 0.2755845 0.2401560 0.2602164 
taxon15    0.4624581 0.5092733 0.4703803 0.4067058 0.4867328 0.4443154 0.4625700 0.4593735 0.4364178 0.2809143 0.2826927 0.3588145 0.4197104 0.4369100 0.1625244 0.0000000 0.0996575 0.2643382 0.2249278 0.2448642 
taxon16    0.4628996 0.4933286 0.4711170 0.3960795 0.4654877 0.4269829 0.4432117 0.4340161 0.4060835 0.2986542 0.3099833 0.3535359 0.4262217 0.4262540 0.1400465 0.0996575 0.0000000 0.2481513 0.2224022 0.2480805 
taxon17    0.4879127 0.4977077 0.5243259 0.4611616 0.5061596 0.4623206 0.4652469 0.4885512 0.4851418 0.2862164 0.2813534 0.3385693 0.4023377 0.4006695 0.2755845 0.2643382 0.2481513 0.0000000 0.1571424 0.1799813 
taxon18    0.4566439 0.4594837 0.4822054 0.4074119 0.4804404 0.4131319 0.4222157 0.4579166 0.4349051 0.2656089 0.2268438 0.2800302 0.3461077 0.3429650 0.2401560 0.2249278 0.2224022 0.1571424 0.0000000 0.0286273 
taxon19    0.4527864 0.4399450 0.4856389 0.3923591 0.4579835 0.3920908 0.4101123 0.4763687 0.4529637 0.2681661 0.2169989 0.2826907 0.3496712 0.3330055 0.2602164 0.2448642 0.2480805 0.1799813 0.0286273 0.0000000 
