20
taxon0     0.0000000 0.0255075 0.1494309 0.3312876 0.2286194 0.3391602 0.3384259 0.3396301 0.2681064 0.3344067 0.3149365 0.3380949 0.4079029 0.4381306 0.4739511 0.5384178 0.5094599 0.5343611 0.4828317 0.4541994 
taxon1     0.0255075 0.0000000 0.1682753 0.3418554 0.2382129 0.3426753 0.3491513 0.3504846 0.2587203 0.3433195 0.3373204 0.3214032 0.4144406 0.4345517 0.4845337 0.5248044 0.5359719 0.5543472 0.5132344 0.4654931 
taxon2     0.1494309 0.1682753 0.0000000 0.2756848 0.1411455 0.3068751 0.2816382 0.2594756 0.3476700 0.3681789 0.3431247 0.3419087 0.4143544 0.4297702 0.5683411 0.6038755 0.5623483 0.5703517 0.5635982 0.5463712 
taxon3     0.3312876 0.3418554 0.2756848 0.0000000 0.1658578 0.2851000 0.2716193 0.2297443 0.4779816 0.5085391 0.5076017 0.4984148 0.5723511 0.6167166 0.6846880 0.7766695 0.7065528 0.6994015 0.7384240 0.7287902 
taxon4     0.2286194 0.2382129 0.1411455 0.1658578 0.0000000 0.1509283 0.1537958 0.1322067 0.4295618 0.4281268 0.4274809 0.4293585 0.5221853 0.5494435 0.6370230 0.7113667 0.6276018 0.6606478 0.6723162 0.6103350 
taxon5     0.3391602 0.3426753 0.3068751 0.2851000 0.1509283 0.0000000 0.2232306 0.2202330 0.5423899 0.5995362 0.6045856 0.5800427 0.6409351 0.6908513 0.7287280 0.8343317 0.7308005 0.7946152 0.8077906 0.7264788 
taxon6     0.3384259 0.3491513 0.2816382 0.2716193 0.1537958 0.2232306 0.0000000 0.1402645 0.4843735 0.5309630 0.5178903 0.5289562 0.6408998 0.6362038 0.7254075 0.7961507 0.7052126 0.7555988 0.7741788 0.6652363 
taxon7     0.3396301 0.3504846 0.2594756 0.2297443 0.1322067 0.2202330 0.1402645 0.0000000 0.5295000 0.5439048 0.5405531 0.5601096 0.6650170 0.6716853 0.7442947 0.8009502 0.7211650 0.7548034 0.8046593 0.6853706 
taxon8     0.2681064 0.2587203 0.3476700 0.4779816 0.4295618 0.5423899 0.4843735 0.5295000 0.0000000 0.1833597 0.1744834 0.2412554 0.2667232 0.3012587 0.5347560 0.5610532 0.5733492 0.5560298 0.5238998 0.5259454 
taxon9     0.3344067 0.3433195 0.3681789 0.5085391 0.4281268 0.5995362 0.5309630 0.5439048 0.1833597 0.0000000 0.1458713 0.2711851 0.3615887 0.3622459 0.5831027 0.6107094 0.6148134 0.5705817 0.5331779 0.5250847 
taxon10    0.3149365 0.3373204 0.3431247 0.5076017 0.4274809 0.6045856 0.5178903 0.5405531 0.1744834 0.1458713 0.0000000 0.2710423 0.3307458 0.3447672 0.5582389 0.6078641 0.5833310 0.5648210 0.5752395 0.5446486 
taxon11    0.3380949 0.3214032 0.3419087 0.4984148 0.4293585 0.5800427 0.5289562 0.5601096 0.2412554 0.2711851 0.2710423 0.0000000 0.1851055 0.1919811 0.5314725 0.5514040 0.5749940 0.5674615 0.5418848 0.5062247 
taxon12    0.4079029 0.4144406 0.4143544 0.5723511 0.5221853 0.6409351 0.6408998 0.6650170 0.2667232 0.3615887 0.3307458 0.1851055 0.0000000 0.1446785 0.6017469 0.6322484 0.5612892 0.5714982 0.5887808 0.6018971 
taxon13    0.4381306 0.4345517 0.4297702 0.6167166 0.5494435 0.6908513 0.6362038 0.6716853 0.3012587 0.3622459 0.3447672 0.1919811 0.1446785 0.0000000 0.6019960 0.6186751 0.5759752 0.6251240 0.5528723 0.5652509 
taxon14    0.4739511 0.4845337 0.5683411 0.6846880 0.6370230 0.7287280 0.7254075 0.7442947 0.5347560 0.5831027 0.5582389 0.5314725 0.6017469 0.6019960 0.0000000 0.1288689 0.2275526 0.2701051 0.3746151 0.3637753 
taxon15    0.5384178 0.5248044 0.6038755 0.7766695 0.7113667 0.8343317 0.7961507 0.8009502 0.5610532 0.6107094 0.6078641 0.5514040 0.6322484 0.6186751 0.1288689 0.0000000 0.2745525 0.2782542 0.3755326 0.3737273 
taxon16    0.5094599 0.5359719 0.5623483 0.7065528 0.6276018 0.7308005 0.7052126 0.7211650 0.5733492 0.6148134 0.5833310 0.5749940 0.5612892 0.5759752 0.2275526 0.2745525 0.0000000 0.1658000 0.3488611 0.2811458 
taxon17    0.5343611 0.5543472 0.5703517 0.6994015 0.6606478 0.7946152 0.7555988 0.7548034 0.5560298 0.5705817 0.5648210 0.5674615 0.5714982 0.6251240 0.2701051 0.2782542 0.1658000 0.0000000 0.3767621 0.3534648 
taxon18    0.4828317 0.5132344 0.5635982 0.7384240 0.6723162 0.8077906 0.7741788 0.8046593 0.5238998 0.5331779 0.5752395 0.5418848 0.5887808 0.5528723 0.3746151 0.3755326 0.3488611 0.3767621 0.0000000 0.2339108 
taxon19    0.4541994 0.4654931 0.5463712 0.7287902 0.6103350 0.7264788 0.6652363 0.6853706 0.5259454 0.5250847 0.5446486 0.5062247 0.6018971 0.5652509 0.3637753 0.3737273 0.2811458 0.3534648 0.2339108 0.0000000 
