20
taxon0     0.0000000 0.1055662 0.1561020 0.1634745 0.1937225 0.1508919 0.1668671 0.2034450 0.1889925 0.1738540 0.2364595 0.2223844 0.4001577 0.4048803 0.4466273 0.4114501 0.3443949 0.4225300 0.3683858 0.3553369 
taxon1     0.1055662 0.0000000 0.1419364 0.1627813 0.1934157 0.1557532 0.1570807 0.2028755 0.1756367 0.1850109 0.2485137 0.2078873 0.3857600 0.3878341 0.4195053 0.4137027 0.3818988 0.4229358 0.3665219 0.4034887 
taxon2     0.1561020 0.1419364 0.0000000 0.0296463 0.0567426 0.0450726 0.0724155 0.1107722 0.0712356 0.0817752 0.1358219 0.1275852 0.3238026 0.3243190 0.3406802 0.3370231 0.3243084 0.3786940 0.3406967 0.3515467 
taxon3     0.1634745 0.1627813 0.0296463 0.0000000 0.0560473 0.0772179 0.0893991 0.1287282 0.0995242 0.1104793 0.1489813 0.1465229 0.3635513 0.3532310 0.3670635 0.3503746 0.3276220 0.3820851 0.3441312 0.3549588 
taxon4     0.1937225 0.1934157 0.0567426 0.0560473 0.0000000 0.0940297 0.1274867 0.1697047 0.1311743 0.1353108 0.1993113 0.1746498 0.3893069 0.3621156 0.3710483 0.3701967 0.3570812 0.4202494 0.3698246 0.3789885 
taxon5     0.1508919 0.1557532 0.0450726 0.0772179 0.0940297 0.0000000 0.0513502 0.0891831 0.0505220 0.0445278 0.1127494 0.0867798 0.3650313 0.3364185 0.3850414 0.3725594 0.3354214 0.4097207 0.3777397 0.3666525 
taxon6     0.1668671 0.1570807 0.0724155 0.0893991 0.1274867 0.0513502 0.0000000 0.0671024 0.0620804 0.0783810 0.1215181 0.1069714 0.3608856 0.3651901 0.3955061 0.3910407 0.3590071 0.4028384 0.3739379 0.3742478 
taxon7     0.2034450 0.2028755 0.1107722 0.1287282 0.1697047 0.0891831 0.0671024 0.0000000 0.1171993 0.1226397 0.1653444 0.1449653 0.4227246 0.4095574 0.4553121 0.4313615 0.3902668 0.4418507 0.4146673 0.4111265 
taxon8     0.1889925 0.1756367 0.0712356 0.0995242 0.1311743 0.0505220 0.0620804 0.1171993 0.0000000 0.0666857 0.1311285 0.1189815 0.3525188 0.3495279 0.3927994 0.3729512 0.3758750 0.4241645 0.3761147 0.3748024 
taxon9     0.1738540 0.1850109 0.0817752 0.1104793 0.1353108 0.0445278 0.0783810 0.1226397 0.0666857 0.0000000 0.1058486 0.0946632 0.3769388 0.3462979 0.4084918 0.3710758 0.3474887 0.3996760 0.3684082 0.3602293 
taxon10    0.2364595 0.2485137 0.1358219 0.1489813 0.1993113 0.1127494 0.1215181 0.1653444 0.1311285 0.1058486 0.0000000 0.1181742 0.4194032 0.4003867 0.4547126 0.3897635 0.3918181 0.4090579 0.3743264 0.4222457 
taxon11    0.2223844 0.2078873 0.1275852 0.1465229 0.1746498 0.0867798 0.1069714 0.1449653 0.1189815 0.0946632 0.1181742 0.0000000 0.4484667 0.3953942 0.4433902 0.4396179 0.4007732 0.4597346 0.4234706 0.4175138 
taxon12    0.4001577 0.3857600 0.3238026 0.3635513 0.3893069 0.3650313 0.3608856 0.4227246 0.3525188 0.3769388 0.4194032 0.4484667 0.0000000 0.1930551 0.2100854 0.2157367 0.2366600 0.2634833 0.2719813 0.2973900 
taxon13    0.4048803 0.3878341 0.3243190 0.3532310 0.3621156 0.3364185 0.3651901 0.4095574 0.3495279 0.3462979 0.4003867 0.3953942 0.1930551 0.0000000 0.1589405 0.1818665 0.1719124 0.2066129 0.2111158 0.2208155 
taxon14    0.4466273 0.4195053 0.3406802 0.3670635 0.3710483 0.3850414 0.3955061 0.4553121 0.3927994 0.4084918 0.4547126 0.4433902 0.2100854 0.1589405 0.0000000 0.1289284 0.1407116 0.1535472 0.1591024 0.1776874 
taxon15    0.4114501 0.4137027 0.3370231 0.3503746 0.3701967 0.3725594 0.3910407 0.4313615 0.3729512 0.3710758 0.3897635 0.4396179 0.2157367 0.1818665 0.1289284 0.0000000 0.0783749 0.1015038 0.1187469 0.1438628 
taxon16    0.3443949 0.3818988 0.3243084 0.3276220 0.3570812 0.3354214 0.3590071 0.3902668 0.3758750 0.3474887 0.3918181 0.4007732 0.2366600 0.1719124 0.1407116 0.0783749 0.0000000 0.0772716 0.0725106 0.0878650 
taxon17    0.4225300 0.4229358 0.3786940 0.3820851 0.4202494 0.4097207 0.4028384 0.4418507 0.4241645 0.3996760 0.4090579 0.4597346 0.2634833 0.2066129 0.1535472 0.1015038 0.0772716 0.0000000 0.0719713 0.1063674 
taxon18    0.3683858 0.3665219 0.3406967 0.3441312 0.3698246 0.3777397 0.3739379 0.4146673 0.3761147 0.3684082 0.3743264 0.4234706 0.2719813 0.2111158 0.1591024 0.1187469 0.0725106 0.0719713 0.0000000 0.0681703 
taxon19    0.3553369 0.4034887 0.3515467 0.3549588 0.3789885 0.3666525 0.3742478 0.4111265 0.3748024 0.3602293 0.4222457 0.4175138 0.2973900 0.2208155 0.1776874 0.1438628 0.0878650 0.1063674 0.0681703 0.0000000 
