20
taxon0     0.0000000 0.2090646 0.3345611 0.4097988 0.3877001 0.5892077 0.6056828 0.3952752 0.5719630 1.1108419 0.8896539 1.0060349 1.2683132 1.2793206 1.3518795 1.5068532 2.3695909 1.6855778 0.8302754 0.7929932 
taxon1     0.2090646 0.0000000 0.2384738 0.2866521 0.2814461 0.6886350 0.7760473 0.4477542 0.6955209 1.0528433 0.8722478 1.0957461 1.3733055 1.5152192 1.3953683 1.5489567 2.1592185 1.5621480 0.8114775 0.7857304 
taxon2     0.3345611 0.2384738 0.0000000 0.2466796 0.2570943 0.7428713 0.8263173 0.6914738 0.8344421 1.0876984 0.8705071 1.2667791 1.8712198 1.7743497 1.9841374 1.9639147 8.9999980 1.9812823 1.0394472 1.0215672 
taxon3     0.4097988 0.2866521 0.2466796 0.0000000 0.1437420 0.8781091 0.9352522 0.6949700 1.0016387 1.6316175 1.1967915 1.4324759 1.7505155 1.9893302 2.0014454 2.1426976 2.7113190 2.1064425 1.1013795 1.0950330 
taxon4     0.3877001 0.2814461 0.2570943 0.1437420 0.0000000 0.8158106 0.8305034 0.5947376 0.8152937 1.4707107 1.1543999 1.4649109 1.9752297 2.1112782 2.2703804 2.5091065 2.7969420 2.4219866 1.0366223 0.9731013 
taxon5     0.5892077 0.6886350 0.7428713 0.8781091 0.8158106 0.0000000 0.1658788 0.2400126 0.3174705 0.9449049 0.8796375 1.0653245 1.2458312 1.2024397 1.4704454 1.4415331 1.9429188 1.4952588 1.0065211 0.9482478 
taxon6     0.6056828 0.7760473 0.8263173 0.9352522 0.8305034 0.1658788 0.0000000 0.3481468 0.2544837 0.8127421 0.7858450 0.9679801 1.0159680 1.1452844 1.3857559 1.0370532 1.5398365 1.3088604 0.9960640 1.0362251 
taxon7     0.3952752 0.4477542 0.6914738 0.6949700 0.5947376 0.2400126 0.3481468 0.0000000 0.1811004 1.0248062 0.9372477 0.9189637 1.1461784 1.1627876 1.2147738 1.4140614 1.8717623 1.6004625 0.7374049 0.7092502 
taxon8     0.5719630 0.6955209 0.8344421 1.0016387 0.8152937 0.3174705 0.2544837 0.1811004 0.0000000 0.7748560 0.7120783 0.8455631 0.9592001 1.1388456 1.2356811 1.0778152 1.6078780 1.2716745 0.8847679 0.9740363 
taxon9     1.1108419 1.0528433 1.0876984 1.6316175 1.4707107 0.9449049 0.8127421 1.0248062 0.7748560 0.0000000 0.1169160 0.5837315 0.6427370 0.8028468 0.9037851 0.7073480 0.8653838 0.8266916 0.6113678 0.5892495 
taxon10    0.8896539 0.8722478 0.8705071 1.1967915 1.1543999 0.8796375 0.7858450 0.9372477 0.7120783 0.1169160 0.0000000 0.5379664 0.5983720 0.7368118 0.8295602 0.6634915 0.8484641 0.7724250 0.5556284 0.5134983 
taxon11    1.0060349 1.0957461 1.2667791 1.4324759 1.4649109 1.0653245 0.9679801 0.9189637 0.8455631 0.5837315 0.5379664 0.0000000 0.1636618 0.1817823 0.2451963 0.3249572 0.4140160 0.4033961 0.3026867 0.2698864 
taxon12    1.2683132 1.3733055 1.8712198 1.7505155 1.9752297 1.2458312 1.0159680 1.1461784 0.9592001 0.6427370 0.5983720 0.1636618 0.0000000 0.1478886 0.1860906 0.1799451 0.2742248 0.2571874 0.3673655 0.3523853 
taxon13    1.2793206 1.5152192 1.7743497 1.9893302 2.1112782 1.2024397 1.1452844 1.1627876 1.1388456 0.8028468 0.7368118 0.1817823 0.1478886 0.0000000 0.1324608 0.2014415 0.3137837 0.3026740 0.4273332 0.3942763 
taxon14    1.3518795 1.3953683 1.9841374 2.0014454 2.2703804 1.4704454 1.3857559 1.2147738 1.2356811 0.9037851 0.8295602 0.2451963 0.1860906 0.1324608 0.0000000 0.1572899 0.2308396 0.2442339 0.4544479 0.4249826 
taxon15    1.5068532 1.5489567 1.9639147 2.1426976 2.5091065 1.4415331 1.0370532 1.4140614 1.0778152 0.7073480 0.6634915 0.3249572 0.1799451 0.2014415 0.1572899 0.0000000 0.1350404 0.1130023 0.5302838 0.5090096 
taxon16    2.3695909 2.1592185 8.9999980 2.7113190 2.7969420 1.9429188 1.5398365 1.8717623 1.6078780 0.8653838 0.8484641 0.4140160 0.2742248 0.3137837 0.2308396 0.1350404 0.0000000 0.1437657 0.7219385 0.6720254 
taxon17    1.6855778 1.5621480 1.9812823 2.1064425 2.4219866 1.4952588 1.3088604 1.6004625 1.2716745 0.8266916 0.7724250 0.4033961 0.2571874 0.3026740 0.2442339 0.1130023 0.1437657 0.0000000 0.6144091 0.6129485 
taxon18    0.8302754 0.8114775 1.0394472 1.1013795 1.0366223 1.0065211 0.9960640 0.7374049 0.8847679 0.6113678 0.5556284 0.3026867 0.3673655 0.4273332 0.4544479 0.5302838 0.7219385 0.6144091 0.0000000 0.0672868 
taxon19    0.7929932 0.7857304 1.0215672 1.0950330 0.9731013 0.9482478 1.0362251 0.7092502 0.9740363 0.5892495 0.5134983 0.2698864 0.3523853 0.3942763 0.4249826 0.5090096 0.6720254 0.6129485 0.0672868 0.0000000 
