20
taxon0     0.0000000 0.0049272 0.0559666 0.0461439 0.0561946 0.0721313 0.0683774 0.1091245 0.0921047 0.1088110 0.1084092 0.1084092 0.0771200 0.0660926 0.2530396 0.2615093 0.2538541 0.2734224 0.2993420 0.2467739 
taxon1     0.0049272 0.0000000 0.0508642 0.0410059 0.0510718 0.0669598 0.0631519 0.1038890 0.0976443 0.1093483 0.1140692 0.1140692 0.0719586 0.0609898 0.2470519 0.2554653 0.2478464 0.2748088 0.3008486 0.2407339 
taxon2     0.0559666 0.0508642 0.0000000 0.0301599 0.0400732 0.0555716 0.0516958 0.0758171 0.0757011 0.0924083 0.0971298 0.0971298 0.0502982 0.0501326 0.2503123 0.2512588 0.2437789 0.2702721 0.3041758 0.2566390 
taxon3     0.0461439 0.0410059 0.0301599 0.0000000 0.0199400 0.0458133 0.0417614 0.0876169 0.0815882 0.0930035 0.0977527 0.0977527 0.0561046 0.0453861 0.2545809 0.2631130 0.2554063 0.2826457 0.3174878 0.2610636 
taxon4     0.0561946 0.0510718 0.0400732 0.0199400 0.0000000 0.0455072 0.0414775 0.0975912 0.0914774 0.1029808 0.1076766 0.1076766 0.0660699 0.0552806 0.2653955 0.2739889 0.2662523 0.2935488 0.3284395 0.2719906 
taxon5     0.0721313 0.0669598 0.0555716 0.0458133 0.0455072 0.0000000 0.0257906 0.1139876 0.0969510 0.0971641 0.1018511 0.1018511 0.0820086 0.0606204 0.2707027 0.2793279 0.2715756 0.2858228 0.3204068 0.2925900 
taxon6     0.0683774 0.0631519 0.0516958 0.0417614 0.0414775 0.0257906 0.0000000 0.1104998 0.1041693 0.1043997 0.1091032 0.1091032 0.0783643 0.0568098 0.2667503 0.2753188 0.2676079 0.2817786 0.3161872 0.2659996 
taxon7     0.1091245 0.1038890 0.0758171 0.0876169 0.0975912 0.1139876 0.1104998 0.0000000 0.0600675 0.0608126 0.0655980 0.0655980 0.0656058 0.0552160 0.3027274 0.2842767 0.2761715 0.3164271 0.3249579 0.3159124 
taxon8     0.0921047 0.0976443 0.0757011 0.0815882 0.0914774 0.0969510 0.1041693 0.0600675 0.0000000 0.0297036 0.0295984 0.0295984 0.0755434 0.0546672 0.3211704 0.3096956 0.3013740 0.3344426 0.3522182 0.3284777 
taxon9     0.1088110 0.1093483 0.0924083 0.0930035 0.1029808 0.0971641 0.1043997 0.0608126 0.0297036 0.0000000 0.0097292 0.0097292 0.0815995 0.0603934 0.3158544 0.3051095 0.2967855 0.3220249 0.3395932 0.3452502 
taxon10    0.1084092 0.1140692 0.0971298 0.0977527 0.1076766 0.1018511 0.1091032 0.0655980 0.0295984 0.0097292 0.0000000 0.0000010 0.0863295 0.0651479 0.3204945 0.3097903 0.3014613 0.3212323 0.3387503 0.3499039 
taxon11    0.1084092 0.1140692 0.0971298 0.0977527 0.1076766 0.1018511 0.1091032 0.0655980 0.0295984 0.0097292 0.0000010 0.0000000 0.0863295 0.0651479 0.3204945 0.3097903 0.3014613 0.3212323 0.3387503 0.3499039 
taxon12    0.0771200 0.0719586 0.0502982 0.0561046 0.0660699 0.0820086 0.0783643 0.0656058 0.0755434 0.0815995 0.0863295 0.0863295 0.0000000 0.0297650 0.2560068 0.2644091 0.2568222 0.2836300 0.3179105 0.2831905 
taxon13    0.0660926 0.0609898 0.0501326 0.0453861 0.0552806 0.0606204 0.0568098 0.0552160 0.0546672 0.0603934 0.0651479 0.0651479 0.0297650 0.0000000 0.2678145 0.2640657 0.2686697 0.2827534 0.3044074 0.2825287 
taxon14    0.2530396 0.2470519 0.2503123 0.2545809 0.2653955 0.2707027 0.2667503 0.3027274 0.3211704 0.3158544 0.3204945 0.3204945 0.2560068 0.2678145 0.0000000 0.0194469 0.0194789 0.0293836 0.0547133 0.1047745 
taxon15    0.2615093 0.2554653 0.2512588 0.2631130 0.2739889 0.2793279 0.2753188 0.2842767 0.3096956 0.3051095 0.3097903 0.3097903 0.2644091 0.2640657 0.0194469 0.0000000 0.0194415 0.0293266 0.0445883 0.1050791 
taxon16    0.2538541 0.2478464 0.2437789 0.2554063 0.2662523 0.2715756 0.2676079 0.2761715 0.3013740 0.2967855 0.3014613 0.3014613 0.2568222 0.2686697 0.0194789 0.0194415 0.0000000 0.0293752 0.0546970 0.1161301 
taxon17    0.2734224 0.2748088 0.2702721 0.2826457 0.2935488 0.2858228 0.2817786 0.3164271 0.3344426 0.3220249 0.3212323 0.3212323 0.2836300 0.2827534 0.0293836 0.0293266 0.0293752 0.0000000 0.0245084 0.1273050 
taxon18    0.2993420 0.3008486 0.3041758 0.3174878 0.3284395 0.3204068 0.3161872 0.3249579 0.3522182 0.3395932 0.3387503 0.3387503 0.3179105 0.3044074 0.0547133 0.0445883 0.0546970 0.0245084 0.0000000 0.1558636 
taxon19    0.2467739 0.2407339 0.2566390 0.2610636 0.2719906 0.2925900 0.2659996 0.3159124 0.3284777 0.3452502 0.3499039 0.3499039 0.2831905 0.2825287 0.1047745 0.1050791 0.1161301 0.1273050 0.1558636 0.0000000 
