19
taxon0     0.0000000 0.0145383 0.0194502 0.0243340 0.1843711 0.1786438 0.1925677 0.1845824 0.1725840 0.1769864 0.1839729 0.1728886 0.1671783 0.1671783 0.1769587 0.1660200 0.1666934 0.1766066 0.1715200 
taxon1     0.0145383 0.0000000 0.0245018 0.0294279 0.1915172 0.1857375 0.2123555 0.1917359 0.1796081 0.1840233 0.1911212 0.1799370 0.1741743 0.1741743 0.1839967 0.1722811 0.1858328 0.1836271 0.1785178 
taxon2     0.0194502 0.0245018 0.0000000 0.0048146 0.1650250 0.1593888 0.1850179 0.1652176 0.1534633 0.1658502 0.1727474 0.1609287 0.1552602 0.1552602 0.1779809 0.1790317 0.1667162 0.1776247 0.1596361 
taxon3     0.0243340 0.0294279 0.0048146 0.0000000 0.1706728 0.1650250 0.1907793 0.1708704 0.1590765 0.1715274 0.1784764 0.1666080 0.1609287 0.1609287 0.1837063 0.1847783 0.1724102 0.1833377 0.1652811 
taxon4     0.1843711 0.1915172 0.1650250 0.1706728 0.0000000 0.0047810 0.0441870 0.0289152 0.0095532 0.0293754 0.0345221 0.0341739 0.0391851 0.0391851 0.0343228 0.0445644 0.0391110 0.0342640 0.0241222 
taxon5     0.1786438 0.1857375 0.1593888 0.1650250 0.0047810 0.0000000 0.0392452 0.0240745 0.0143775 0.0343831 0.0395833 0.0391851 0.0342590 0.0342590 0.0393546 0.0496757 0.0441459 0.0392870 0.0290438 
taxon6     0.1925677 0.2123555 0.1850179 0.1907793 0.0441870 0.0392452 0.0000000 0.0145755 0.0342534 0.0501733 0.0499193 0.0488861 0.0439581 0.0439581 0.0550863 0.0493372 0.0438450 0.0551749 0.0494194 
taxon7     0.1845824 0.1917359 0.1652176 0.1708704 0.0289152 0.0240745 0.0145755 0.0000000 0.0192106 0.0344810 0.0446209 0.0441737 0.0392334 0.0392334 0.0393354 0.0547496 0.0491518 0.0393985 0.0339565 
taxon8     0.1725840 0.1796081 0.1534633 0.1590765 0.0095532 0.0143775 0.0342534 0.0192106 0.0000000 0.0195214 0.0245797 0.0243296 0.0292914 0.0292914 0.0244375 0.0345542 0.0292361 0.0243959 0.0144238 
taxon9     0.1769864 0.1840233 0.1658502 0.1715274 0.0293754 0.0343831 0.0501733 0.0344810 0.0195214 0.0000000 0.0144231 0.0243445 0.0293096 0.0293096 0.0192978 0.0291519 0.0292542 0.0144322 0.0193217 
taxon10    0.1839729 0.1911212 0.1727474 0.1784764 0.0345221 0.0395833 0.0499193 0.0446209 0.0245797 0.0144231 0.0000000 0.0294277 0.0344460 0.0344460 0.0291877 0.0342593 0.0343805 0.0291381 0.0243302 
taxon11    0.1728886 0.1799370 0.1609287 0.1666080 0.0341739 0.0391851 0.0488861 0.0441737 0.0243296 0.0243445 0.0294277 0.0000000 0.0047705 0.0047705 0.0243349 0.0143741 0.0047617 0.0242937 0.0096446 
taxon12    0.1671783 0.1741743 0.1552602 0.1609287 0.0391851 0.0342590 0.0439581 0.0392334 0.0292914 0.0293096 0.0344460 0.0047705 0.0000000 0.0000010 0.0292982 0.0192294 0.0095549 0.0292484 0.0145139 
taxon13    0.1671783 0.1741743 0.1552602 0.1609287 0.0391851 0.0342590 0.0439581 0.0392334 0.0292914 0.0293096 0.0344460 0.0047705 0.0000010 0.0000000 0.0292982 0.0192294 0.0095549 0.0292484 0.0145139 
taxon15    0.1769587 0.1839967 0.1779809 0.1837063 0.0343228 0.0393546 0.0550863 0.0393354 0.0244375 0.0192978 0.0291877 0.0243349 0.0292982 0.0292982 0.0000000 0.0291407 0.0292429 0.0047663 0.0144266 
taxon16    0.1660200 0.1722811 0.1790317 0.1847783 0.0445644 0.0496757 0.0493372 0.0547496 0.0345542 0.0291519 0.0342593 0.0143741 0.0192294 0.0192294 0.0291407 0.0000000 0.0095502 0.0290914 0.0242928 
taxon17    0.1666934 0.1858328 0.1667162 0.1724102 0.0391110 0.0441459 0.0438450 0.0491518 0.0292361 0.0292542 0.0343805 0.0047617 0.0095549 0.0095549 0.0292429 0.0095502 0.0000000 0.0291932 0.0144867 
taxon18    0.1766066 0.1836271 0.1776247 0.1833377 0.0342640 0.0392870 0.0551749 0.0393985 0.0243959 0.0144322 0.0291381 0.0242937 0.0292484 0.0292484 0.0047663 0.0290914 0.0291932 0.0000000 0.0144025 
taxon19    0.1715200 0.1785178 0.1596361 0.1652811 0.0241222 0.0290438 0.0494194 0.0339565 0.0144238 0.0193217 0.0243302 0.0096446 0.0145139 0.0145139 0.0144266 0.0242928 0.0144867 0.0144025 0.0000000 
