20
taxon0     0.0000000 0.2080949 0.2356125 0.2654526 0.3772738 0.4828078 0.4818608 0.4348496 0.4531575 0.4355676 0.4348898 0.4298744 0.5250960 0.4746594 0.5040774 0.5137215 0.4918284 0.4988619 0.5726848 0.5069617 
taxon1     0.2080949 0.0000000 0.1238025 0.1644523 0.4309181 0.4739589 0.5045418 0.4673454 0.5114277 0.5194522 0.4948844 0.5068581 0.5515159 0.5133995 0.5629810 0.5656700 0.5430185 0.5284083 0.5933287 0.5575051 
taxon2     0.2356125 0.1238025 0.0000000 0.0641718 0.4432326 0.5026298 0.5390198 0.4664967 0.5427629 0.5099938 0.5249626 0.5143462 0.5245868 0.4924318 0.5227790 0.5341307 0.5201661 0.4860460 0.5720052 0.5211614 
taxon3     0.2654526 0.1644523 0.0641718 0.0000000 0.4838542 0.5570164 0.5979525 0.4882265 0.5656420 0.5302159 0.5329519 0.5330746 0.5635275 0.5274797 0.5590935 0.5708704 0.5569292 0.5189940 0.6093280 0.5588025 
taxon4     0.3772738 0.4309181 0.4432326 0.4838542 0.0000000 0.2083327 0.2000317 0.3716480 0.3790846 0.3872571 0.3562619 0.3676410 0.4502504 0.3620185 0.3999982 0.3885211 0.4222804 0.4212042 0.4498286 0.4242021 
taxon5     0.4828078 0.4739589 0.5026298 0.5570164 0.2083327 0.0000000 0.0801154 0.4137894 0.4360814 0.4704630 0.4391492 0.4324210 0.5105519 0.4259099 0.4951867 0.5029088 0.5096148 0.5417974 0.5423036 0.5202076 
taxon6     0.4818608 0.5045418 0.5390198 0.5979525 0.2000317 0.0801154 0.0000000 0.3988729 0.4401568 0.4679784 0.4392975 0.4519328 0.5246018 0.4416876 0.4778325 0.5002425 0.5104303 0.4996073 0.4950268 0.4728223 
taxon7     0.4348496 0.4673454 0.4664967 0.4882265 0.3716480 0.4137894 0.3988729 0.0000000 0.1462445 0.1556849 0.2473371 0.2219791 0.3250860 0.2824979 0.3115645 0.3365541 0.3244284 0.3446144 0.3660189 0.3724739 
taxon8     0.4531575 0.5114277 0.5427629 0.5656420 0.3790846 0.4360814 0.4401568 0.1462445 0.0000000 0.1387225 0.2926522 0.2837897 0.3918293 0.3410457 0.3709842 0.3776591 0.4105037 0.4263511 0.4519866 0.4432799 
taxon9     0.4355676 0.5194522 0.5099938 0.5302159 0.3872571 0.4704630 0.4679784 0.1556849 0.1387225 0.0000000 0.2786940 0.2377027 0.3599130 0.3124418 0.3253149 0.3441258 0.3530015 0.3603763 0.3957037 0.3999378 
taxon10    0.4348898 0.4948844 0.5249626 0.5329519 0.3562619 0.4391492 0.4392975 0.2473371 0.2926522 0.2786940 0.0000000 0.1243459 0.2569309 0.2120076 0.2217543 0.2423502 0.3015975 0.3136774 0.3206586 0.3287028 
taxon11    0.4298744 0.5068581 0.5143462 0.5330746 0.3676410 0.4324210 0.4519328 0.2219791 0.2837897 0.2377027 0.1243459 0.0000000 0.2485563 0.2038167 0.2242553 0.2376985 0.2763039 0.2774057 0.2920717 0.3038075 
taxon12    0.5250960 0.5515159 0.5245868 0.5635275 0.4502504 0.5105519 0.5246018 0.3250860 0.3918293 0.3599130 0.2569309 0.2485563 0.0000000 0.0937870 0.1838518 0.2037671 0.2275253 0.2347187 0.2687884 0.2533441 
taxon13    0.4746594 0.5133995 0.4924318 0.5274797 0.3620185 0.4259099 0.4416876 0.2824979 0.3410457 0.3124418 0.2120076 0.2038167 0.0937870 0.0000000 0.1264921 0.1383953 0.1962732 0.2055711 0.2370278 0.2199159 
taxon14    0.5040774 0.5629810 0.5227790 0.5590935 0.3999982 0.4951867 0.4778325 0.3115645 0.3709842 0.3253149 0.2217543 0.2242553 0.1838518 0.1264921 0.0000000 0.0515942 0.1413474 0.1692895 0.1962860 0.1808714 
taxon15    0.5137215 0.5656700 0.5341307 0.5708704 0.3885211 0.5029088 0.5002425 0.3365541 0.3776591 0.3441258 0.2423502 0.2376985 0.2037671 0.1383953 0.0515942 0.0000000 0.1652804 0.1900125 0.2184661 0.1813104 
taxon16    0.4918284 0.5430185 0.5201661 0.5569292 0.4222804 0.5096148 0.5104303 0.3244284 0.4105037 0.3530015 0.3015975 0.2763039 0.2275253 0.1962732 0.1413474 0.1652804 0.0000000 0.1260837 0.1647688 0.1364058 
taxon17    0.4988619 0.5284083 0.4860460 0.5189940 0.4212042 0.5417974 0.4996073 0.3446144 0.4263511 0.3603763 0.3136774 0.2774057 0.2347187 0.2055711 0.1692895 0.1900125 0.1260837 0.0000000 0.1213543 0.0966436 
taxon18    0.5726848 0.5933287 0.5720052 0.6093280 0.4498286 0.5423036 0.4950268 0.3660189 0.4519866 0.3957037 0.3206586 0.2920717 0.2687884 0.2370278 0.1962860 0.2184661 0.1647688 0.1213543 0.0000000 0.1036894 
taxon19    0.5069617 0.5575051 0.5211614 0.5588025 0.4242021 0.5202076 0.4728223 0.3724739 0.4432799 0.3999378 0.3287028 0.3038075 0.2533441 0.2199159 0.1808714 0.1813104 0.1364058 0.0966436 0.1036894 0.0000000 
