20
taxon0     0.0000000 0.0352738 0.0404231 0.0303089 0.0251213 0.0300407 0.0403885 0.0403821 0.0248982 0.0300532 0.0403469 0.2237409 0.2217796 0.2280897 0.2155916 0.2292629 0.2231290 0.2231290 0.2246722 0.2246722 
taxon1     0.0352738 0.0000000 0.0247958 0.0198616 0.0148169 0.0512678 0.0620302 0.0566110 0.0459027 0.0513064 0.0562683 0.2536833 0.2511116 0.2446598 0.2245799 0.2311557 0.2379654 0.2379654 0.2331899 0.2331899 
taxon2     0.0404231 0.0247958 0.0000000 0.0147872 0.0198091 0.0458001 0.0564381 0.0460397 0.0463561 0.0518127 0.0507750 0.2398598 0.2373807 0.2309925 0.2113690 0.2178736 0.2246081 0.2246081 0.2252575 0.2252575 
taxon3     0.0303089 0.0198616 0.0147872 0.0000000 0.0049364 0.0407671 0.0513798 0.0460383 0.0460908 0.0515165 0.0457592 0.2346091 0.2310097 0.2310464 0.2112060 0.2177110 0.2185467 0.2185467 0.2123428 0.2123428 
taxon4     0.0251213 0.0148169 0.0198091 0.0049364 0.0000000 0.0460804 0.0567861 0.0513967 0.0407488 0.0461143 0.0510848 0.2419423 0.2382543 0.2382930 0.2182933 0.2248464 0.2257084 0.2257084 0.2194739 0.2194739 
taxon5     0.0300407 0.0512678 0.0458001 0.0407671 0.0460804 0.0000000 0.0099371 0.0148889 0.0402792 0.0351263 0.0302767 0.2294903 0.2342747 0.2279435 0.2154467 0.2291160 0.2286755 0.2286755 0.2157048 0.2157048 
taxon6     0.0403885 0.0620302 0.0564381 0.0513798 0.0567861 0.0099371 0.0000000 0.0250209 0.0507698 0.0455389 0.0407010 0.2436003 0.2484075 0.2419997 0.2293628 0.2352514 0.2347991 0.2347991 0.2296403 0.2296403 
taxon7     0.0403821 0.0566110 0.0460397 0.0460383 0.0513967 0.0148889 0.0250209 0.0000000 0.0402754 0.0351231 0.0354690 0.2291257 0.2339044 0.2275820 0.2155508 0.2292281 0.2287872 0.2287872 0.2226050 0.2226050 
taxon8     0.0248982 0.0459027 0.0463561 0.0460908 0.0407488 0.0402792 0.0507698 0.0402754 0.0000000 0.0049359 0.0249146 0.2156650 0.2204282 0.2141747 0.2018242 0.2152790 0.2148681 0.2148681 0.2231139 0.2231139 
taxon9     0.0300532 0.0513064 0.0518127 0.0515165 0.0461143 0.0351263 0.0455389 0.0351231 0.0049359 0.0000000 0.0300728 0.2231047 0.2278889 0.2215804 0.2091277 0.2227268 0.2222990 0.2222990 0.2163006 0.2163006 
taxon10    0.0403469 0.0562683 0.0507750 0.0457592 0.0510848 0.0302767 0.0407010 0.0354690 0.0249146 0.0300728 0.0000000 0.2234147 0.2281939 0.2218908 0.2094429 0.2230324 0.2226045 0.2226045 0.2239329 0.2239329 
taxon11    0.2237409 0.2536833 0.2398598 0.2346091 0.2419423 0.2294903 0.2436003 0.2291257 0.2156650 0.2231047 0.2234147 0.0000000 0.0250585 0.0250169 0.0305418 0.0409673 0.0357476 0.0357476 0.0418313 0.0418313 
taxon12    0.2217796 0.2511116 0.2373807 0.2310097 0.2382543 0.2342747 0.2484075 0.2339044 0.2204282 0.2278889 0.2281939 0.0250585 0.0000000 0.0049658 0.0354965 0.0358045 0.0409944 0.0409944 0.0417179 0.0417179 
taxon13    0.2280897 0.2446598 0.2309925 0.2310464 0.2382930 0.2279435 0.2419997 0.2275820 0.2141747 0.2215804 0.2218908 0.0250169 0.0049658 0.0000000 0.0303798 0.0306433 0.0408928 0.0408928 0.0414901 0.0414901 
taxon14    0.2155916 0.2245799 0.2113690 0.2112060 0.2182933 0.2154467 0.2293628 0.2155508 0.2018242 0.2091277 0.2094429 0.0305418 0.0354965 0.0303798 0.0000000 0.0150154 0.0149914 0.0149914 0.0253949 0.0253949 
taxon15    0.2292629 0.2311557 0.2178736 0.2177110 0.2248464 0.2291160 0.2352514 0.2292281 0.2152790 0.2227268 0.2230324 0.0409673 0.0358045 0.0306433 0.0150154 0.0000000 0.0099187 0.0099187 0.0308878 0.0308878 
taxon16    0.2231290 0.2379654 0.2246081 0.2185467 0.2257084 0.2286755 0.2347991 0.2287872 0.2148681 0.2222990 0.2226045 0.0357476 0.0409944 0.0408928 0.0149914 0.0099187 0.0000000 0.0000010 0.0306675 0.0306675 
taxon17    0.2231290 0.2379654 0.2246081 0.2185467 0.2257084 0.2286755 0.2347991 0.2287872 0.2148681 0.2222990 0.2226045 0.0357476 0.0409944 0.0408928 0.0149914 0.0099187 0.0000010 0.0000000 0.0306675 0.0306675 
taxon18    0.2246722 0.2331899 0.2252575 0.2123428 0.2194739 0.2157048 0.2296403 0.2226050 0.2231139 0.2163006 0.2239329 0.0418313 0.0417179 0.0414901 0.0253949 0.0308878 0.0306675 0.0306675 0.0000000 0.0000010 
taxon19    0.2246722 0.2331899 0.2252575 0.2123428 0.2194739 0.2157048 0.2296403 0.2226050 0.2231139 0.2163006 0.2239329 0.0418313 0.0417179 0.0414901 0.0253949 0.0308878 0.0306675 0.0306675 0.0000010 0.0000000 
