20
taxon0     0.0000000 0.0791449 0.2489050 0.2569414 0.2625085 0.2916443 0.2732262 0.2698534 0.2828510 0.4117188 0.3791888 0.4280294 0.4693989 0.4533736 0.4574475 0.3339015 0.3485419 0.3058151 0.3414222 0.3133551 
taxon1     0.0791449 0.0000000 0.2382048 0.2469402 0.2639665 0.2981294 0.2767299 0.2826374 0.2739057 0.4160671 0.3700718 0.4326536 0.4691085 0.4652475 0.4544292 0.3356110 0.3389802 0.3133142 0.3294706 0.3215344 
taxon2     0.2489050 0.2382048 0.0000000 0.0630289 0.2362513 0.2671749 0.1898576 0.2371297 0.2308148 0.4199488 0.3728603 0.4043351 0.4416018 0.4485401 0.4558002 0.3418219 0.3573310 0.3159216 0.3129992 0.3019789 
taxon3     0.2569414 0.2469402 0.0630289 0.0000000 0.2298049 0.2604945 0.2073676 0.2466551 0.2307907 0.4185555 0.3770293 0.4253023 0.4529839 0.4600508 0.4555902 0.3545369 0.3704622 0.3246113 0.3249390 0.3123070 
taxon4     0.2625085 0.2639665 0.2362513 0.2298049 0.0000000 0.0403294 0.1812276 0.1567466 0.1768542 0.3553143 0.4142612 0.4083765 0.4379913 0.4254286 0.4392809 0.3581813 0.3855937 0.3486255 0.3227195 0.3339041 
taxon5     0.2916443 0.2981294 0.2671749 0.2604945 0.0403294 0.0000000 0.2012142 0.1817166 0.1857835 0.3614953 0.4488753 0.4422392 0.4753385 0.4622969 0.4768603 0.3944505 0.4303500 0.3918785 0.3648197 0.3760773 
taxon6     0.2732262 0.2767299 0.1898576 0.2073676 0.1812276 0.2012142 0.0000000 0.1326680 0.1430952 0.4272571 0.4315766 0.4623308 0.4590619 0.4526315 0.4685390 0.3468525 0.3759331 0.3356821 0.3196098 0.3193151 
taxon7     0.2698534 0.2826374 0.2371297 0.2466551 0.1567466 0.1817166 0.1326680 0.0000000 0.0857775 0.3978541 0.4482058 0.4414801 0.4807780 0.4575401 0.4865050 0.3859085 0.4113625 0.3862781 0.3568810 0.3566558 
taxon8     0.2828510 0.2739057 0.2308148 0.2307907 0.1768542 0.1857835 0.1430952 0.0857775 0.0000000 0.4160731 0.4307069 0.4620331 0.4905758 0.4754886 0.4977188 0.4066284 0.4383673 0.4063410 0.3798570 0.3723603 
taxon9     0.4117188 0.4160671 0.4199488 0.4185555 0.3553143 0.3614953 0.4272571 0.3978541 0.4160731 0.0000000 0.1647849 0.1645840 0.1936983 0.2056478 0.2092192 0.1984961 0.1945254 0.2458165 0.2642931 0.2418887 
taxon10    0.3791888 0.3700718 0.3728603 0.3770293 0.4142612 0.4488753 0.4315766 0.4482058 0.4307069 0.1647849 0.0000000 0.1433475 0.1761683 0.1809929 0.1750823 0.2066424 0.2235650 0.2813904 0.2764077 0.2613186 
taxon11    0.4280294 0.4326536 0.4043351 0.4253023 0.4083765 0.4422392 0.4623308 0.4414801 0.4620331 0.1645840 0.1433475 0.0000000 0.0808072 0.0906189 0.0920572 0.2218399 0.2268041 0.2914150 0.2860005 0.2725313 
taxon12    0.4693989 0.4691085 0.4416018 0.4529839 0.4379913 0.4753385 0.4590619 0.4807780 0.4905758 0.1936983 0.1761683 0.0808072 0.0000000 0.0642566 0.0527318 0.2652933 0.2625398 0.3024283 0.3084998 0.2780802 
taxon13    0.4533736 0.4652475 0.4485401 0.4600508 0.4254286 0.4622969 0.4526315 0.4575401 0.4754886 0.2056478 0.1809929 0.0906189 0.0642566 0.0000000 0.0589693 0.2532683 0.2660606 0.3260729 0.3276508 0.2879443 
taxon14    0.4574475 0.4544292 0.4558002 0.4555902 0.4392809 0.4768603 0.4685390 0.4865050 0.4977188 0.2092192 0.1750823 0.0920572 0.0527318 0.0589693 0.0000000 0.2739857 0.2622366 0.3129055 0.3145020 0.2834853 
taxon15    0.3339015 0.3356110 0.3418219 0.3545369 0.3581813 0.3944505 0.3468525 0.3859085 0.4066284 0.1984961 0.2066424 0.2218399 0.2652933 0.2532683 0.2739857 0.0000000 0.0691950 0.2008309 0.1917173 0.1841020 
taxon16    0.3485419 0.3389802 0.3573310 0.3704622 0.3855937 0.4303500 0.3759331 0.4113625 0.4383673 0.1945254 0.2235650 0.2268041 0.2625398 0.2660606 0.2622366 0.0691950 0.0000000 0.1869788 0.1868118 0.1723875 
taxon17    0.3058151 0.3133142 0.3159216 0.3246113 0.3486255 0.3918785 0.3356821 0.3862781 0.4063410 0.2458165 0.2813904 0.2914150 0.3024283 0.3260729 0.3129055 0.2008309 0.1869788 0.0000000 0.0805088 0.0673725 
taxon18    0.3414222 0.3294706 0.3129992 0.3249390 0.3227195 0.3648197 0.3196098 0.3568810 0.3798570 0.2642931 0.2764077 0.2860005 0.3084998 0.3276508 0.3145020 0.1917173 0.1868118 0.0805088 0.0000000 0.0560198 
taxon19    0.3133551 0.3215344 0.3019789 0.3123070 0.3339041 0.3760773 0.3193151 0.3566558 0.3723603 0.2418887 0.2613186 0.2725313 0.2780802 0.2879443 0.2834853 0.1841020 0.1723875 0.0673725 0.0560198 0.0000000 
