20
taxon0     0.0000000 0.0202113 0.0750853 0.0624190 0.1858004 0.2111421 0.1921675 0.1984429 0.2122904 0.2010495 0.2171618 0.2156367 0.2102226 0.2246046 0.1950781 0.1892662 0.2003794 0.2085452 0.1896263 0.1796862 
taxon1     0.0202113 0.0000000 0.0815407 0.0677028 0.1849189 0.2105965 0.2036378 0.1977323 0.2117573 0.2069759 0.2166841 0.2151421 0.2222263 0.2369549 0.1926684 0.1925588 0.2038397 0.2125376 0.2059181 0.1814170 
taxon2     0.0750853 0.0815407 0.0000000 0.0639194 0.1740890 0.2011952 0.1985945 0.1800466 0.2119757 0.1951563 0.2107307 0.2045811 0.2166524 0.2332858 0.1799686 0.1781971 0.2100474 0.2094210 0.1973318 0.1684465 
taxon3     0.0624190 0.0677028 0.0639194 0.0000000 0.1758611 0.2038027 0.2090538 0.1943127 0.2202826 0.2034616 0.2124003 0.2115792 0.2209791 0.2357753 0.1986195 0.1932888 0.2056473 0.2206452 0.2008196 0.1836656 
taxon4     0.1858004 0.1849189 0.1740890 0.1758611 0.0000000 0.0571149 0.0519323 0.0680885 0.0851458 0.0800505 0.0872234 0.0865247 0.0875983 0.1051183 0.1152043 0.1179640 0.1385799 0.1390506 0.1442997 0.1156674 
taxon5     0.2111421 0.2105965 0.2011952 0.2038027 0.0571149 0.0000000 0.0664338 0.1013963 0.1127497 0.1076487 0.1158321 0.1094279 0.1123287 0.1304519 0.1186463 0.1347111 0.1367432 0.1498006 0.1553439 0.1277920 
taxon6     0.1921675 0.2036378 0.1985945 0.2090538 0.0519323 0.0664338 0.0000000 0.0955302 0.1071654 0.1078201 0.1211930 0.1147444 0.1116679 0.1297284 0.1372593 0.1403866 0.1606623 0.1545267 0.1615430 0.1441552 
taxon7     0.1984429 0.1977323 0.1800466 0.1943127 0.0680885 0.1013963 0.0955302 0.0000000 0.0453510 0.0353898 0.0409616 0.0356157 0.0464403 0.0625832 0.1379001 0.1258293 0.1559034 0.1491563 0.1741115 0.1321896 
taxon8     0.2122904 0.2117573 0.2119757 0.2202826 0.0851458 0.1127497 0.1071654 0.0453510 0.0000000 0.0458411 0.0466412 0.0626523 0.0637369 0.0804915 0.1467735 0.1554363 0.1624287 0.1562124 0.1805678 0.1461057 
taxon9     0.2010495 0.2069759 0.1951563 0.2034616 0.0800505 0.1076487 0.1078201 0.0353898 0.0458411 0.0000000 0.0572877 0.0466173 0.0526228 0.0691383 0.1453063 0.1298408 0.1565077 0.1511109 0.1747912 0.1346245 
taxon10    0.2171618 0.2166841 0.2107307 0.2124003 0.0872234 0.1158321 0.1211930 0.0409616 0.0466412 0.0572877 0.0000000 0.0250785 0.0359271 0.0518728 0.1530066 0.1551847 0.1577614 0.1571753 0.1825719 0.1547451 
taxon11    0.2156367 0.2151421 0.2045811 0.2115792 0.0865247 0.1094279 0.1147444 0.0356157 0.0626523 0.0466173 0.0250785 0.0000000 0.0356289 0.0514504 0.1514721 0.1423757 0.1628415 0.1575408 0.1771846 0.1460818 
taxon12    0.2102226 0.2222263 0.2166524 0.2209791 0.0875983 0.1123287 0.1116679 0.0464403 0.0637369 0.0526228 0.0359271 0.0356289 0.0000000 0.0149965 0.1455739 0.1438267 0.1520805 0.1465214 0.1719262 0.1525698 
taxon13    0.2246046 0.2369549 0.2332858 0.2357753 0.1051183 0.1304519 0.1297284 0.0625832 0.0804915 0.0691383 0.0518728 0.0514504 0.0149965 0.0000000 0.1647068 0.1569900 0.1654923 0.1657067 0.1857082 0.1656471 
taxon14    0.1950781 0.1926684 0.1799686 0.1986195 0.1152043 0.1186463 0.1372593 0.1379001 0.1467735 0.1453063 0.1530066 0.1514721 0.1455739 0.1647068 0.0000000 0.0519202 0.0690939 0.0694900 0.0742723 0.1065686 
taxon15    0.1892662 0.1925588 0.1781971 0.1932888 0.1179640 0.1347111 0.1403866 0.1258293 0.1554363 0.1298408 0.1551847 0.1423757 0.1438267 0.1569900 0.0519202 0.0000000 0.0402960 0.0678179 0.0624809 0.1125748 
taxon16    0.2003794 0.2038397 0.2100474 0.2056473 0.1385799 0.1367432 0.1606623 0.1559034 0.1624287 0.1565077 0.1577614 0.1628415 0.1520805 0.1654923 0.0690939 0.0402960 0.0000000 0.0572608 0.0574212 0.1312555 
taxon17    0.2085452 0.2125376 0.2094210 0.2206452 0.1390506 0.1498006 0.1545267 0.1491563 0.1562124 0.1511109 0.1571753 0.1575408 0.1465214 0.1657067 0.0694900 0.0678179 0.0572608 0.0000000 0.0510278 0.1446687 
taxon18    0.1896263 0.2059181 0.1973318 0.2008196 0.1442997 0.1553439 0.1615430 0.1741115 0.1805678 0.1747912 0.1825719 0.1771846 0.1719262 0.1857082 0.0742723 0.0624809 0.0574212 0.0510278 0.0000000 0.1385419 
taxon19    0.1796862 0.1814170 0.1684465 0.1836656 0.1156674 0.1277920 0.1441552 0.1321896 0.1461057 0.1346245 0.1547451 0.1460818 0.1525698 0.1656471 0.1065686 0.1125748 0.1312555 0.1446687 0.1385419 0.0000000 
