20
taxon0     0.0000000 0.0253697 0.0202385 0.0417080 0.0358996 0.0565855 0.0622801 0.0515414 0.0566367 0.2245639 0.2236593 0.2459333 0.2398622 0.2762264 0.2531978 0.2684411 0.2814965 0.2438427 0.2664223 0.2505880 
taxon1     0.0253697 0.0000000 0.0254302 0.0685902 0.0516594 0.0725467 0.0784269 0.0674974 0.0726124 0.2314522 0.2305339 0.2528852 0.2468826 0.2704279 0.2602132 0.2755976 0.2761322 0.2508415 0.2736024 0.2576353 
taxon2     0.0202385 0.0254302 0.0000000 0.0419393 0.0307800 0.0462664 0.0518658 0.0412067 0.0463081 0.2126262 0.2117412 0.2400943 0.2339439 0.2702413 0.2473292 0.2625039 0.2630144 0.2379563 0.2604576 0.2446832 
taxon3     0.0417080 0.0685902 0.0419393 0.0000000 0.0260430 0.0312281 0.0473348 0.0365836 0.0417517 0.2432842 0.2286634 0.2712856 0.2446949 0.2763853 0.2670489 0.2672269 0.2802412 0.2544108 0.2771747 0.2612015 
taxon4     0.0358996 0.0516594 0.0307800 0.0260430 0.0000000 0.0254506 0.0308110 0.0204001 0.0254735 0.2402057 0.2256943 0.2542091 0.2344878 0.2708699 0.2615827 0.2549120 0.2678534 0.2442658 0.2669187 0.2510321 
taxon5     0.0565855 0.0725467 0.0462664 0.0312281 0.0254506 0.0000000 0.0255251 0.0152104 0.0202607 0.2460926 0.2315402 0.2739354 0.2669435 0.2910654 0.2814644 0.2612667 0.2742529 0.2766747 0.2999939 0.2836162 
taxon6     0.0622801 0.0784269 0.0518658 0.0473348 0.0308110 0.0255251 0.0000000 0.0101489 0.0255484 0.2674428 0.2525393 0.2819399 0.2757295 0.2993310 0.2747863 0.2691562 0.2822596 0.2718907 0.2802712 0.2641877 
taxon7     0.0515414 0.0674974 0.0412067 0.0365836 0.0204001 0.0152104 0.0101489 0.0000000 0.0152241 0.2533937 0.2387074 0.2813758 0.2615640 0.2987306 0.2742359 0.2686136 0.2816951 0.2713414 0.2797073 0.2636539 
taxon8     0.0566367 0.0726124 0.0463081 0.0417517 0.0254735 0.0202607 0.0255484 0.0152241 0.0000000 0.2590118 0.2443071 0.2736662 0.2539357 0.2907778 0.2811879 0.2610088 0.2739835 0.2636857 0.2810318 0.2705587 
taxon9     0.2245639 0.2314522 0.2126262 0.2432842 0.2402057 0.2460926 0.2674428 0.2533937 0.2590118 0.0000000 0.0101626 0.0465201 0.0417929 0.0679793 0.0576413 0.0689707 0.0798629 0.0531897 0.0632526 0.0642531 
taxon10    0.2236593 0.2305339 0.2117412 0.2286634 0.2256943 0.2315402 0.2525393 0.2387074 0.2443071 0.0101626 0.0000000 0.0462503 0.0309907 0.0568505 0.0573138 0.0628062 0.0735482 0.0472223 0.0572097 0.0581104 
taxon11    0.2459333 0.2528852 0.2400943 0.2712856 0.2542091 0.2739354 0.2819399 0.2813758 0.2736662 0.0465201 0.0462503 0.0000000 0.0363553 0.0463701 0.0357552 0.0465443 0.0570925 0.0311438 0.0469742 0.0417982 
taxon12    0.2398622 0.2468826 0.2339439 0.2446949 0.2344878 0.2669435 0.2757295 0.2615640 0.2539357 0.0417929 0.0309907 0.0363553 0.0000000 0.0510795 0.0514953 0.0568982 0.0674937 0.0255148 0.0354221 0.0359809 
taxon13    0.2762264 0.2704279 0.2702413 0.2763853 0.2708699 0.2910654 0.2993310 0.2987306 0.2907778 0.0679793 0.0568505 0.0463701 0.0510795 0.0000000 0.0459855 0.0513260 0.0508813 0.0407398 0.0561063 0.0513051 
taxon14    0.2531978 0.2602132 0.2473292 0.2670489 0.2615827 0.2814644 0.2747863 0.2742359 0.2811879 0.0576413 0.0573138 0.0357552 0.0514953 0.0459855 0.0000000 0.0302279 0.0404554 0.0303280 0.0408987 0.0199896 
taxon15    0.2684411 0.2755976 0.2625039 0.2672269 0.2549120 0.2612667 0.2691562 0.2686136 0.2610088 0.0689707 0.0628062 0.0465443 0.0568982 0.0513260 0.0302279 0.0000000 0.0198713 0.0301299 0.0511871 0.0300188 
taxon16    0.2814965 0.2761322 0.2630144 0.2802412 0.2678534 0.2742529 0.2822596 0.2816951 0.2739835 0.0798629 0.0735482 0.0570925 0.0674937 0.0508813 0.0404554 0.0198713 0.0000000 0.0403269 0.0616529 0.0401787 
taxon17    0.2438427 0.2508415 0.2379563 0.2544108 0.2442658 0.2766747 0.2718907 0.2713414 0.2636857 0.0531897 0.0472223 0.0311438 0.0255148 0.0407398 0.0303280 0.0301299 0.0403269 0.0000000 0.0202021 0.0099785 
taxon18    0.2664223 0.2736024 0.2604576 0.2771747 0.2669187 0.2999939 0.2802712 0.2797073 0.2810318 0.0632526 0.0572097 0.0469742 0.0354221 0.0561063 0.0408987 0.0511871 0.0616529 0.0202021 0.0000000 0.0201927 
taxon19    0.2505880 0.2576353 0.2446832 0.2612015 0.2510321 0.2836162 0.2641877 0.2636539 0.2705587 0.0642531 0.0581104 0.0417982 0.0359809 0.0513051 0.0199896 0.0300188 0.0401787 0.0099785 0.0201927 0.0000000 
