20
taxon0     0.0000000 0.0492035 0.0600422 0.0439990 0.0823535 0.0823994 0.0998016 0.0927968 0.0966123 0.0758830 0.1121975 0.1017924 0.2516314 0.2670404 0.2596663 0.2800350 0.3005914 0.3140745 0.3155448 0.2934662 
taxon1     0.0492035 0.0000000 0.0295757 0.0144286 0.1035877 0.0766312 0.0937959 0.0869326 0.0753033 0.0752958 0.0903440 0.0906227 0.2524135 0.2668461 0.2604705 0.2812828 0.2882246 0.2889116 0.2819117 0.2685464 
taxon2     0.0600422 0.0295757 0.0000000 0.0146447 0.1274479 0.0995616 0.1032046 0.1101179 0.0978561 0.0978387 0.1185768 0.1080896 0.2540865 0.2624745 0.2430108 0.2834783 0.2904404 0.2911331 0.2840232 0.2839543 
taxon3     0.0439990 0.0144286 0.0146447 0.0000000 0.1091492 0.0820169 0.0993248 0.0923613 0.0806019 0.0805924 0.1063048 0.0959893 0.2446609 0.2723441 0.2526445 0.2868329 0.2937861 0.2944835 0.2942112 0.2741094 
taxon4     0.0823535 0.1035877 0.1274479 0.1091492 0.0000000 0.0449558 0.0613934 0.0551493 0.0864348 0.0710673 0.1077562 0.0973015 0.2900659 0.3365898 0.3129472 0.3179583 0.3394992 0.3535509 0.3513385 0.3196856 
taxon5     0.0823994 0.0766312 0.0995616 0.0820169 0.0449558 0.0000000 0.0352459 0.0295648 0.0708320 0.0712301 0.1076370 0.0866561 0.2406420 0.2975141 0.2624588 0.2819953 0.3156609 0.3164145 0.2987918 0.2835059 
taxon6     0.0998016 0.0937959 0.1032046 0.0993248 0.0613934 0.0352459 0.0000000 0.0148325 0.0877464 0.0882394 0.1253359 0.1147220 0.2560604 0.2775916 0.2584722 0.2931348 0.3368079 0.3376189 0.2813129 0.2863707 
taxon7     0.0927968 0.0869326 0.1101179 0.0923613 0.0551493 0.0295648 0.0148325 0.0000000 0.0703508 0.0707439 0.1069075 0.0965479 0.2462363 0.3032847 0.2681144 0.2767884 0.3104348 0.3111785 0.2764038 0.2614072 
taxon8     0.0966123 0.0753033 0.0978561 0.0806019 0.0864348 0.0708320 0.0877464 0.0703508 0.0000000 0.0389754 0.0739322 0.0638657 0.2596217 0.3172604 0.2817211 0.3315273 0.3090386 0.3097754 0.3120279 0.2603025 
taxon9     0.0758830 0.0752958 0.0978387 0.0805924 0.0710673 0.0712301 0.0882394 0.0707439 0.0389754 0.0000000 0.0487826 0.0389015 0.2739751 0.3040995 0.2963697 0.3176769 0.2959470 0.3094638 0.3117107 0.2746829 
taxon10    0.1121975 0.0903440 0.1185768 0.1063048 0.1077562 0.1076370 0.1253359 0.1069075 0.0739322 0.0487826 0.0000000 0.0291132 0.3207324 0.3375599 0.3439141 0.3422715 0.3219547 0.3356639 0.3288838 0.3001855 
taxon11    0.1017924 0.0906227 0.1080896 0.0959893 0.0973015 0.0866561 0.1147220 0.0965479 0.0638657 0.0389015 0.0291132 0.0000000 0.2938068 0.3244160 0.3165361 0.3297514 0.3089375 0.3225537 0.3321607 0.2945485 
taxon12    0.2516314 0.2524135 0.2540865 0.2446609 0.2900659 0.2406420 0.2560604 0.2462363 0.2596217 0.2739751 0.3207324 0.2938068 0.0000000 0.0407232 0.0150564 0.0830701 0.0773141 0.0774925 0.0621715 0.0403756 
taxon13    0.2670404 0.2668461 0.2624745 0.2723441 0.3365898 0.2975141 0.2775916 0.3032847 0.3172604 0.3040995 0.3375599 0.3244160 0.0407232 0.0000000 0.0246898 0.0887423 0.0783403 0.0891125 0.0713363 0.0728187 
taxon14    0.2596663 0.2604705 0.2430108 0.2526445 0.3129472 0.2624588 0.2584722 0.2681144 0.2817211 0.2963697 0.3439141 0.3165361 0.0150564 0.0246898 0.0000000 0.0893807 0.0835288 0.0837222 0.0661043 0.0566388 
taxon15    0.2800350 0.2812828 0.2834783 0.2868329 0.3179583 0.2819953 0.2931348 0.2767884 0.3315273 0.3176769 0.3422715 0.3297514 0.0830701 0.0887423 0.0893807 0.0000000 0.0348631 0.0349433 0.0778668 0.0611585 
taxon16    0.3005914 0.2882246 0.2904404 0.2937861 0.3394992 0.3156609 0.3368079 0.3104348 0.3090386 0.2959470 0.3219547 0.3089375 0.0773141 0.0783403 0.0835288 0.0348631 0.0000000 0.0098520 0.0672903 0.0453988 
taxon17    0.3140745 0.2889116 0.2911331 0.2944835 0.3535509 0.3164145 0.3376189 0.3111785 0.3097754 0.3094638 0.3356639 0.3225537 0.0774925 0.0891125 0.0837222 0.0349433 0.0098520 0.0000000 0.0674466 0.0455036 
taxon18    0.3155448 0.2819117 0.2840232 0.2942112 0.3513385 0.2987918 0.2813129 0.2764038 0.3120279 0.3117107 0.3288838 0.3321607 0.0621715 0.0713363 0.0661043 0.0778668 0.0672903 0.0674466 0.0000000 0.0407562 
taxon19    0.2934662 0.2685464 0.2839543 0.2741094 0.3196856 0.2835059 0.2863707 0.2614072 0.2603025 0.2746829 0.3001855 0.2945485 0.0403756 0.0728187 0.0566388 0.0611585 0.0453988 0.0455036 0.0407562 0.0000000 
