20
taxon0     0.0000000 0.6771493 1.1462442 1.0993325 1.7594054 1.2596789 1.1822966 1.1761416 1.6816216 1.8072498 1.6050837 1.6579482 1.5774189 1.6958022 1.5724474 1.5242957 1.5937468 1.5357587 1.5531311 1.5535593 
taxon1     0.6771493 0.0000000 0.6935427 0.6820776 1.0839535 0.7479004 0.6887116 0.7179094 0.9161227 1.2822012 0.9275194 0.9095431 0.8662117 0.9782101 0.8671067 0.8979972 0.9568559 0.9659929 0.8520553 0.8683488 
taxon2     1.1462442 0.6935427 0.0000000 0.1950184 0.5995637 0.2593661 0.2956942 0.3501151 0.7489626 1.1871791 0.7097926 0.7449561 0.7502926 0.7551558 0.7218505 0.6767463 0.7273143 0.7406383 0.7205496 0.7125155 
taxon3     1.0993325 0.6820776 0.1950184 0.0000000 0.5886570 0.3369295 0.3104026 0.3568865 0.7266873 1.0495730 0.6902214 0.7635678 0.7202056 0.7347371 0.6676407 0.6460558 0.6958515 0.6942975 0.6693336 0.6720649 
taxon4     1.7594054 1.0839535 0.5995637 0.5886570 0.0000000 0.7465606 0.7508930 0.7156729 1.1151229 1.3367591 1.0592445 1.0170926 1.1113817 1.1477082 1.0525900 1.0460834 1.0333504 1.0782857 1.0411921 1.0783252 
taxon5     1.2596789 0.7479004 0.2593661 0.3369295 0.7465606 0.0000000 0.2816919 0.3200502 0.8273418 1.1801815 0.7689437 0.7655745 0.7588121 0.7001924 0.6789339 0.7308546 0.7793741 0.7355905 0.7312662 0.7580741 
taxon6     1.1822966 0.6887116 0.2956942 0.3104026 0.7508930 0.2816919 0.0000000 0.1316593 0.7985553 1.1542342 0.7418205 0.7833344 0.7182966 0.6605418 0.7149778 0.7846671 0.7607975 0.7981168 0.7429039 0.7622649 
taxon7     1.1761416 0.7179094 0.3501151 0.3568865 0.7156729 0.3200502 0.1316593 0.0000000 0.8109326 1.1117136 0.7093922 0.7631772 0.7065592 0.6311330 0.7187755 0.7391070 0.7309282 0.7677899 0.7822908 0.7626400 
taxon8     1.6816216 0.9161227 0.7489626 0.7266873 1.1151229 0.8273418 0.7985553 0.8109326 0.0000000 0.5061323 0.2416176 0.3205588 0.3105133 0.4589462 0.3720445 0.4058464 0.3548096 0.3646227 0.3369010 0.3911668 
taxon9     1.8072498 1.2822012 1.1871791 1.0495730 1.3367591 1.1801815 1.1542342 1.1117136 0.5061323 0.0000000 0.4508133 0.5363090 0.5726012 0.7947103 0.6587791 0.7225819 0.6387338 0.6862786 0.5907578 0.6951674 
taxon10    1.6050837 0.9275194 0.7097926 0.6902214 1.0592445 0.7689437 0.7418205 0.7093922 0.2416176 0.4508133 0.0000000 0.2113001 0.1929342 0.4687281 0.3663731 0.3914652 0.3693299 0.4328717 0.3660740 0.4000348 
taxon11    1.6579482 0.9095431 0.7449561 0.7635678 1.0170926 0.7655745 0.7833344 0.7631772 0.3205588 0.5363090 0.2113001 0.0000000 0.1652876 0.4736092 0.4104075 0.4304733 0.3964810 0.4521593 0.4080919 0.4334213 
taxon12    1.5774189 0.8662117 0.7502926 0.7202056 1.1113817 0.7588121 0.7182966 0.7065592 0.3105133 0.5726012 0.1929342 0.1652876 0.0000000 0.4563131 0.3242441 0.3804805 0.3366713 0.3917774 0.3934685 0.3708650 
taxon13    1.6958022 0.9782101 0.7551558 0.7347371 1.1477082 0.7001924 0.6605418 0.6311330 0.4589462 0.7947103 0.4687281 0.4736092 0.4563131 0.0000000 0.3336389 0.3491687 0.3749665 0.3943706 0.3583613 0.4213767 
taxon14    1.5724474 0.8671067 0.7218505 0.6676407 1.0525900 0.6789339 0.7149778 0.7187755 0.3720445 0.6587791 0.3663731 0.4104075 0.3242441 0.3336389 0.0000000 0.2185221 0.1701738 0.2560132 0.3297182 0.2920518 
taxon15    1.5242957 0.8979972 0.6767463 0.6460558 1.0460834 0.7308546 0.7846671 0.7391070 0.4058464 0.7225819 0.3914652 0.4304733 0.3804805 0.3491687 0.2185221 0.0000000 0.1989498 0.2225843 0.3595780 0.3375028 
taxon16    1.5937468 0.9568559 0.7273143 0.6958515 1.0333504 0.7793741 0.7607975 0.7309282 0.3548096 0.6387338 0.3693299 0.3964810 0.3366713 0.3749665 0.1701738 0.1989498 0.0000000 0.1517598 0.3494709 0.3300343 
taxon17    1.5357587 0.9659929 0.7406383 0.6942975 1.0782857 0.7355905 0.7981168 0.7677899 0.3646227 0.6862786 0.4328717 0.4521593 0.3917774 0.3943706 0.2560132 0.2225843 0.1517598 0.0000000 0.4158207 0.3696702 
taxon18    1.5531311 0.8520553 0.7205496 0.6693336 1.0411921 0.7312662 0.7429039 0.7822908 0.3369010 0.5907578 0.3660740 0.4080919 0.3934685 0.3583613 0.3297182 0.3595780 0.3494709 0.4158207 0.0000000 0.2143826 
taxon19    1.5535593 0.8683488 0.7125155 0.6720649 1.0783252 0.7580741 0.7622649 0.7626400 0.3911668 0.6951674 0.4000348 0.4334213 0.3708650 0.4213767 0.2920518 0.3375028 0.3300343 0.3696702 0.2143826 0.0000000 
