20
taxon0     0.0000000 0.1659494 0.1645847 0.2712517 0.2321010 0.2551500 0.4710957 0.4921725 0.4832404 0.4599349 0.5423111 0.5029881 0.4932450 0.5438642 0.5634158 0.5236711 0.5205309 0.5561510 0.5585497 0.5414417 
taxon1     0.1659494 0.0000000 0.0259838 0.2555991 0.2422680 0.2667139 0.4346797 0.4535072 0.4620715 0.4394172 0.5184980 0.4599824 0.4432870 0.4688927 0.4870554 0.4855865 0.4455043 0.5186067 0.4962042 0.4688214 
taxon2     0.1645847 0.0259838 0.0000000 0.2599217 0.2443115 0.2683994 0.4294092 0.4351018 0.4499661 0.4275699 0.5103201 0.4523810 0.4422493 0.4783530 0.4967375 0.4951750 0.4502186 0.5238310 0.5014171 0.4740199 
taxon3     0.2712517 0.2555991 0.2599217 0.0000000 0.1724647 0.1739678 0.4154260 0.4521544 0.4451369 0.4429048 0.4816956 0.4522822 0.4142145 0.4456602 0.4784512 0.4992869 0.4924443 0.5450077 0.5402457 0.5441891 
taxon4     0.2321010 0.2422680 0.2443115 0.1724647 0.0000000 0.0585259 0.4337543 0.4435748 0.4390799 0.4273559 0.4923349 0.4618368 0.4236163 0.4735401 0.5165589 0.4793400 0.4582472 0.5023400 0.5114217 0.4917717 
taxon5     0.2551500 0.2667139 0.2683994 0.1739678 0.0585259 0.0000000 0.4390937 0.4536176 0.4612299 0.4466763 0.5056468 0.4731450 0.4344106 0.4483234 0.5076959 0.4783733 0.4510549 0.5060290 0.5151137 0.5068588 
taxon6     0.4710957 0.4346797 0.4294092 0.4154260 0.4337543 0.4390937 0.0000000 0.0708964 0.1816301 0.1564792 0.2991922 0.3140624 0.2575202 0.2962106 0.3107966 0.3172009 0.2802628 0.3022915 0.2976103 0.3090208 
taxon7     0.4921725 0.4535072 0.4351018 0.4521544 0.4435748 0.4536176 0.0708964 0.0000000 0.1564576 0.1250866 0.3107063 0.3247322 0.2869669 0.2868818 0.3013597 0.3015374 0.2877435 0.3169958 0.3244216 0.3167365 
taxon8     0.4832404 0.4620715 0.4499661 0.4451369 0.4390799 0.4612299 0.1816301 0.1564576 0.0000000 0.0777123 0.2539735 0.2656991 0.2347488 0.2829875 0.2984041 0.2859173 0.2696138 0.2884848 0.3071744 0.2806315 
taxon9     0.4599349 0.4394172 0.4275699 0.4429048 0.4273559 0.4466763 0.1564792 0.1250866 0.0777123 0.0000000 0.2787013 0.2852596 0.2476696 0.2892990 0.3188356 0.2966855 0.2814264 0.3035367 0.3199123 0.3043638 
taxon10    0.5423111 0.5184980 0.5103201 0.4816956 0.4923349 0.5056468 0.2991922 0.3107063 0.2539735 0.2787013 0.0000000 0.0816342 0.1265703 0.2308439 0.2809989 0.2586664 0.2837902 0.2976328 0.2893171 0.3011629 
taxon11    0.5029881 0.4599824 0.4523810 0.4522822 0.4618368 0.4731450 0.3140624 0.3247322 0.2656991 0.2852596 0.0816342 0.0000000 0.1246972 0.2266773 0.2391544 0.2623475 0.2660832 0.2790783 0.2800061 0.2827294 
taxon12    0.4932450 0.4432870 0.4422493 0.4142145 0.4236163 0.4344106 0.2575202 0.2869669 0.2347488 0.2476696 0.1265703 0.1246972 0.0000000 0.1901919 0.2130838 0.2276322 0.2408689 0.2605877 0.2649000 0.2552616 
taxon13    0.5438642 0.4688927 0.4783530 0.4456602 0.4735401 0.4483234 0.2962106 0.2868818 0.2829875 0.2892990 0.2308439 0.2266773 0.1901919 0.0000000 0.0806931 0.1560299 0.1305218 0.1518539 0.1609327 0.1553223 
taxon14    0.5634158 0.4870554 0.4967375 0.4784512 0.5165589 0.5076959 0.3107966 0.3013597 0.2984041 0.3188356 0.2809989 0.2391544 0.2130838 0.0806931 0.0000000 0.1531343 0.1383734 0.1665049 0.1755207 0.1625819 
taxon15    0.5236711 0.4855865 0.4951750 0.4992869 0.4793400 0.4783733 0.3172009 0.3015374 0.2859173 0.2966855 0.2586664 0.2623475 0.2276322 0.1560299 0.1531343 0.0000000 0.0936643 0.1319790 0.1302393 0.1240730 
taxon16    0.5205309 0.4455043 0.4502186 0.4924443 0.4582472 0.4510549 0.2802628 0.2877435 0.2696138 0.2814264 0.2837902 0.2660832 0.2408689 0.1305218 0.1383734 0.0936643 0.0000000 0.0698546 0.0753859 0.0579722 
taxon17    0.5561510 0.5186067 0.5238310 0.5450077 0.5023400 0.5060290 0.3022915 0.3169958 0.2884848 0.3035367 0.2976328 0.2790783 0.2605877 0.1518539 0.1665049 0.1319790 0.0698546 0.0000000 0.0583373 0.0473766 
taxon18    0.5585497 0.4962042 0.5014171 0.5402457 0.5114217 0.5151137 0.2976103 0.3244216 0.3071744 0.3199123 0.2893171 0.2800061 0.2649000 0.1609327 0.1755207 0.1302393 0.0753859 0.0583373 0.0000000 0.0470671 
taxon19    0.5414417 0.4688214 0.4740199 0.5441891 0.4917717 0.5068588 0.3090208 0.3167365 0.2806315 0.3043638 0.3011629 0.2827294 0.2552616 0.1553223 0.1625819 0.1240730 0.0579722 0.0473766 0.0470671 0.0000000 
