20
taxon0     0.0000000 0.0307369 0.0148360 0.0198960 0.0298769 0.0511963 0.0459855 0.0517297 0.2940112 0.2850621 0.2908147 0.2998030 0.3435849 0.2911237 0.3263298 0.3263298 0.3262826 0.3243012 0.3243012 0.3312289 
taxon1     0.0307369 0.0000000 0.0307077 0.0412262 0.0461327 0.0512948 0.0515116 0.0463524 0.3210800 0.3116962 0.3020122 0.3137413 0.3265376 0.3085112 0.2916534 0.2916534 0.2916120 0.3065985 0.3065985 0.3134080 
taxon2     0.0148360 0.0307077 0.0000000 0.0248750 0.0348638 0.0510751 0.0458766 0.0516055 0.3003402 0.2913396 0.2970901 0.3194584 0.3429828 0.2973878 0.3257721 0.3257721 0.3115265 0.3237510 0.3237510 0.3306629 
taxon3     0.0198960 0.0412262 0.0248750 0.0000000 0.0098993 0.0565312 0.0512892 0.0465070 0.2943997 0.2854367 0.2911960 0.3135317 0.3440472 0.2915048 0.3267655 0.3267655 0.3267182 0.3247318 0.3247318 0.3316688 
taxon4     0.0298769 0.0461327 0.0348638 0.0098993 0.0000000 0.0563103 0.0616070 0.0568958 0.3073082 0.2982346 0.2898360 0.3264719 0.3574418 0.3042786 0.3316354 0.3316354 0.3315875 0.3295784 0.3295784 0.3365065 
taxon5     0.0511963 0.0512948 0.0510751 0.0565312 0.0563103 0.0000000 0.0148479 0.0200379 0.3174903 0.3082304 0.3093154 0.3274208 0.3504823 0.3051117 0.3247728 0.3247728 0.3247258 0.3159738 0.3159738 0.3228699 
taxon6     0.0459855 0.0515116 0.0458766 0.0512892 0.0616070 0.0148479 0.0000000 0.0149974 0.3103281 0.3011487 0.3166931 0.3202787 0.3430787 0.2981075 0.3258198 0.3258198 0.3257726 0.3170004 0.3170004 0.3239089 
taxon7     0.0517297 0.0463524 0.0516055 0.0465070 0.0568958 0.0200379 0.0149974 0.0000000 0.3066518 0.2974269 0.2959629 0.2996478 0.3217537 0.2943980 0.3048586 0.3048586 0.3048145 0.3133764 0.3133764 0.3203329 
taxon8     0.2940112 0.3210800 0.3003402 0.2943997 0.3073082 0.3174903 0.3103281 0.3066518 0.0000000 0.0150825 0.0524712 0.0682170 0.0638063 0.0361039 0.0578655 0.0578655 0.0578580 0.0575544 0.0575544 0.0628694 
taxon9     0.2850621 0.3116962 0.2913396 0.2854367 0.2982346 0.3082304 0.3011487 0.2974269 0.0150825 0.0000000 0.0575550 0.0627305 0.0804061 0.0412267 0.0634507 0.0634507 0.0634425 0.0631082 0.0631082 0.0684582 
taxon10    0.2908147 0.3020122 0.2970901 0.2911960 0.2898360 0.3093154 0.3166931 0.2959629 0.0524712 0.0575550 0.0000000 0.0411747 0.0474502 0.0255937 0.0311382 0.0311382 0.0415805 0.0523577 0.0523577 0.0576673 
taxon11    0.2998030 0.3137413 0.3194584 0.3135317 0.3264719 0.3274208 0.3202787 0.2996478 0.0682170 0.0627305 0.0411747 0.0000000 0.0466793 0.0304758 0.0359397 0.0359397 0.0462875 0.0569988 0.0569988 0.0622665 
taxon12    0.3435849 0.3265376 0.3429828 0.3440472 0.3574418 0.3504823 0.3430787 0.3217537 0.0638063 0.0804061 0.0474502 0.0466793 0.0000000 0.0363453 0.0309363 0.0309363 0.0413151 0.0520266 0.0520266 0.0465755 
taxon13    0.2911237 0.3085112 0.2973878 0.2915048 0.3042786 0.3051117 0.2981075 0.2943980 0.0361039 0.0412267 0.0255937 0.0304758 0.0363453 0.0000000 0.0308237 0.0308237 0.0411687 0.0409563 0.0409563 0.0461382 
taxon14    0.3263298 0.2916534 0.3257721 0.3267655 0.3316354 0.3247728 0.3258198 0.3048586 0.0578655 0.0634507 0.0311382 0.0359397 0.0309363 0.0308237 0.0000000 0.0000010 0.0100043 0.0201561 0.0201561 0.0252283 
taxon15    0.3263298 0.2916534 0.3257721 0.3267655 0.3316354 0.3247728 0.3258198 0.3048586 0.0578655 0.0634507 0.0311382 0.0359397 0.0309363 0.0308237 0.0000010 0.0000000 0.0100043 0.0201561 0.0201561 0.0252283 
taxon16    0.3262826 0.2916120 0.3115265 0.3267182 0.3315875 0.3247258 0.3257726 0.3048145 0.0578580 0.0634425 0.0415805 0.0462875 0.0413151 0.0411687 0.0100043 0.0100043 0.0000000 0.0201535 0.0201535 0.0252251 
taxon17    0.3243012 0.3065985 0.3237510 0.3247318 0.3295784 0.3159738 0.3170004 0.3133764 0.0575544 0.0631082 0.0523577 0.0569988 0.0520266 0.0409563 0.0201561 0.0201561 0.0201535 0.0000000 0.0000010 0.0049792 
taxon18    0.3243012 0.3065985 0.3237510 0.3247318 0.3295784 0.3159738 0.3170004 0.3133764 0.0575544 0.0631082 0.0523577 0.0569988 0.0520266 0.0409563 0.0201561 0.0201561 0.0201535 0.0000010 0.0000000 0.0049792 
taxon19    0.3312289 0.3134080 0.3306629 0.3316688 0.3365065 0.3228699 0.3239089 0.3203329 0.0628694 0.0684582 0.0576673 0.0622665 0.0465755 0.0461382 0.0252283 0.0252283 0.0252251 0.0049792 0.0049792 0.0000000 
