20
taxon0     0.0000000 0.0457999 0.0449029 0.0453108 0.0453108 0.0910268 0.0893655 0.0837638 0.0944233 0.0905137 0.2349613 0.1976485 0.2868657 0.3055789 0.1957868 0.2391147 0.4318460 0.4362072 0.4904847 0.3886138 
taxon1     0.0457999 0.0000000 0.0564726 0.0736356 0.0736356 0.1258503 0.1326606 0.1319375 0.1432733 0.1396470 0.2316489 0.2117948 0.3093004 0.3205270 0.2158314 0.2450584 0.4429193 0.4349435 0.5362817 0.4250498 
taxon2     0.0449029 0.0564726 0.0000000 0.0719813 0.0719813 0.1200424 0.1296724 0.1179370 0.1289575 0.1178483 0.2380241 0.2142066 0.3190856 0.3223508 0.2257230 0.2550655 0.4117228 0.4160432 0.5196151 0.4149950 
taxon3     0.0453108 0.0736356 0.0719813 0.0000000 0.0000010 0.0785157 0.0614448 0.0720338 0.0929580 0.0785114 0.2202655 0.1827243 0.2741170 0.3023901 0.1793367 0.2211671 0.3900773 0.4060420 0.4535863 0.3573887 
taxon4     0.0453108 0.0736356 0.0719813 0.0000010 0.0000000 0.0785157 0.0614448 0.0720338 0.0929580 0.0785114 0.2202655 0.1827243 0.2741170 0.3023901 0.1793367 0.2211671 0.3900773 0.4060420 0.4535863 0.3573887 
taxon5     0.0910268 0.1258503 0.1200424 0.0785157 0.0785157 0.0000000 0.0348264 0.0246589 0.0455985 0.0301297 0.2458057 0.2038055 0.2928403 0.3215675 0.2171700 0.2610669 0.4717427 0.4984611 0.5262039 0.4355910 
taxon6     0.0893655 0.1326606 0.1296724 0.0614448 0.0614448 0.0348264 0.0000000 0.0193727 0.0499057 0.0246669 0.2558848 0.2252293 0.3190327 0.3486698 0.2333913 0.2784313 0.4679277 0.4853194 0.5041660 0.4147830 
taxon7     0.0837638 0.1319375 0.1179370 0.0720338 0.0720338 0.0246589 0.0193727 0.0000000 0.0295031 0.0048640 0.2407741 0.2173690 0.3182230 0.3399350 0.2402074 0.2807198 0.4743074 0.4917721 0.5172201 0.4292844 
taxon8     0.0944233 0.1432733 0.1289575 0.0929580 0.0929580 0.0455985 0.0499057 0.0295031 0.0000000 0.0350509 0.2474373 0.2239649 0.3125241 0.3342240 0.2346190 0.2672156 0.4704499 0.4971168 0.5060725 0.4453366 
taxon9     0.0905137 0.1396470 0.1178483 0.0785114 0.0785114 0.0301297 0.0246669 0.0048640 0.0350509 0.0000000 0.2312200 0.2081319 0.3072261 0.3286061 0.2305357 0.2780872 0.4608563 0.4780051 0.5029531 0.4167334 
taxon10    0.2349613 0.2316489 0.2380241 0.2202655 0.2202655 0.2458057 0.2558848 0.2407741 0.2474373 0.2312200 0.0000000 0.0821198 0.1739986 0.1923301 0.0960329 0.1329219 0.4709977 0.4667461 0.5268217 0.4598866 
taxon11    0.1976485 0.2117948 0.2142066 0.1827243 0.1827243 0.2038055 0.2252293 0.2173690 0.2239649 0.2081319 0.0821198 0.0000000 0.1806777 0.2103481 0.0904076 0.1383121 0.4670825 0.4737477 0.5117893 0.4192051 
taxon12    0.2868657 0.3093004 0.3190856 0.2741170 0.2741170 0.2928403 0.3190327 0.3182230 0.3125241 0.3072261 0.1739986 0.1806777 0.0000000 0.0458419 0.0834831 0.1177912 0.5505160 0.5654527 0.5961619 0.5216520 
taxon13    0.3055789 0.3205270 0.3223508 0.3023901 0.3023901 0.3215675 0.3486698 0.3399350 0.3342240 0.3286061 0.1923301 0.2103481 0.0458419 0.0000000 0.1227027 0.1534054 0.5451714 0.5742951 0.6188190 0.5392653 
taxon14    0.1957868 0.2158314 0.2257230 0.1793367 0.1793367 0.2171700 0.2333913 0.2402074 0.2346190 0.2305357 0.0960329 0.0904076 0.0834831 0.1227027 0.0000000 0.0406555 0.5055380 0.5109121 0.5204981 0.4445616 
taxon15    0.2391147 0.2450584 0.2550655 0.2211671 0.2211671 0.2610669 0.2784313 0.2807198 0.2672156 0.2780872 0.1329219 0.1383121 0.1177912 0.1534054 0.0406555 0.0000000 0.5302151 0.5358356 0.5857285 0.5148225 
taxon16    0.4318460 0.4429193 0.4117228 0.3900773 0.3900773 0.4717427 0.4679277 0.4743074 0.4704499 0.4608563 0.4709977 0.4670825 0.5505160 0.5451714 0.5055380 0.5302151 0.0000000 0.0383148 0.2296028 0.1450309 
taxon17    0.4362072 0.4349435 0.4160432 0.4060420 0.4060420 0.4984611 0.4853194 0.4917721 0.4971168 0.4780051 0.4667461 0.4737477 0.5654527 0.5742951 0.5109121 0.5358356 0.0383148 0.0000000 0.2588821 0.1519279 
taxon18    0.4904847 0.5362817 0.5196151 0.4535863 0.4535863 0.5262039 0.5041660 0.5172201 0.5060725 0.5029531 0.5268217 0.5117893 0.5961619 0.6188190 0.5204981 0.5857285 0.2296028 0.2588821 0.0000000 0.1315124 
taxon19    0.3886138 0.4250498 0.4149950 0.3573887 0.3573887 0.4355910 0.4147830 0.4292844 0.4453366 0.4167334 0.4598866 0.4192051 0.5216520 0.5392653 0.4445616 0.5148225 0.1450309 0.1519279 0.1315124 0.0000000 
