20
taxon0     0.0000000 0.0411152 0.0147354 0.1073511 0.1002078 0.1500548 0.1572622 0.1705094 0.1648146 0.1702521 0.1539488 0.1660611 0.2162273 0.2230752 0.1866756 0.1850245 0.1366331 0.1564626 0.1930278 0.1629406 
taxon1     0.0411152 0.0000000 0.0568681 0.1319484 0.1204894 0.1631794 0.1731680 0.1676880 0.1845373 0.1905281 0.1866252 0.1862783 0.2002480 0.2069122 0.1931459 0.1991761 0.1614276 0.1735392 0.1835500 0.1539375 
taxon2     0.0147354 0.0568681 0.0000000 0.0907007 0.0838618 0.1376053 0.1452620 0.1583211 0.1519570 0.1573862 0.1421802 0.1541634 0.2038014 0.2105477 0.1743992 0.1728510 0.1250337 0.1445480 0.1807361 0.1509426 
taxon3     0.1073511 0.1319484 0.0907007 0.0000000 0.0299378 0.1157671 0.1303126 0.1567406 0.1577080 0.1666346 0.1378787 0.1620370 0.2132453 0.2202500 0.1692982 0.1681276 0.1417643 0.1381742 0.1922343 0.1624354 
taxon4     0.1002078 0.1204894 0.0838618 0.0299378 0.0000000 0.1180114 0.1268885 0.1542752 0.1479027 0.1635233 0.1395037 0.1586559 0.2101268 0.2171575 0.1592470 0.1531062 0.1263825 0.1339136 0.1765053 0.1467788 
taxon5     0.1500548 0.1631794 0.1376053 0.1157671 0.1180114 0.0000000 0.0511564 0.0934707 0.0513989 0.0617580 0.0457372 0.0559594 0.1338471 0.1398525 0.1076057 0.1163705 0.0786083 0.1060759 0.1584460 0.1244181 
taxon6     0.1572622 0.1731680 0.1452620 0.1303126 0.1268885 0.0511564 0.0000000 0.0723218 0.0781204 0.0843716 0.0673571 0.0774460 0.1257293 0.1373069 0.1203218 0.1239246 0.1016177 0.1137083 0.1482160 0.1243499 
taxon7     0.1705094 0.1676880 0.1583211 0.1567406 0.1542752 0.0934707 0.0723218 0.0000000 0.1112005 0.1189693 0.1053435 0.1104310 0.1311433 0.1372678 0.1534720 0.1591082 0.1236283 0.1298430 0.1472923 0.1182826 
taxon8     0.1648146 0.1845373 0.1519570 0.1577080 0.1479027 0.0513989 0.0781204 0.1112005 0.0000000 0.0358101 0.0511845 0.0564908 0.1214853 0.1273563 0.1082896 0.1177519 0.1014091 0.1237278 0.1600872 0.1257483 
taxon9     0.1702521 0.1905281 0.1573862 0.1666346 0.1635233 0.0617580 0.0843716 0.1189693 0.0358101 0.0000000 0.0668329 0.0668619 0.1277122 0.1281498 0.1218867 0.1304313 0.1122232 0.1179316 0.1676959 0.1329021 
taxon10    0.1539488 0.1866252 0.1421802 0.1378787 0.1395037 0.0457372 0.0673571 0.1053435 0.0511845 0.0668329 0.0000000 0.0303454 0.1059479 0.1117651 0.1252704 0.1280822 0.0953449 0.1232753 0.1593951 0.1362840 
taxon11    0.1660611 0.1862783 0.1541634 0.1620370 0.1586559 0.0559594 0.0774460 0.1104310 0.0564908 0.0668619 0.0303454 0.0000000 0.0897124 0.0954300 0.1137123 0.1167079 0.0943986 0.1222045 0.1544303 0.1313021 
taxon12    0.2162273 0.2002480 0.2038014 0.2132453 0.2101268 0.1338471 0.1257293 0.1311433 0.1214853 0.1277122 0.1059479 0.0897124 0.0000000 0.0197487 0.1715712 0.1660685 0.1481586 0.1586352 0.1593200 0.1419249 
taxon13    0.2230752 0.2069122 0.2105477 0.2202500 0.2171575 0.1398525 0.1373069 0.1372678 0.1273563 0.1281498 0.1117651 0.0954300 0.0197487 0.0000000 0.1779392 0.1723749 0.1543588 0.1651671 0.1658839 0.1483407 
taxon14    0.1866756 0.1931459 0.1743992 0.1692982 0.1592470 0.1076057 0.1203218 0.1534720 0.1082896 0.1218867 0.1252704 0.1137123 0.1715712 0.1779392 0.0000000 0.0410167 0.0962761 0.1259364 0.1437514 0.1153137 
taxon15    0.1850245 0.1991761 0.1728510 0.1681276 0.1531062 0.1163705 0.1239246 0.1591082 0.1177519 0.1304313 0.1280822 0.1167079 0.1660685 0.1723749 0.0410167 0.0000000 0.1014220 0.1254672 0.1380520 0.1153937 
taxon16    0.1366331 0.1614276 0.1250337 0.1417643 0.1263825 0.0786083 0.1016177 0.1236283 0.1014091 0.1122232 0.0953449 0.0943986 0.1481586 0.1543588 0.0962761 0.1014220 0.0000000 0.0356167 0.0775338 0.0460929 
taxon17    0.1564626 0.1735392 0.1445480 0.1381742 0.1339136 0.1060759 0.1137083 0.1298430 0.1237278 0.1179316 0.1232753 0.1222045 0.1586352 0.1651671 0.1259364 0.1254672 0.0356167 0.0000000 0.0886994 0.0568360 
taxon18    0.1930278 0.1835500 0.1807361 0.1922343 0.1765053 0.1584460 0.1482160 0.1472923 0.1600872 0.1676959 0.1593951 0.1544303 0.1593200 0.1658839 0.1437514 0.1380520 0.0775338 0.0886994 0.0000000 0.0297703 
taxon19    0.1629406 0.1539375 0.1509426 0.1624354 0.1467788 0.1244181 0.1243499 0.1182826 0.1257483 0.1329021 0.1362840 0.1313021 0.1419249 0.1483407 0.1153137 0.1153937 0.0460929 0.0568360 0.0297703 0.0000000 
