20
taxon0     0.0000000 0.1624632 0.2213396 0.2820669 0.3439109 0.3246552 0.2543859 0.2516009 0.2915416 0.3316683 0.3543248 0.5985723 0.5747843 0.5835952 0.6148669 0.6448098 0.6829937 0.7001986 0.6718572 0.6496200 
taxon1     0.1624632 0.0000000 0.1230470 0.1874493 0.2540927 0.2292808 0.3033540 0.2818193 0.3631491 0.3865475 0.3949900 0.6190562 0.5907583 0.6221388 0.6459188 0.6867584 0.7097070 0.6831462 0.6719477 0.6470517 
taxon2     0.2213396 0.1230470 0.0000000 0.1091749 0.1941275 0.1525814 0.3375162 0.3066299 0.3932494 0.4152090 0.4563929 0.6522904 0.6309980 0.6290555 0.6583843 0.7331993 0.7841058 0.7578917 0.7165320 0.7155654 
taxon3     0.2820669 0.1874493 0.1091749 0.0000000 0.2078749 0.1774513 0.3959068 0.3385922 0.4359277 0.4690693 0.4818743 0.5899873 0.5899629 0.6180242 0.6302331 0.7087512 0.7303138 0.7188922 0.6920010 0.6788203 
taxon4     0.3439109 0.2540927 0.1941275 0.2078749 0.0000000 0.1001766 0.4449036 0.4366642 0.5279036 0.5638016 0.5646484 0.7519985 0.7089606 0.6910949 0.7269415 0.7588855 0.8072516 0.7779182 0.7822257 0.7382795 
taxon5     0.3246552 0.2292808 0.1525814 0.1774513 0.1001766 0.0000000 0.4524899 0.4101584 0.4933728 0.5168213 0.5339397 0.7553008 0.7062666 0.6625502 0.7057851 0.7592630 0.8060839 0.7714997 0.7652666 0.7255297 
taxon6     0.2543859 0.3033540 0.3375162 0.3959068 0.4449036 0.4524899 0.0000000 0.1774955 0.3078385 0.3469491 0.3817905 0.5439884 0.5313509 0.5855594 0.6185339 0.5942282 0.6535873 0.6741573 0.6485299 0.6373489 
taxon7     0.2516009 0.2818193 0.3066299 0.3385922 0.4366642 0.4101584 0.1774955 0.0000000 0.2934509 0.3381386 0.3483500 0.5332005 0.5294649 0.5478166 0.5775456 0.5734835 0.5877565 0.6066629 0.5747314 0.5647737 
taxon8     0.2915416 0.3631491 0.3932494 0.4359277 0.5279036 0.4933728 0.3078385 0.2934509 0.0000000 0.1520346 0.1681333 0.4933751 0.5067582 0.4796899 0.5164931 0.5794454 0.5761049 0.5713077 0.5551836 0.5639092 
taxon9     0.3316683 0.3865475 0.4152090 0.4690693 0.5638016 0.5168213 0.3469491 0.3381386 0.1520346 0.0000000 0.0889922 0.5502782 0.5558776 0.5228873 0.5784269 0.5941862 0.6086277 0.6293242 0.5950722 0.6030864 
taxon10    0.3543248 0.3949900 0.4563929 0.4818743 0.5646484 0.5339397 0.3817905 0.3483500 0.1681333 0.0889922 0.0000000 0.5425658 0.5410032 0.5604308 0.5994158 0.5968031 0.5933021 0.6139598 0.5822562 0.5745628 
taxon11    0.5985723 0.6190562 0.6522904 0.5899873 0.7519985 0.7553008 0.5439884 0.5332005 0.4933751 0.5502782 0.5425658 0.0000000 0.1255024 0.2901822 0.3086826 0.3814498 0.3791181 0.3698360 0.3939977 0.3872842 
taxon12    0.5747843 0.5907583 0.6309980 0.5899629 0.7089606 0.7062666 0.5313509 0.5294649 0.5067582 0.5558776 0.5410032 0.1255024 0.0000000 0.3065409 0.3283268 0.3857737 0.3767272 0.3851869 0.4064837 0.3990903 
taxon13    0.5835952 0.6221388 0.6290555 0.6180242 0.6910949 0.6625502 0.5855594 0.5478166 0.4796899 0.5228873 0.5604308 0.2901822 0.3065409 0.0000000 0.1299108 0.2618592 0.2669401 0.2868207 0.2943197 0.3020925 
taxon14    0.6148669 0.6459188 0.6583843 0.6302331 0.7269415 0.7057851 0.6185339 0.5775456 0.5164931 0.5784269 0.5994158 0.3086826 0.3283268 0.1299108 0.0000000 0.3091781 0.3039989 0.3191217 0.3342651 0.3158408 
taxon15    0.6448098 0.6867584 0.7331993 0.7087512 0.7588855 0.7592630 0.5942282 0.5734835 0.5794454 0.5941862 0.5968031 0.3814498 0.3857737 0.2618592 0.3091781 0.0000000 0.1008764 0.2015472 0.1995553 0.2267397 
taxon16    0.6829937 0.7097070 0.7841058 0.7303138 0.8072516 0.8060839 0.6535873 0.5877565 0.5761049 0.6086277 0.5933021 0.3791181 0.3767272 0.2669401 0.3039989 0.1008764 0.0000000 0.1739956 0.1875268 0.2138099 
taxon17    0.7001986 0.6831462 0.7578917 0.7188922 0.7779182 0.7714997 0.6741573 0.6066629 0.5713077 0.6293242 0.6139598 0.3698360 0.3851869 0.2868207 0.3191217 0.2015472 0.1739956 0.0000000 0.0951656 0.1054437 
taxon18    0.6718572 0.6719477 0.7165320 0.6920010 0.7822257 0.7652666 0.6485299 0.5747314 0.5551836 0.5950722 0.5822562 0.3939977 0.4064837 0.2943197 0.3342651 0.1995553 0.1875268 0.0951656 0.0000000 0.0843798 
taxon19    0.6496200 0.6470517 0.7155654 0.6788203 0.7382795 0.7255297 0.6373489 0.5647737 0.5639092 0.6030864 0.5745628 0.3872842 0.3990903 0.3020925 0.3158408 0.2267397 0.2138099 0.1054437 0.0843798 0.0000000 
