20
taxon0     0.0000000 0.0050239 0.0361827 0.0361803 0.0258105 0.0365341 0.0362669 0.0472312 0.0472549 0.1425565 0.1427955 0.1425565 0.1493350 0.1488643 0.1548482 0.1294426 0.1298745 0.1298745 0.1301141 0.1358508 
taxon1     0.0050239 0.0000000 0.0414109 0.0414080 0.0310165 0.0418125 0.0415074 0.0525524 0.0525790 0.1484774 0.1487240 0.1484774 0.1553072 0.1548161 0.1608199 0.1352812 0.1357234 0.1357234 0.1359759 0.1417246 
taxon2     0.0361827 0.0414109 0.0000000 0.0152326 0.0152481 0.0307918 0.0257334 0.0410915 0.0514475 0.1391637 0.1460661 0.1391637 0.1396645 0.1392360 0.1450585 0.1466972 0.1347117 0.1347117 0.1285840 0.1342601 
taxon3     0.0361803 0.0414080 0.0152326 0.0000000 0.0101210 0.0307907 0.0308262 0.0461504 0.0514441 0.1457904 0.1399063 0.1457904 0.1463181 0.1458651 0.1517431 0.1405085 0.1286036 0.1286036 0.1351584 0.1408803 
taxon4     0.0258105 0.0310165 0.0152481 0.0101210 0.0000000 0.0308207 0.0308562 0.0413626 0.0466822 0.1475140 0.1415644 0.1475140 0.1480536 0.1475901 0.1535328 0.1412697 0.1348295 0.1348295 0.1298157 0.1355464 
taxon5     0.0365341 0.0418125 0.0307918 0.0307907 0.0308207 0.0000000 0.0101422 0.0203150 0.0256324 0.1297601 0.1168657 0.1297601 0.1231095 0.1344261 0.1402719 0.1244156 0.1125313 0.1125313 0.1243145 0.1300469 
taxon6     0.0362669 0.0415074 0.0257334 0.0308262 0.0308562 0.0101422 0.0000000 0.0203026 0.0307164 0.1288006 0.1220319 0.1288006 0.1282863 0.1395748 0.1454131 0.1234910 0.1116914 0.1116914 0.1233900 0.1290833 
taxon7     0.0472312 0.0525524 0.0410915 0.0461504 0.0413626 0.0203150 0.0203026 0.0000000 0.0152997 0.1231088 0.1104043 0.1231088 0.1165631 0.1277847 0.1220034 0.1236710 0.1175867 0.1175867 0.1246136 0.1303558 
taxon8     0.0472549 0.0525790 0.0514475 0.0514441 0.0466822 0.0256324 0.0307164 0.0152997 0.0000000 0.1231842 0.1233947 0.1231842 0.1297243 0.1411323 0.1352363 0.1237472 0.1176582 0.1176582 0.1246910 0.1304375 
taxon9     0.1425565 0.1484774 0.1391637 0.1457904 0.1475140 0.1297601 0.1288006 0.1231088 0.1231842 0.0000000 0.0101547 0.0000010 0.0050517 0.0151709 0.0202605 0.0308850 0.0256431 0.0256431 0.0205369 0.0256886 
taxon10    0.1427955 0.1487240 0.1460661 0.1399063 0.1415644 0.1168657 0.1220319 0.1104043 0.1233947 0.0101547 0.0000000 0.0101547 0.0050380 0.0151300 0.0202060 0.0309423 0.0256909 0.0256909 0.0311797 0.0364010 
taxon11    0.1425565 0.1484774 0.1391637 0.1457904 0.1475140 0.1297601 0.1288006 0.1231088 0.1231842 0.0000010 0.0101547 0.0000000 0.0050517 0.0151709 0.0202605 0.0308850 0.0256431 0.0256431 0.0205369 0.0256886 
taxon12    0.1493350 0.1553072 0.1396645 0.1463181 0.1480536 0.1231095 0.1282863 0.1165631 0.1297243 0.0050517 0.0050380 0.0050517 0.0000000 0.0100365 0.0150788 0.0362868 0.0309885 0.0309885 0.0258511 0.0310422 
taxon13    0.1488643 0.1548161 0.1392360 0.1458651 0.1475901 0.1344261 0.1395748 0.1277847 0.1411323 0.0151709 0.0151300 0.0151709 0.0100365 0.0000000 0.0050019 0.0467023 0.0413600 0.0413600 0.0362249 0.0310053 
taxon14    0.1548482 0.1608199 0.1450585 0.1517431 0.1535328 0.1402719 0.1454131 0.1220034 0.1352363 0.0202605 0.0202060 0.0202605 0.0150788 0.0050019 0.0000000 0.0519777 0.0466068 0.0466068 0.0414663 0.0362307 
taxon15    0.1294426 0.1352812 0.1466972 0.1405085 0.1412697 0.1244156 0.1234910 0.1236710 0.1237472 0.0308850 0.0309423 0.0308850 0.0362868 0.0467023 0.0519777 0.0000000 0.0101700 0.0101700 0.0258178 0.0310041 
taxon16    0.1298745 0.1357234 0.1347117 0.1286036 0.1348295 0.1125313 0.1116914 0.1175867 0.1176582 0.0256431 0.0256909 0.0256431 0.0309885 0.0413600 0.0466068 0.0101700 0.0000000 0.0000010 0.0205409 0.0256950 
taxon17    0.1298745 0.1357234 0.1347117 0.1286036 0.1348295 0.1125313 0.1116914 0.1175867 0.1176582 0.0256431 0.0256909 0.0256431 0.0309885 0.0413600 0.0466068 0.0101700 0.0000010 0.0000000 0.0205409 0.0256950 
taxon18    0.1301141 0.1359759 0.1285840 0.1351584 0.1298157 0.1243145 0.1233900 0.1246136 0.1246910 0.0205369 0.0311797 0.0205369 0.0258511 0.0362249 0.0414663 0.0258178 0.0205409 0.0205409 0.0000000 0.0050644 
taxon19    0.1358508 0.1417246 0.1342601 0.1408803 0.1355464 0.1300469 0.1290833 0.1303558 0.1304375 0.0256886 0.0364010 0.0256886 0.0310422 0.0310053 0.0362307 0.0310041 0.0256950 0.0256950 0.0050644 0.0000000 
