20
taxon0     0.0000000 0.1564995 0.3953451 0.3573532 0.4341612 0.3891193 0.5936868 0.6313318 0.6987784 0.6647357 0.6640182 0.5983416 0.6752348 0.8577306 0.7438386 0.7408817 0.7344180 0.7555388 0.6786679 0.6612487 
taxon1     0.1564995 0.0000000 0.3714042 0.3514246 0.4488838 0.3704772 0.6446804 0.5961311 0.6803730 0.6489309 0.6669009 0.5957645 0.6665453 0.8566806 0.7518886 0.7687832 0.7438547 0.7730873 0.6486925 0.6504710 
taxon2     0.3953451 0.3714042 0.0000000 0.1214821 0.2929280 0.2351028 0.6570231 0.6901707 0.7318801 0.7238435 0.7632128 0.7097010 0.6952535 0.7769522 0.7454738 0.8270665 0.8147653 0.8315640 0.6664638 0.7044334 
taxon3     0.3573532 0.3514246 0.1214821 0.0000000 0.2716285 0.2412446 0.6102918 0.6353665 0.7731079 0.7417033 0.8150318 0.7086433 0.6752550 0.7785537 0.7521775 0.8164044 0.7986831 0.7976987 0.6836863 0.6631773 
taxon4     0.4341612 0.4488838 0.2929280 0.2716285 0.0000000 0.1561881 0.6500429 0.6546014 0.7368868 0.7233249 0.7350264 0.6999623 0.7396416 0.8022508 0.7801594 0.8214269 0.8715935 0.8958650 0.7484084 0.7088031 
taxon5     0.3891193 0.3704772 0.2351028 0.2412446 0.1561881 0.0000000 0.6497584 0.6769406 0.7374540 0.7362459 0.7521069 0.7047605 0.7371234 0.8375029 0.7577891 0.8214722 0.8334355 0.8399862 0.7536497 0.7631853 
taxon6     0.5936868 0.6446804 0.6570231 0.6102918 0.6500429 0.6497584 0.0000000 0.1826931 0.4693494 0.4610174 0.5032205 0.5002345 0.4892075 0.6453811 0.5291742 0.5989993 0.6434138 0.6427965 0.4673110 0.4404381 
taxon7     0.6313318 0.5961311 0.6901707 0.6353665 0.6546014 0.6769406 0.1826931 0.0000000 0.4781976 0.5077657 0.5251424 0.5009755 0.5243858 0.6906694 0.6034827 0.6799245 0.6816080 0.6759616 0.4980782 0.4722912 
taxon8     0.6987784 0.6803730 0.7318801 0.7731079 0.7368868 0.7374540 0.4693494 0.4781976 0.0000000 0.2176094 0.4140190 0.4502056 0.4568793 0.6309967 0.5536948 0.6112495 0.6433929 0.6816820 0.4735611 0.4721541 
taxon9     0.6647357 0.6489309 0.7238435 0.7417033 0.7233249 0.7362459 0.4610174 0.5077657 0.2176094 0.0000000 0.4411391 0.4123367 0.4466327 0.6340566 0.5393338 0.5873759 0.6167731 0.6532652 0.5079855 0.4647163 
taxon10    0.6640182 0.6669009 0.7632128 0.8150318 0.7350264 0.7521069 0.5032205 0.5251424 0.4140190 0.4411391 0.0000000 0.1847150 0.4098456 0.5815262 0.5316770 0.5747780 0.6093726 0.6163669 0.4361732 0.4049501 
taxon11    0.5983416 0.5957645 0.7097010 0.7086433 0.6999623 0.7047605 0.5002345 0.5009755 0.4502056 0.4123367 0.1847150 0.0000000 0.3761951 0.5670812 0.4517275 0.5228155 0.4968156 0.5510778 0.3777231 0.3677823 
taxon12    0.6752348 0.6665453 0.6952535 0.6752550 0.7396416 0.7371234 0.4892075 0.5243858 0.4568793 0.4466327 0.4098456 0.3761951 0.0000000 0.2949917 0.2240154 0.3284686 0.3402145 0.3385482 0.1733318 0.1760438 
taxon13    0.8577306 0.8566806 0.7769522 0.7785537 0.8022508 0.8375029 0.6453811 0.6906694 0.6309967 0.6340566 0.5815262 0.5670812 0.2949917 0.0000000 0.1899580 0.2869766 0.3430606 0.3185703 0.3671666 0.3495608 
taxon14    0.7438386 0.7518886 0.7454738 0.7521775 0.7801594 0.7577891 0.5291742 0.6034827 0.5536948 0.5393338 0.5316770 0.4517275 0.2240154 0.1899580 0.0000000 0.1190966 0.1697942 0.1634830 0.2604235 0.2808513 
taxon15    0.7408817 0.7687832 0.8270665 0.8164044 0.8214269 0.8214722 0.5989993 0.6799245 0.6112495 0.5873759 0.5747780 0.5228155 0.3284686 0.2869766 0.1190966 0.0000000 0.1001749 0.1060345 0.3412808 0.3620560 
taxon16    0.7344180 0.7438547 0.8147653 0.7986831 0.8715935 0.8334355 0.6434138 0.6816080 0.6433929 0.6167731 0.6093726 0.4968156 0.3402145 0.3430606 0.1697942 0.1001749 0.0000000 0.0807406 0.3446894 0.3678175 
taxon17    0.7555388 0.7730873 0.8315640 0.7976987 0.8958650 0.8399862 0.6427965 0.6759616 0.6816820 0.6532652 0.6163669 0.5510778 0.3385482 0.3185703 0.1634830 0.1060345 0.0807406 0.0000000 0.3508870 0.3743549 
taxon18    0.6786679 0.6486925 0.6664638 0.6836863 0.7484084 0.7536497 0.4673110 0.4980782 0.4735611 0.5079855 0.4361732 0.3777231 0.1733318 0.3671666 0.2604235 0.3412808 0.3446894 0.3508870 0.0000000 0.1640639 
taxon19    0.6612487 0.6504710 0.7044334 0.6631773 0.7088031 0.7631853 0.4404381 0.4722912 0.4721541 0.4647163 0.4049501 0.3677823 0.1760438 0.3495608 0.2808513 0.3620560 0.3678175 0.3743549 0.1640639 0.0000000 
