20
taxon0     0.0000000 0.0598390 0.0752060 0.0858395 0.0959414 0.1009078 0.0910594 0.1132631 0.1325368 0.1895554 0.1756873 0.2920923 0.2842338 0.3150730 0.3359158 0.2833015 0.3157171 0.2438441 0.2874632 0.3242940 
taxon1     0.0598390 0.0000000 0.0907560 0.0961572 0.1010999 0.1164397 0.1024595 0.0864682 0.1048745 0.1777688 0.1582325 0.2930858 0.2852179 0.3024747 0.3231380 0.2693038 0.3013767 0.2525852 0.2892276 0.3029491 
taxon2     0.0752060 0.0907560 0.0000000 0.0394954 0.0293716 0.0541475 0.0551881 0.0654186 0.0982114 0.1540813 0.1244910 0.2709740 0.2698082 0.3039394 0.3098113 0.2303033 0.2482071 0.2374399 0.2670034 0.2751308 
taxon3     0.0858395 0.0961572 0.0394954 0.0000000 0.0496421 0.0544789 0.0761610 0.0758554 0.1089807 0.1540133 0.1301783 0.2623159 0.2552097 0.3029245 0.2954934 0.2223113 0.2400749 0.2310034 0.2393894 0.2759379 
taxon4     0.0959414 0.1010999 0.0293716 0.0496421 0.0000000 0.0342073 0.0757847 0.0807701 0.1033631 0.1430068 0.1137672 0.2770899 0.2716515 0.3101630 0.3160308 0.2484187 0.2663893 0.2629323 0.2794406 0.2952195 
taxon5     0.1009078 0.1164397 0.0541475 0.0544789 0.0342073 0.0000000 0.0911195 0.0961083 0.1296608 0.1592616 0.1185850 0.2570435 0.2516475 0.3028523 0.2875917 0.2537869 0.2717311 0.2683044 0.2846391 0.2927927 
taxon6     0.0910594 0.1024595 0.0551881 0.0761610 0.0757847 0.0911195 0.0000000 0.0759808 0.1094605 0.1748560 0.1454677 0.2984965 0.2972213 0.3402220 0.3145100 0.2538506 0.2718201 0.2579943 0.3093079 0.2868503 
taxon7     0.1132631 0.0864682 0.0654186 0.0758554 0.0807701 0.0961083 0.0759808 0.0000000 0.0612087 0.1264503 0.0867017 0.2771625 0.2759746 0.3102829 0.3027813 0.2425824 0.2605402 0.2636635 0.2933477 0.3093763 
taxon8     0.1325368 0.1048745 0.0982114 0.1089807 0.1033631 0.1296608 0.1094605 0.0612087 0.0000000 0.0919120 0.0801002 0.2766017 0.2754187 0.3269032 0.3149672 0.2459437 0.2511533 0.2796941 0.2926806 0.3043068 
taxon9     0.1895554 0.1777688 0.1540813 0.1540133 0.1430068 0.1592616 0.1748560 0.1264503 0.0919120 0.0000000 0.0549734 0.2914422 0.3020356 0.3283179 0.3295796 0.2728204 0.2780278 0.3039685 0.3127629 0.3022978 
taxon10    0.1756873 0.1582325 0.1244910 0.1301783 0.1137672 0.1185850 0.1454677 0.0867017 0.0801002 0.0549734 0.0000000 0.2825241 0.2768066 0.3155678 0.2959921 0.2494941 0.2546522 0.2869157 0.2823123 0.2862332 
taxon11    0.2920923 0.2930858 0.2709740 0.2623159 0.2770899 0.2570435 0.2984965 0.2771625 0.2766017 0.2914422 0.2825241 0.0000000 0.0253610 0.1011558 0.1231950 0.1174129 0.1338429 0.1111120 0.1069846 0.1243051 
taxon12    0.2842338 0.2852179 0.2698082 0.2552097 0.2716515 0.2516475 0.2972213 0.2759746 0.2754187 0.3020356 0.2768066 0.0253610 0.0000000 0.1144425 0.1245397 0.1180975 0.1346164 0.1164133 0.0952697 0.1311111 
taxon13    0.3150730 0.3024747 0.3039394 0.3029245 0.3101630 0.3028523 0.3402220 0.3102829 0.3269032 0.3283179 0.3155678 0.1011558 0.1144425 0.0000000 0.0571993 0.1350207 0.1465199 0.1114494 0.1288339 0.1549950 
taxon14    0.3359158 0.3231380 0.3098113 0.2954934 0.3160308 0.2875917 0.3145100 0.3027813 0.3149672 0.3295796 0.2959921 0.1231950 0.1245397 0.0571993 0.0000000 0.1389332 0.1503459 0.1512600 0.1515796 0.1705773 
taxon15    0.2833015 0.2693038 0.2303033 0.2223113 0.2484187 0.2537869 0.2538506 0.2425824 0.2459437 0.2728204 0.2494941 0.1174129 0.1180975 0.1350207 0.1389332 0.0000000 0.0246696 0.0512605 0.0844692 0.0848774 
taxon16    0.3157171 0.3013767 0.2482071 0.2400749 0.2663893 0.2717311 0.2718201 0.2605402 0.2511533 0.2780278 0.2546522 0.1338429 0.1346164 0.1465199 0.1503459 0.0246696 0.0000000 0.0773614 0.1006143 0.1120783 
taxon17    0.2438441 0.2525852 0.2374399 0.2310034 0.2629323 0.2683044 0.2579943 0.2636635 0.2796941 0.3039685 0.2869157 0.1111120 0.1164133 0.1114494 0.1512600 0.0512605 0.0773614 0.0000000 0.0727493 0.0910272 
taxon18    0.2874632 0.2892276 0.2670034 0.2393894 0.2794406 0.2846391 0.3093079 0.2933477 0.2926806 0.3127629 0.2823123 0.1069846 0.0952697 0.1288339 0.1515796 0.0844692 0.1006143 0.0727493 0.0000000 0.0738988 
taxon19    0.3242940 0.3029491 0.2751308 0.2759379 0.2952195 0.2927927 0.2868503 0.3093763 0.3043068 0.3022978 0.2862332 0.1243051 0.1311111 0.1549950 0.1705773 0.0848774 0.1120783 0.0910272 0.0738988 0.0000000 
