20
taxon0     0.0000000 0.0000010 0.0764821 0.0954111 0.2551786 0.2788862 0.2864126 0.2680202 0.2992043 0.2752387 0.2707849 0.2751672 0.2820421 0.2624749 0.2624749 0.2892092 0.2599927 0.2636981 0.2592998 0.2934429 
taxon1     0.0000010 0.0000000 0.0764821 0.0954111 0.2551786 0.2788862 0.2864126 0.2680202 0.2992043 0.2752387 0.2707849 0.2751672 0.2820421 0.2624749 0.2624749 0.2892092 0.2599927 0.2636981 0.2592998 0.2934429 
taxon2     0.0764821 0.0764821 0.0000000 0.0352354 0.2996178 0.3270574 0.3358341 0.3153108 0.3070661 0.3042307 0.3050634 0.2907985 0.3051879 0.2845423 0.2845423 0.3029562 0.2886753 0.2894762 0.2744022 0.3395813 
taxon3     0.0954111 0.0954111 0.0352354 0.0000000 0.3113818 0.3135743 0.3219311 0.3021756 0.2940347 0.2910431 0.2666926 0.3021528 0.2925295 0.2724665 0.2724665 0.2902075 0.2764325 0.2856286 0.2851512 0.2908658 
taxon4     0.2551786 0.2551786 0.2996178 0.3113818 0.0000000 0.0465748 0.0468334 0.0411641 0.0638509 0.0527794 0.1132671 0.0807996 0.0859976 0.0629525 0.0629525 0.0641686 0.0692495 0.0798163 0.0802729 0.1125060 
taxon5     0.2788862 0.2788862 0.3270574 0.3135743 0.0465748 0.0000000 0.0200351 0.0148566 0.0873427 0.0825041 0.1241285 0.0954985 0.1178956 0.0931245 0.0931245 0.0889682 0.0947623 0.0961123 0.0884285 0.0873257 
taxon6     0.2864126 0.2864126 0.3358341 0.3219311 0.0468334 0.0200351 0.0000000 0.0149449 0.0884424 0.0691161 0.1256593 0.0966325 0.1127127 0.0997252 0.0997252 0.0956133 0.0888874 0.1096080 0.1014571 0.0821194 
taxon7     0.2680202 0.2680202 0.3153108 0.3021756 0.0411641 0.0148566 0.0149449 0.0000000 0.0882193 0.0765489 0.1158034 0.1020326 0.1246203 0.0994680 0.0994680 0.0953650 0.0886620 0.1027001 0.0947874 0.0935848 
taxon8     0.2992043 0.2992043 0.3070661 0.2940347 0.0638509 0.0873427 0.0884424 0.0882193 0.0000000 0.0199233 0.1227191 0.1039207 0.0842540 0.0617376 0.0617376 0.0573366 0.0685179 0.1025501 0.1031600 0.1100597 
taxon9     0.2752387 0.2752387 0.3042307 0.2910431 0.0527794 0.0825041 0.0691161 0.0765489 0.0199233 0.0000000 0.1260418 0.1066908 0.0917937 0.0685134 0.0685134 0.0752971 0.0803608 0.1052338 0.1058790 0.1186704 
taxon10    0.2707849 0.2707849 0.3050634 0.2666926 0.1132671 0.1241285 0.1256593 0.1158034 0.1227191 0.1260418 0.0000000 0.0590084 0.0862601 0.0743354 0.0743354 0.0812386 0.0868193 0.0823111 0.0937802 0.0769074 
taxon11    0.2751672 0.2751672 0.2907985 0.3021528 0.0807996 0.0954985 0.0966325 0.1020326 0.1039207 0.1066908 0.0590084 0.0000000 0.0684664 0.0570103 0.0570103 0.0578994 0.0632893 0.0625761 0.0512183 0.0637086 
taxon12    0.2820421 0.2820421 0.3051879 0.2925295 0.0859976 0.1178956 0.1127127 0.1246203 0.0842540 0.0917937 0.0862601 0.0684664 0.0000000 0.0195805 0.0195805 0.0458715 0.0617743 0.0673683 0.0677369 0.0742829 
taxon13    0.2624749 0.2624749 0.2845423 0.2724665 0.0629525 0.0931245 0.0997252 0.0994680 0.0617376 0.0685134 0.0743354 0.0570103 0.0195805 0.0000000 0.0000010 0.0248949 0.0402220 0.0455757 0.0458116 0.0626747 
taxon14    0.2624749 0.2624749 0.2845423 0.2724665 0.0629525 0.0931245 0.0997252 0.0994680 0.0617376 0.0685134 0.0743354 0.0570103 0.0195805 0.0000010 0.0000000 0.0248949 0.0402220 0.0455757 0.0458116 0.0626747 
taxon15    0.2892092 0.2892092 0.3029562 0.2902075 0.0641686 0.0889682 0.0956133 0.0953650 0.0573366 0.0752971 0.0812386 0.0578994 0.0458715 0.0248949 0.0248949 0.0000000 0.0247938 0.0627435 0.0575746 0.0636514 
taxon16    0.2599927 0.2599927 0.2886753 0.2764325 0.0692495 0.0947623 0.0888874 0.0886620 0.0685179 0.0803608 0.0868193 0.0632893 0.0617743 0.0402220 0.0402220 0.0247938 0.0000000 0.0681020 0.0629218 0.0690865 
taxon17    0.2636981 0.2636981 0.2894762 0.2856286 0.0798163 0.0961123 0.1096080 0.1027001 0.1025501 0.1052338 0.0823111 0.0625761 0.0673683 0.0455757 0.0455757 0.0627435 0.0681020 0.0000000 0.0194405 0.0517712 
taxon18    0.2592998 0.2592998 0.2744022 0.2851512 0.0802729 0.0884285 0.1014571 0.0947874 0.1031600 0.1058790 0.0937802 0.0512183 0.0677369 0.0458116 0.0458116 0.0575746 0.0629218 0.0194405 0.0000000 0.0456585 
taxon19    0.2934429 0.2934429 0.3395813 0.2908658 0.1125060 0.0873257 0.0821194 0.0935848 0.1100597 0.1186704 0.0769074 0.0637086 0.0742829 0.0626747 0.0626747 0.0636514 0.0690865 0.0517712 0.0456585 0.0000000 
