20
taxon0     0.0000000 0.4793207 0.7073714 0.6961307 0.9476580 0.7290373 0.8459546 0.8001494 0.8180435 0.7537452 1.0740412 1.0452591 1.1671033 1.2788073 1.1731135 1.1769322 1.4933768 1.2876280 1.5772402 1.4247253 
taxon1     0.4793207 0.0000000 0.3618723 0.5493146 0.7798656 0.6309565 0.9336936 0.9266157 0.8901734 0.7682604 1.1046870 1.0625691 1.1594111 1.3554998 1.3509231 1.3777981 1.8436339 1.5105356 2.0393743 1.6618440 
taxon2     0.7073714 0.3618723 0.0000000 0.6193895 0.8022378 0.6384103 1.1634851 0.9962576 1.1826681 1.0069167 1.0533204 1.1054622 1.5423397 1.5385859 1.6146274 1.6973490 1.9389216 1.5591890 2.1771795 1.7966999 
taxon3     0.6961307 0.5493146 0.6193895 0.0000000 0.6653239 0.4733513 1.1362981 1.1180430 1.0824710 0.9611349 1.2275329 1.2210067 1.3893636 1.7633304 1.7648827 1.7093928 1.9861766 1.6813226 2.2881662 1.8102481 
taxon4     0.9476580 0.7798656 0.8022378 0.6653239 0.0000000 0.3256885 1.2744926 1.3771760 1.3137229 1.1876322 1.5672400 1.2878508 1.7285163 1.7928271 1.9352883 1.9055181 1.7020250 1.4966700 1.9620622 1.7742182 
taxon5     0.7290373 0.6309565 0.6384103 0.4733513 0.3256885 0.0000000 1.1964322 1.0741123 1.1179066 1.0567792 1.2898044 1.1740178 1.5478346 1.8857012 1.8305573 1.8844622 1.6908125 1.4237180 1.9929022 1.6736338 
taxon6     0.8459546 0.9336936 1.1634851 1.1362981 1.2744926 1.1964322 0.0000000 0.2399368 0.5993794 0.5083120 1.1098742 1.1121610 1.3441701 1.5634604 1.7876820 1.6859109 1.8666235 1.7677124 1.6231011 1.4732340 
taxon7     0.8001494 0.9266157 0.9962576 1.1180430 1.3771760 1.0741123 0.2399368 0.0000000 0.5616395 0.5202310 1.2307422 1.2301529 1.3638007 1.5283102 1.7903808 1.8159732 1.6328923 1.4598471 1.4931650 1.2634485 
taxon8     0.8180435 0.8901734 1.1826681 1.0824710 1.3137229 1.1179066 0.5993794 0.5616395 0.0000000 0.3052274 1.1247570 1.0357241 1.3205991 1.6101932 1.6899861 1.6818879 1.7261081 1.5038572 1.8563219 1.5204256 
taxon9     0.7537452 0.7682604 1.0069167 0.9611349 1.1876322 1.0567792 0.5083120 0.5202310 0.3052274 0.0000000 1.0257015 0.9359918 1.1382974 1.4193040 1.5663526 1.4698188 1.6447136 1.4131793 1.8597936 1.4922471 
taxon10    1.0740412 1.1046870 1.0533204 1.2275329 1.5672400 1.2898044 1.1098742 1.2307422 1.1247570 1.0257015 0.0000000 0.2590492 0.7028572 1.0230591 1.0320667 0.9959431 1.2470785 1.2013825 1.2785683 1.1724259 
taxon11    1.0452591 1.0625691 1.1054622 1.2210067 1.2878508 1.1740178 1.1121610 1.2301529 1.0357241 0.9359918 0.2590492 0.0000000 0.7502066 0.9966638 0.9399234 1.0063691 1.1702685 1.1886017 1.1936406 1.0408690 
taxon12    1.1671033 1.1594111 1.5423397 1.3893636 1.7285163 1.5478346 1.3441701 1.3638007 1.3205991 1.1382974 0.7028572 0.7502066 0.0000000 0.5823552 0.6557161 0.6525611 1.3955124 1.5242915 1.4025770 1.3537603 
taxon13    1.2788073 1.3554998 1.5385859 1.7633304 1.7928271 1.8857012 1.5634604 1.5283102 1.6101932 1.4193040 1.0230591 0.9966638 0.5823552 0.0000000 0.3852109 0.3732291 1.5528074 1.5611630 1.3391550 1.3689534 
taxon14    1.1731135 1.3509231 1.6146274 1.7648827 1.9352883 1.8305573 1.7876820 1.7903808 1.6899861 1.5663526 1.0320667 0.9399234 0.6557161 0.3852109 0.0000000 0.2276520 1.3876673 1.4398257 1.3881337 1.3151652 
taxon15    1.1769322 1.3777981 1.6973490 1.7093928 1.9055181 1.8844622 1.6859109 1.8159732 1.6818879 1.4698188 0.9959431 1.0063691 0.6525611 0.3732291 0.2276520 0.0000000 1.5039637 1.5784379 1.4709873 1.4429450 
taxon16    1.4933768 1.8436339 1.9389216 1.9861766 1.7020250 1.6908125 1.8666235 1.6328923 1.7261081 1.6447136 1.2470785 1.1702685 1.3955124 1.5528074 1.3876673 1.5039637 0.0000000 0.2622187 0.8235844 0.6541383 
taxon17    1.2876280 1.5105356 1.5591890 1.6813226 1.4966700 1.4237180 1.7677124 1.4598471 1.5038572 1.4131793 1.2013825 1.1886017 1.5242915 1.5611630 1.4398257 1.5784379 0.2622187 0.0000000 0.7997733 0.6770352 
taxon18    1.5772402 2.0393743 2.1771795 2.2881662 1.9620622 1.9929022 1.6231011 1.4931650 1.8563219 1.8597936 1.2785683 1.1936406 1.4025770 1.3391550 1.3881337 1.4709873 0.8235844 0.7997733 0.0000000 0.4111721 
taxon19    1.4247253 1.6618440 1.7966999 1.8102481 1.7742182 1.6736338 1.4732340 1.2634485 1.5204256 1.4922471 1.1724259 1.0408690 1.3537603 1.3689534 1.3151652 1.4429450 0.6541383 0.6770352 0.4111721 0.0000000 
