20
taxon0     0.0000000 0.6618947 2.2503315 1.5896778 2.0525694 1.6364037 1.8944998 3.8270162 8.4107036 4.8915527 4.6300575 1.5313504 2.7048040 3.8308433 3.3717639 2.6472320 3.3610081 3.7846384 4.6786816 4.5788038 
taxon1     0.6618947 0.0000000 1.9055980 1.5097268 1.6293617 1.8739199 1.5288586 2.1919268 3.7879933 2.9377429 4.5576560 1.2548168 2.4622492 3.0636940 2.9723519 3.0414955 3.3811248 4.3273709 3.6391153 4.3452196 
taxon2     2.2503315 1.9055980 0.0000000 0.7678192 2.1489157 2.1295405 1.8067086 3.1913536 8.0179987 5.2475216 5.7322813 2.0934253 3.0836602 3.3341049 3.7437672 3.9039145 5.5278669 4.9508301 4.7885978 5.0731068 
taxon3     1.5896778 1.5097268 0.7678192 0.0000000 1.5589429 1.8290853 1.5963149 2.5793455 3.9529866 3.5728951 3.8822050 1.8902278 3.3549828 2.9093194 2.8916033 4.6622403 6.8091402 5.1531517 4.5069166 4.2633661 
taxon4     2.0525694 1.6293617 2.1489157 1.5589429 0.0000000 0.8860467 1.2155476 3.7628753 4.8051906 4.5198985 6.4404153 2.3877995 2.8562285 4.2815221 4.1472787 5.3090408 3.2084425 8.9999983 6.6268346 4.1212007 
taxon5     1.6364037 1.8739199 2.1295405 1.8290853 0.8860467 0.0000000 0.6142484 3.9876609 4.8480711 7.1580742 8.9999990 2.2147204 2.2978766 4.0319496 3.8044759 3.1190554 3.2584141 8.9999986 5.4783868 3.7136932 
taxon6     1.8944998 1.5288586 1.8067086 1.5963149 1.2155476 0.6142484 0.0000000 3.0248695 4.2483591 3.3724541 6.6021027 1.6537123 2.3143274 2.7647471 2.3849841 2.9795049 3.9955128 6.4421562 7.1312759 3.0489417 
taxon7     3.8270162 2.1919268 3.1913536 2.5793455 3.7628753 3.9876609 3.0248695 0.0000000 1.3855165 1.1839061 1.4823015 1.3038468 2.1524033 2.8702080 2.5371496 2.5991402 3.9279996 3.6446965 3.4166899 3.9262171 
taxon8     8.4107036 3.7879933 8.0179987 3.9529866 4.8051906 4.8480711 4.2483591 1.3855165 0.0000000 1.4404847 1.9727236 2.2202927 3.3859026 4.0278939 4.4434529 3.4276873 5.6079771 6.0415235 4.6257026 7.6222265 
taxon9     4.8915527 2.9377429 5.2475216 3.5728951 4.5198985 7.1580742 3.3724541 1.1839061 1.4404847 0.0000000 0.7237246 2.4205439 8.9999982 4.2197455 5.3340782 5.1062846 5.7938308 8.7346466 8.9999987 6.4420006 
taxon10    4.6300575 4.5576560 5.7322813 3.8822050 6.4404153 8.9999990 6.6021027 1.4823015 1.9727236 0.7237246 0.0000000 3.0064831 7.0769594 4.1731427 4.3914105 7.7988534 6.5613661 4.6827860 8.9999989 5.4210942 
taxon11    1.5313504 1.2548168 2.0934253 1.8902278 2.3877995 2.2147204 1.6537123 1.3038468 2.2202927 2.4205439 3.0064831 0.0000000 1.6219788 1.9308334 1.5757135 1.8579695 2.6303152 2.7895171 2.5790634 3.4111410 
taxon12    2.7048040 2.4622492 3.0836602 3.3549828 2.8562285 2.2978766 2.3143274 2.1524033 3.3859026 8.9999982 7.0769594 1.6219788 0.0000000 1.1971064 1.2542490 2.4345911 4.2227937 4.0722902 7.4533058 6.9830331 
taxon13    3.8308433 3.0636940 3.3341049 2.9093194 4.2815221 4.0319496 2.7647471 2.8702080 4.0278939 4.2197455 4.1731427 1.9308334 1.1971064 0.0000000 0.9127606 2.9520763 4.2143047 3.3789763 6.5129106 4.7645590 
taxon14    3.3717639 2.9723519 3.7437672 2.8916033 4.1472787 3.8044759 2.3849841 2.5371496 4.4434529 5.3340782 4.3914105 1.5757135 1.2542490 0.9127606 0.0000000 2.7383899 2.6550288 4.1740662 6.2102400 5.7953910 
taxon15    2.6472320 3.0414955 3.9039145 4.6622403 5.3090408 3.1190554 2.9795049 2.5991402 3.4276873 5.1062846 7.7988534 1.8579695 2.4345911 2.9520763 2.7383899 0.0000000 1.0418454 1.9859865 1.8261086 2.6641585 
taxon16    3.3610081 3.3811248 5.5278669 6.8091402 3.2084425 3.2584141 3.9955128 3.9279996 5.6079771 5.7938308 6.5613661 2.6303152 4.2227937 4.2143047 2.6550288 1.0418454 0.0000000 1.5652594 1.4346033 1.8722345 
taxon17    3.7846384 4.3273709 4.9508301 5.1531517 8.9999983 8.9999986 6.4421562 3.6446965 6.0415235 8.7346466 4.6827860 2.7895171 4.0722902 3.3789763 4.1740662 1.9859865 1.5652594 0.0000000 1.4928630 1.3805565 
taxon18    4.6786816 3.6391153 4.7885978 4.5069166 6.6268346 5.4783868 7.1312759 3.4166899 4.6257026 8.9999987 8.9999989 2.5790634 7.4533058 6.5129106 6.2102400 1.8261086 1.4346033 1.4928630 0.0000000 1.1072220 
taxon19    4.5788038 4.3452196 5.0731068 4.2633661 4.1212007 3.7136932 3.0489417 3.9262171 7.6222265 6.4420006 5.4210942 3.4111410 6.9830331 4.7645590 5.7953910 2.6641585 1.8722345 1.3805565 1.1072220 0.0000000 
