20
taxon0     0.0000000 0.0049467 0.0148921 0.0201203 0.0149023 0.1664262 0.1646867 0.1597281 0.1667751 0.1521973 0.1515859 0.1657956 0.1642747 0.1592795 0.1671727 0.1522102 0.1658674 0.1522102 0.1584772 0.1584772 
taxon1     0.0049467 0.0000000 0.0198878 0.0251902 0.0199013 0.1726044 0.1708026 0.1658674 0.1729670 0.1582658 0.1576292 0.1719536 0.1703834 0.1654030 0.1733696 0.1582837 0.1720230 0.1582837 0.1645780 0.1645780 
taxon2     0.0148921 0.0198878 0.0000000 0.0353862 0.0299521 0.1663988 0.1646603 0.1719656 0.1667475 0.1642995 0.1516031 0.1657686 0.1764481 0.1714859 0.1795184 0.1643226 0.1781322 0.1643226 0.1706394 0.1706394 
taxon3     0.0201203 0.0251902 0.0353862 0.0000000 0.0150469 0.1669117 0.1793417 0.1612016 0.1614262 0.1535900 0.1529675 0.1873386 0.1729752 0.1679367 0.1817207 0.1663139 0.1803046 0.1663139 0.1601780 0.1601780 
taxon4     0.0149023 0.0199013 0.0299521 0.0150469 0.0000000 0.1789889 0.1725066 0.1597279 0.1667746 0.1521974 0.1515860 0.1788465 0.1647671 0.1597628 0.1732967 0.1582206 0.1719514 0.1582206 0.1521757 0.1521757 
taxon5     0.1664262 0.1726044 0.1663988 0.1669117 0.1789889 0.0000000 0.0149753 0.0408651 0.0359494 0.0463419 0.0461758 0.0405751 0.0563541 0.0456224 0.0514302 0.0460563 0.0570330 0.0460563 0.0513165 0.0513165 
taxon6     0.1646867 0.1708026 0.1646603 0.1793417 0.1725066 0.0149753 0.0000000 0.0404705 0.0355995 0.0458911 0.0457293 0.0352148 0.0508131 0.0402241 0.0459101 0.0406049 0.0514253 0.0406049 0.0458072 0.0458072 
taxon7     0.1597281 0.1658674 0.1719656 0.1612016 0.1597279 0.0408651 0.0404705 0.0000000 0.0100504 0.0050395 0.0151307 0.0405061 0.0460477 0.0354356 0.0410910 0.0461949 0.0572080 0.0461949 0.0409987 0.0409987 
taxon8     0.1667751 0.1729670 0.1667475 0.1614262 0.1667746 0.0359494 0.0355995 0.0100504 0.0000000 0.0151977 0.0253502 0.0355639 0.0515083 0.0407695 0.0465372 0.0516748 0.0628285 0.0516748 0.0464357 0.0464357 
taxon9     0.1521973 0.1582658 0.1642995 0.1535900 0.1521974 0.0463419 0.0458911 0.0050395 0.0151977 0.0000000 0.0099802 0.0459321 0.0515718 0.0408220 0.0465964 0.0517391 0.0629039 0.0517391 0.0464946 0.0464946 
taxon10    0.1515859 0.1576292 0.1516031 0.1529675 0.1515860 0.0461758 0.0457293 0.0151307 0.0253502 0.0099802 0.0000000 0.0457697 0.0513876 0.0406763 0.0569892 0.0515522 0.0626748 0.0515522 0.0463276 0.0463276 
taxon11    0.1657956 0.1719536 0.1657686 0.1873386 0.1788465 0.0405751 0.0352148 0.0405061 0.0355639 0.0459321 0.0457697 0.0000000 0.0251335 0.0149215 0.0356743 0.0304218 0.0464981 0.0304218 0.0355891 0.0355891 
taxon12    0.1642747 0.1703834 0.1764481 0.1729752 0.1647671 0.0563541 0.0508131 0.0460477 0.0515083 0.0515718 0.0513876 0.0251335 0.0000000 0.0099734 0.0410460 0.0250495 0.0408384 0.0250495 0.0200097 0.0200097 
taxon13    0.1592795 0.1654030 0.1714859 0.1679367 0.1597628 0.0456224 0.0402241 0.0354356 0.0407695 0.0408220 0.0406763 0.0149215 0.0099734 0.0000000 0.0304656 0.0252569 0.0411785 0.0252569 0.0201760 0.0201760 
taxon14    0.1671727 0.1733696 0.1795184 0.1817207 0.1732967 0.0514302 0.0459101 0.0410910 0.0465372 0.0465964 0.0569892 0.0356743 0.0410460 0.0304656 0.0000000 0.0151483 0.0200922 0.0151483 0.0202511 0.0202511 
taxon15    0.1522102 0.1582837 0.1643226 0.1663139 0.1582206 0.0460563 0.0406049 0.0461949 0.0516748 0.0517391 0.0515522 0.0304218 0.0250495 0.0252569 0.0151483 0.0000000 0.0150693 0.0000010 0.0049420 0.0049420 
taxon16    0.1658674 0.1720230 0.1781322 0.1803046 0.1719514 0.0570330 0.0514253 0.0572080 0.0628285 0.0629039 0.0626748 0.0464981 0.0408384 0.0411785 0.0200922 0.0150693 0.0000000 0.0150693 0.0201460 0.0201460 
taxon17    0.1522102 0.1582837 0.1643226 0.1663139 0.1582206 0.0460563 0.0406049 0.0461949 0.0516748 0.0517391 0.0515522 0.0304218 0.0250495 0.0252569 0.0151483 0.0000010 0.0150693 0.0000000 0.0049420 0.0049420 
taxon18    0.1584772 0.1645780 0.1706394 0.1601780 0.1521757 0.0513165 0.0458072 0.0409987 0.0464357 0.0464946 0.0463276 0.0355891 0.0200097 0.0201760 0.0202511 0.0049420 0.0201460 0.0049420 0.0000000 0.0000010 
taxon19    0.1584772 0.1645780 0.1706394 0.1601780 0.1521757 0.0513165 0.0458072 0.0409987 0.0464357 0.0464946 0.0463276 0.0355891 0.0200097 0.0201760 0.0202511 0.0049420 0.0201460 0.0049420 0.0000010 0.0000000 
