19
taxon0     0.0000000 0.0295804 0.0295418 0.0347927 0.0346244 0.0402604 0.0302396 0.0246712 0.0148072 0.1998856 0.2064686 0.2177207 0.2261725 0.2057689 0.2057689 0.2124999 0.2063291 0.2065251 0.2197725 
taxon1     0.0295804 0.0000000 0.0048387 0.0244854 0.0245444 0.0351461 0.0353056 0.0296423 0.0347499 0.2027267 0.2093599 0.2150057 0.2240175 0.2164344 0.2164344 0.2233185 0.2170303 0.1910493 0.2170410 
taxon2     0.0295418 0.0048387 0.0000000 0.0194859 0.0195327 0.0350408 0.0351994 0.0295453 0.0347044 0.1997378 0.2063024 0.2119025 0.2207984 0.2133002 0.2133002 0.2201139 0.2138834 0.1881668 0.2138947 
taxon3     0.0347927 0.0244854 0.0194859 0.0000000 0.0146990 0.0459191 0.0357794 0.0198507 0.0297727 0.1991359 0.2056877 0.2243478 0.2277333 0.2201342 0.2201342 0.2270248 0.2207386 0.2048544 0.2264645 
taxon4     0.0346244 0.0245444 0.0195327 0.0146990 0.0000000 0.0401482 0.0352790 0.0195724 0.0296276 0.2057510 0.2123751 0.2236602 0.2191153 0.2116619 0.2116619 0.2184384 0.2122386 0.2057918 0.2257685 
taxon5     0.0402604 0.0351461 0.0350408 0.0459191 0.0401482 0.0000000 0.0195312 0.0296757 0.0403254 0.2086479 0.2153381 0.2135931 0.2282056 0.2077101 0.2077101 0.2144727 0.2082771 0.2279824 0.2217806 
taxon6     0.0302396 0.0353056 0.0351994 0.0357794 0.0352790 0.0195312 0.0000000 0.0198018 0.0302890 0.2014467 0.2080721 0.2063863 0.2208282 0.2005373 0.2005373 0.2072325 0.2010834 0.2206127 0.2144582 
taxon7     0.0246712 0.0296423 0.0295453 0.0198507 0.0195724 0.0296757 0.0198018 0.0000000 0.0197038 0.1935811 0.2001064 0.2113042 0.2196404 0.1994230 0.1994230 0.2060929 0.1999639 0.2124768 0.2132916 
taxon8     0.0148072 0.0347499 0.0347044 0.0297727 0.0296276 0.0403254 0.0302890 0.0197038 0.0000000 0.2132606 0.2199839 0.2243367 0.2261615 0.2057610 0.2057610 0.2124910 0.2063211 0.2200579 0.2197626 
taxon9     0.1998856 0.2027267 0.1997378 0.1991359 0.2057510 0.2086479 0.2014467 0.1935811 0.2132606 0.0000000 0.0097882 0.0196741 0.0403483 0.0350494 0.0350494 0.0299698 0.0249140 0.0297279 0.0298386 
taxon10    0.2064686 0.2093599 0.2063024 0.2056877 0.2123751 0.2153381 0.2080721 0.2001064 0.2199839 0.0097882 0.0000000 0.0248125 0.0352448 0.0299920 0.0299920 0.0249333 0.0198983 0.0349935 0.0351247 
taxon11    0.2177207 0.2150057 0.2119025 0.2243478 0.2236602 0.2135931 0.2063863 0.2113042 0.2243367 0.0196741 0.0248125 0.0000000 0.0453837 0.0400480 0.0400480 0.0349564 0.0298888 0.0297646 0.0147973 
taxon12    0.2261725 0.2240175 0.2207984 0.2277333 0.2191153 0.2282056 0.2208282 0.2196404 0.2261615 0.0403483 0.0352448 0.0453837 0.0000000 0.0249083 0.0249083 0.0099037 0.0148718 0.0507279 0.0507753 
taxon13    0.2057689 0.2164344 0.2133002 0.2201342 0.2116619 0.2077101 0.2005373 0.1994230 0.2057610 0.0350494 0.0299920 0.0400480 0.0249083 0.0000000 0.0000010 0.0148019 0.0098438 0.0557750 0.0453644 
taxon14    0.2057689 0.2164344 0.2133002 0.2201342 0.2116619 0.2077101 0.2005373 0.1994230 0.2057610 0.0350494 0.0299920 0.0400480 0.0249083 0.0000010 0.0000000 0.0148019 0.0098438 0.0557750 0.0453644 
taxon16    0.2124999 0.2233185 0.2201139 0.2270248 0.2184384 0.2144727 0.2072325 0.2060929 0.2124910 0.0299698 0.0249333 0.0349564 0.0099037 0.0148019 0.0148019 0.0000000 0.0049101 0.0505791 0.0402254 
taxon17    0.2063291 0.2170303 0.2138834 0.2207386 0.2122386 0.2082771 0.2010834 0.1999639 0.2063211 0.0249140 0.0198983 0.0298888 0.0148718 0.0098438 0.0098438 0.0049101 0.0000000 0.0454077 0.0351106 
taxon18    0.2065251 0.1910493 0.1881668 0.2048544 0.2057918 0.2279824 0.2206127 0.2124768 0.2200579 0.0297279 0.0349935 0.0297646 0.0507279 0.0557750 0.0557750 0.0505791 0.0454077 0.0000000 0.0197398 
taxon19    0.2197725 0.2170410 0.2138947 0.2264645 0.2257685 0.2217806 0.2144582 0.2132916 0.2197626 0.0298386 0.0351247 0.0147973 0.0507753 0.0453644 0.0453644 0.0402254 0.0351106 0.0197398 0.0000000 
