20
taxon0     0.0000000 0.1019558 0.1924416 0.2139219 0.2677595 0.2623294 0.2666216 0.3083970 0.3273295 0.2584763 0.2709270 0.2262900 0.2441900 0.2930951 0.3533509 0.3893445 0.3488272 0.2997635 0.3712021 0.3654785 
taxon1     0.1019558 0.0000000 0.2368151 0.2398861 0.2595352 0.2666157 0.2445831 0.3093766 0.3448597 0.2338351 0.2456399 0.1898877 0.2063616 0.2543188 0.3910043 0.4017635 0.3873138 0.3244132 0.3799493 0.3431795 
taxon2     0.1924416 0.2368151 0.0000000 0.0911423 0.1454235 0.1544461 0.1477274 0.1979805 0.2319208 0.3134899 0.2735295 0.2337614 0.2400637 0.2989623 0.4142220 0.4500059 0.4032944 0.3772419 0.3916275 0.4078728 
taxon3     0.2139219 0.2398861 0.0911423 0.0000000 0.1143739 0.1431697 0.1388597 0.1851416 0.2213110 0.2900554 0.2671535 0.2206718 0.2269197 0.2948959 0.4321273 0.4497526 0.4204953 0.3775432 0.3868183 0.4149075 
taxon4     0.2677595 0.2595352 0.1454235 0.1143739 0.0000000 0.1359750 0.1304384 0.1750540 0.2037772 0.3317412 0.3082113 0.2734564 0.2800587 0.3345971 0.4967282 0.5319164 0.4496242 0.4443490 0.4847424 0.4454192 
taxon5     0.2623294 0.2666157 0.1544461 0.1431697 0.1359750 0.0000000 0.0836237 0.1263986 0.1455978 0.3262514 0.2938127 0.2578553 0.2641990 0.3233314 0.4803768 0.5119948 0.4492300 0.4332737 0.4456397 0.4149415 
taxon6     0.2666216 0.2445831 0.1477274 0.1388597 0.1304384 0.0836237 0.0000000 0.0850764 0.1095584 0.3008126 0.2751977 0.2369482 0.2432002 0.3031287 0.4726909 0.4946005 0.4565134 0.4056528 0.4297571 0.3619623 
taxon7     0.3083970 0.3093766 0.1979805 0.1851416 0.1750540 0.1263986 0.0850764 0.0000000 0.0355875 0.3496814 0.3287245 0.2989992 0.2972384 0.3589321 0.5074056 0.5184809 0.4698303 0.4679020 0.4924690 0.4564814 
taxon8     0.3273295 0.3448597 0.2319208 0.2213110 0.2037772 0.1455978 0.1095584 0.0355875 0.0000000 0.3884682 0.3614809 0.3303841 0.3284817 0.3809973 0.5334327 0.5558281 0.4895978 0.5084488 0.5152330 0.4600527 
taxon9     0.2584763 0.2338351 0.3134899 0.2900554 0.3317412 0.3262514 0.3008126 0.3496814 0.3884682 0.0000000 0.0994369 0.1250841 0.1387388 0.2048287 0.4260664 0.4312959 0.4455273 0.3708496 0.4201743 0.3980824 
taxon10    0.2709270 0.2456399 0.2735295 0.2671535 0.3082113 0.2938127 0.2751977 0.3287245 0.3614809 0.0994369 0.0000000 0.1399594 0.1417484 0.2128272 0.3760544 0.4185505 0.4203939 0.3812321 0.4001319 0.4105120 
taxon11    0.2262900 0.1898877 0.2337614 0.2206718 0.2734564 0.2578553 0.2369482 0.2989992 0.3303841 0.1250841 0.1399594 0.0000000 0.0149783 0.0790312 0.3950488 0.4108281 0.4340979 0.3733622 0.3846190 0.3507238 
taxon12    0.2441900 0.2063616 0.2400637 0.2269197 0.2800587 0.2641990 0.2432002 0.2972384 0.3284817 0.1387388 0.1417484 0.0149783 0.0000000 0.0617279 0.4124491 0.4286374 0.4474090 0.3898148 0.3986401 0.3614512 
taxon13    0.2930951 0.2543188 0.2989623 0.2948959 0.3345971 0.3233314 0.3031287 0.3589321 0.3809973 0.2048287 0.2128272 0.0790312 0.0617279 0.0000000 0.4695204 0.5034129 0.5101188 0.4482163 0.4588173 0.4022554 
taxon14    0.3533509 0.3910043 0.4142220 0.4321273 0.4967282 0.4803768 0.4726909 0.5074056 0.5334327 0.4260664 0.3760544 0.3950488 0.4124491 0.4695204 0.0000000 0.1844071 0.2359199 0.2575097 0.2671719 0.3446729 
taxon15    0.3893445 0.4017635 0.4500059 0.4497526 0.5319164 0.5119948 0.4946005 0.5184809 0.5558281 0.4312959 0.4185505 0.4108281 0.4286374 0.5034129 0.1844071 0.0000000 0.3148785 0.3388779 0.3290507 0.4118451 
taxon16    0.3488272 0.3873138 0.4032944 0.4204953 0.4496242 0.4492300 0.4565134 0.4698303 0.4895978 0.4455273 0.4203939 0.4340979 0.4474090 0.5101188 0.2359199 0.3148785 0.0000000 0.1592597 0.1950969 0.2745154 
taxon17    0.2997635 0.3244132 0.3772419 0.3775432 0.4443490 0.4332737 0.4056528 0.4679020 0.5084488 0.3708496 0.3812321 0.3733622 0.3898148 0.4482163 0.2575097 0.3388779 0.1592597 0.0000000 0.1249557 0.1851975 
taxon18    0.3712021 0.3799493 0.3916275 0.3868183 0.4847424 0.4456397 0.4297571 0.4924690 0.5152330 0.4201743 0.4001319 0.3846190 0.3986401 0.4588173 0.2671719 0.3290507 0.1950969 0.1249557 0.0000000 0.1397980 
taxon19    0.3654785 0.3431795 0.4078728 0.4149075 0.4454192 0.4149415 0.3619623 0.4564814 0.4600527 0.3980824 0.4105120 0.3507238 0.3614512 0.4022554 0.3446729 0.4118451 0.2745154 0.1851975 0.1397980 0.0000000 
