20
taxon0     0.0000000 0.1975750 0.2401271 0.2382583 0.1667881 0.3120308 0.2666719 0.1184989 0.1178397 0.3607590 0.4279193 0.3461879 0.4206677 0.4891544 0.5405174 0.5650344 0.5392630 0.4842783 0.4450234 0.4892905 
taxon1     0.1975750 0.0000000 0.2287003 0.3654748 0.3291456 0.3992640 0.4158732 0.3204187 0.3180353 0.4503085 0.4971163 0.4349620 0.4995877 0.5746884 0.6253517 0.6283203 0.6206923 0.5631464 0.5240102 0.5661158 
taxon2     0.2401271 0.2287003 0.0000000 0.4256175 0.3733315 0.4454588 0.4455841 0.3480856 0.3459435 0.4882827 0.5482195 0.4771824 0.5390756 0.6077397 0.6338781 0.6926670 0.6416442 0.5961160 0.5884991 0.6066458 
taxon3     0.2382583 0.3654748 0.4256175 0.0000000 0.0969345 0.1966132 0.1846118 0.3130493 0.3113955 0.5313763 0.5195588 0.5216725 0.5560955 0.5776914 0.6386711 0.6705779 0.7042534 0.6221623 0.5887617 0.6115046 
taxon4     0.1667881 0.3291456 0.3733315 0.0969345 0.0000000 0.1656125 0.1227027 0.2579132 0.2646326 0.4442015 0.4721416 0.4441483 0.4991356 0.5149496 0.5769708 0.6399689 0.6489435 0.5742198 0.5390392 0.5713107 
taxon5     0.3120308 0.3992640 0.4454588 0.1966132 0.1656125 0.0000000 0.1264908 0.3691493 0.3671121 0.5513144 0.5662937 0.5413913 0.5787000 0.5683818 0.6825004 0.6950260 0.6780108 0.5909217 0.6121488 0.6056108 
taxon6     0.2666719 0.4158732 0.4455841 0.1846118 0.1227027 0.1264908 0.0000000 0.3412347 0.3393887 0.4998741 0.5168496 0.5230419 0.5471393 0.5565238 0.6479022 0.6360335 0.6634761 0.5616988 0.5763169 0.5702232 
taxon7     0.1184989 0.3204187 0.3480856 0.3130493 0.2579132 0.3691493 0.3412347 0.0000000 0.0241737 0.4354523 0.5130544 0.4341921 0.4479961 0.5039584 0.5542702 0.6165584 0.5895385 0.5275928 0.5028110 0.5175096 
taxon8     0.1178397 0.3180353 0.3459435 0.3113955 0.2646326 0.3671121 0.3393887 0.0241737 0.0000000 0.4397055 0.5224643 0.4450497 0.4542709 0.5083908 0.5598402 0.6172202 0.5997555 0.5180018 0.4939300 0.5049254 
taxon9     0.3607590 0.4503085 0.4882827 0.5313763 0.4442015 0.5513144 0.4998741 0.4354523 0.4397055 0.0000000 0.1231913 0.0288046 0.1336180 0.2546664 0.3386274 0.3858479 0.4377558 0.3358015 0.3125083 0.3525520 
taxon10    0.4279193 0.4971163 0.5482195 0.5195588 0.4721416 0.5662937 0.5168496 0.5130544 0.5224643 0.1231913 0.0000000 0.1184197 0.2297801 0.3104364 0.3750489 0.4296675 0.5052343 0.4020844 0.3674291 0.3923261 
taxon11    0.3461879 0.4349620 0.4771824 0.5216725 0.4441483 0.5413913 0.5230419 0.4341921 0.4450497 0.0288046 0.1184197 0.0000000 0.1391008 0.2610342 0.3457663 0.3890611 0.4365738 0.3422394 0.3110729 0.3605024 
taxon12    0.4206677 0.4995877 0.5390756 0.5560955 0.4991356 0.5787000 0.5471393 0.4479961 0.4542709 0.1336180 0.2297801 0.1391008 0.0000000 0.1625296 0.2419824 0.4244600 0.4456039 0.3908173 0.3485850 0.3898429 
taxon13    0.4891544 0.5746884 0.6077397 0.5776914 0.5149496 0.5683818 0.5565238 0.5039584 0.5083908 0.2546664 0.3104364 0.2610342 0.1625296 0.0000000 0.1389106 0.4919563 0.5021092 0.4623462 0.4155911 0.4252443 
taxon14    0.5405174 0.6253517 0.6338781 0.6386711 0.5769708 0.6825004 0.6479022 0.5542702 0.5598402 0.3386274 0.3750489 0.3457663 0.2419824 0.1389106 0.0000000 0.5978964 0.5636982 0.5363144 0.4941411 0.4876226 
taxon15    0.5650344 0.6283203 0.6926670 0.6705779 0.6399689 0.6950260 0.6360335 0.6165584 0.6172202 0.3858479 0.4296675 0.3890611 0.4244600 0.4919563 0.5978964 0.0000000 0.3100172 0.2282542 0.3251845 0.3627676 
taxon16    0.5392630 0.6206923 0.6416442 0.7042534 0.6489435 0.6780108 0.6634761 0.5895385 0.5997555 0.4377558 0.5052343 0.4365738 0.4456039 0.5021092 0.5636982 0.3100172 0.0000000 0.1539458 0.3943839 0.4200414 
taxon17    0.4842783 0.5631464 0.5961160 0.6221623 0.5742198 0.5909217 0.5616988 0.5275928 0.5180018 0.3358015 0.4020844 0.3422394 0.3908173 0.4623462 0.5363144 0.2282542 0.1539458 0.0000000 0.2999109 0.3492902 
taxon18    0.4450234 0.5240102 0.5884991 0.5887617 0.5390392 0.6121488 0.5763169 0.5028110 0.4939300 0.3125083 0.3674291 0.3110729 0.3485850 0.4155911 0.4941411 0.3251845 0.3943839 0.2999109 0.0000000 0.1353955 
taxon19    0.4892905 0.5661158 0.6066458 0.6115046 0.5713107 0.6056108 0.5702232 0.5175096 0.5049254 0.3525520 0.3923261 0.3605024 0.3898429 0.4252443 0.4876226 0.3627676 0.4200414 0.3492902 0.1353955 0.0000000 
