20
taxon0     0.0000000 0.1274239 0.1060046 0.2492492 0.3278909 0.2897472 0.2720811 0.2859679 0.2930283 0.2913285 0.2531180 0.2591113 0.2957493 0.3349798 0.3187418 0.3269537 0.3066263 0.3149601 0.3067255 0.3128963 
taxon1     0.1274239 0.0000000 0.0701216 0.2759464 0.3290792 0.2899427 0.2827356 0.2745777 0.2772194 0.2727615 0.2970034 0.3010838 0.2997581 0.3403834 0.3240105 0.2949306 0.2903174 0.2973802 0.2904086 0.2965480 
taxon2     0.1060046 0.0701216 0.0000000 0.2721055 0.3360854 0.3010392 0.2887400 0.3028718 0.3052946 0.3008407 0.2887387 0.2928099 0.3241681 0.3759096 0.3586045 0.3292406 0.3240841 0.3352128 0.3241947 0.3305434 
taxon3     0.2492492 0.2759464 0.2721055 0.0000000 0.0740654 0.1561714 0.1830723 0.1899819 0.2078458 0.1952425 0.1557284 0.1569332 0.1839704 0.2184850 0.2020713 0.2100555 0.1995064 0.1962688 0.1875580 0.1932078 
taxon4     0.3278909 0.3290792 0.3360854 0.0740654 0.0000000 0.2099000 0.2505638 0.2541547 0.2669915 0.2534856 0.2075029 0.2007146 0.2178879 0.2334558 0.2121703 0.2231627 0.2057841 0.2152598 0.2061075 0.2119186 
taxon5     0.2897472 0.2899427 0.3010392 0.1561714 0.2099000 0.0000000 0.0624269 0.0790303 0.0944617 0.0783490 0.0854366 0.0912794 0.1140405 0.1644486 0.1434689 0.1421618 0.1328353 0.1283619 0.1156833 0.1270230 
taxon6     0.2720811 0.2827356 0.2887400 0.1830723 0.2505638 0.0624269 0.0000000 0.0251782 0.0456240 0.0248850 0.1030912 0.1091124 0.1359599 0.1793472 0.1655753 0.1598210 0.1625339 0.1640680 0.1508722 0.1564088 
taxon7     0.2859679 0.2745777 0.3028718 0.1899819 0.2541547 0.0790303 0.0251782 0.0000000 0.0410142 0.0201311 0.1204022 0.1265651 0.1425859 0.1803131 0.1664691 0.1666490 0.1692770 0.1708603 0.1575253 0.1635683 
taxon8     0.2930283 0.2772194 0.3052946 0.2078458 0.2669915 0.0944617 0.0456240 0.0410142 0.0000000 0.0200510 0.1371312 0.1433982 0.1558786 0.2008784 0.1866995 0.1911621 0.1853885 0.1804264 0.1736304 0.1791752 
taxon9     0.2913285 0.2727615 0.3008407 0.1952425 0.2534856 0.0783490 0.0248850 0.0201311 0.0200510 0.0000000 0.1201483 0.1262953 0.1381301 0.1825099 0.1686266 0.1651090 0.1677369 0.1627446 0.1560952 0.1616138 
taxon10    0.2531180 0.2970034 0.2887387 0.1557284 0.2075029 0.0854366 0.1030912 0.1204022 0.1371312 0.1201483 0.0000000 0.0149323 0.0625731 0.1073865 0.0944937 0.1088244 0.1006597 0.1016979 0.0898061 0.1006196 
taxon11    0.2591113 0.3010838 0.2928099 0.1569332 0.2007146 0.0912794 0.1091124 0.1265651 0.1433982 0.1262953 0.0149323 0.0000000 0.0681534 0.1133860 0.1002992 0.1148910 0.1065390 0.1076281 0.0956090 0.1064956 
taxon12    0.2957493 0.2997581 0.3241681 0.1839704 0.2178879 0.1140405 0.1359599 0.1425859 0.1558786 0.1381301 0.0625731 0.0681534 0.0000000 0.0688485 0.0569533 0.0996079 0.0856533 0.0793997 0.0806218 0.0915394 
taxon13    0.3349798 0.3403834 0.3759096 0.2184850 0.2334558 0.1644486 0.1793472 0.1803131 0.2008784 0.1825099 0.1073865 0.1133860 0.0688485 0.0000000 0.0304382 0.1305354 0.1152969 0.1227864 0.1102297 0.1214976 
taxon14    0.3187418 0.3240105 0.3586045 0.2020713 0.2121703 0.1434689 0.1655753 0.1664691 0.1866995 0.1686266 0.0944937 0.1002992 0.0569533 0.0304382 0.0000000 0.0993149 0.0853858 0.0922718 0.0803611 0.0912626 
taxon15    0.3269537 0.2949306 0.3292406 0.2100555 0.2231627 0.1421618 0.1598210 0.1666490 0.1911621 0.1651090 0.1088244 0.1148910 0.0996079 0.1305354 0.0993149 0.0000000 0.0357728 0.0361944 0.0254836 0.0357613 
taxon16    0.3066263 0.2903174 0.3240841 0.1995064 0.2057841 0.1328353 0.1625339 0.1692770 0.1853885 0.1677369 0.1006597 0.1065390 0.0856533 0.1152969 0.0853858 0.0357728 0.0000000 0.0301834 0.0198322 0.0298263 
taxon17    0.3149601 0.2973802 0.3352128 0.1962688 0.2152598 0.1283619 0.1640680 0.1708603 0.1804264 0.1627446 0.1016979 0.1076281 0.0793997 0.1227864 0.0922718 0.0361944 0.0301834 0.0000000 0.0099731 0.0199932 
taxon18    0.3067255 0.2904086 0.3241947 0.1875580 0.2061075 0.1156833 0.1508722 0.1575253 0.1736304 0.1560952 0.0898061 0.0956090 0.0806218 0.1102297 0.0803611 0.0254836 0.0198322 0.0099731 0.0000000 0.0098505 
taxon19    0.3128963 0.2965480 0.3305434 0.1932078 0.2119186 0.1270230 0.1564088 0.1635683 0.1791752 0.1616138 0.1006196 0.1064956 0.0915394 0.1214976 0.0912626 0.0357613 0.0298263 0.0199932 0.0098505 0.0000000 
