20
taxon0     0.0000000 0.0436088 0.0336263 0.0594505 0.0384259 0.0442510 0.0716472 0.0590022 0.1896088 0.1914213 0.2055441 0.1920477 0.1982821 0.2150606 0.2023151 0.1961764 0.2065948 0.2186216 0.2000928 0.2134964 
taxon1     0.0436088 0.0000000 0.0094930 0.0242245 0.0095299 0.0246932 0.0452247 0.0494383 0.1902735 0.1813652 0.1866465 0.1808957 0.1865291 0.1943379 0.1944686 0.1968649 0.2001417 0.1997611 0.2022139 0.2157496 
taxon2     0.0336263 0.0094930 0.0000000 0.0242799 0.0095515 0.0147009 0.0453304 0.0392104 0.1907343 0.1688407 0.1997509 0.1813300 0.1869750 0.2076611 0.1949382 0.1973451 0.1872927 0.1869300 0.1892449 0.2025787 
taxon3     0.0594505 0.0242245 0.0242799 0.0000000 0.0243735 0.0300183 0.0498511 0.0550762 0.2114117 0.2020952 0.1937444 0.2015626 0.2073195 0.2149602 0.2156678 0.2046165 0.2079415 0.2210786 0.2100911 0.2376817 
taxon4     0.0384259 0.0095299 0.0095515 0.0243735 0.0000000 0.0146103 0.0455036 0.0389752 0.1764792 0.1678561 0.2003920 0.1674281 0.1729707 0.2083260 0.1955699 0.1828429 0.2012701 0.2008868 0.1881367 0.2013976 
taxon5     0.0442510 0.0246932 0.0147009 0.0300183 0.0146103 0.0000000 0.0500006 0.0346048 0.1810885 0.1765209 0.2099229 0.1891643 0.1948568 0.2319116 0.2186691 0.2054861 0.1972099 0.2102152 0.1840980 0.1927242 
taxon6     0.0716472 0.0452247 0.0453304 0.0498511 0.0455036 0.0500006 0.0000000 0.0353946 0.1970717 0.2059743 0.2246321 0.2054253 0.2112501 0.2204193 0.2073065 0.2099100 0.2131458 0.2004823 0.2153715 0.2104833 
taxon7     0.0590022 0.0494383 0.0392104 0.0550762 0.0389752 0.0346048 0.0353946 0.0000000 0.2038020 0.1814065 0.2150364 0.1941215 0.1998337 0.2245707 0.2114101 0.1983017 0.1901315 0.1909597 0.1771221 0.2035541 
taxon8     0.1896088 0.1902735 0.1907343 0.2114117 0.1764792 0.1810885 0.1970717 0.2038020 0.0000000 0.0244096 0.0398552 0.0243422 0.0292349 0.0557341 0.0453052 0.0349458 0.0502666 0.0604602 0.0398598 0.0386920 
taxon9     0.1914213 0.1813652 0.1688407 0.2020952 0.1678561 0.1765209 0.2059743 0.1814065 0.0244096 0.0000000 0.0440141 0.0286502 0.0237846 0.0596800 0.0595570 0.0491906 0.0439532 0.0438565 0.0338660 0.0442393 
taxon10    0.2055441 0.1866465 0.1997509 0.1937444 0.2003920 0.2099229 0.2246321 0.2150364 0.0398552 0.0440141 0.0000000 0.0340705 0.0389854 0.0540690 0.0545234 0.0547402 0.0390634 0.0693941 0.0494827 0.0709836 
taxon11    0.1920477 0.1808957 0.1813300 0.2015626 0.1674281 0.1891643 0.2054253 0.1941215 0.0243422 0.0286502 0.0340705 0.0000000 0.0142071 0.0697923 0.0393336 0.0390598 0.0442253 0.0642054 0.0438981 0.0544828 
taxon12    0.1982821 0.1865291 0.1869750 0.2073195 0.1729707 0.1948568 0.2112501 0.1998337 0.0292349 0.0237846 0.0389854 0.0142071 0.0000000 0.0645517 0.0544012 0.0540273 0.0492003 0.0590323 0.0488356 0.0594922 
taxon13    0.2150606 0.1943379 0.2076611 0.2149602 0.2083260 0.2319116 0.2204193 0.2245707 0.0557341 0.0596800 0.0540690 0.0697923 0.0645517 0.0000000 0.0388539 0.0291989 0.0545997 0.0544796 0.0552174 0.0662342 
taxon14    0.2023151 0.1944686 0.1949382 0.2156678 0.1955699 0.2186691 0.2073065 0.2114101 0.0453052 0.0595570 0.0545234 0.0393336 0.0544012 0.0388539 0.0000000 0.0194253 0.0344278 0.0543678 0.0448587 0.0556759 
taxon15    0.1961764 0.1968649 0.1973451 0.2046165 0.1828429 0.2054861 0.2099100 0.1983017 0.0349458 0.0491906 0.0547402 0.0390598 0.0540273 0.0291989 0.0194253 0.0000000 0.0448812 0.0550138 0.0345797 0.0451764 
taxon16    0.2065948 0.2001417 0.1872927 0.2079415 0.2012701 0.1972099 0.2131458 0.1901315 0.0502666 0.0439532 0.0390634 0.0442253 0.0492003 0.0545997 0.0344278 0.0448812 0.0000000 0.0389032 0.0194318 0.0398793 
taxon17    0.2186216 0.1997611 0.1869300 0.2210786 0.2008868 0.2102152 0.2004823 0.1909597 0.0604602 0.0438565 0.0693941 0.0642054 0.0590323 0.0544796 0.0543678 0.0550138 0.0389032 0.0000000 0.0339998 0.0398018 
taxon18    0.2000928 0.2022139 0.1892449 0.2100911 0.1881367 0.1840980 0.2153715 0.1771221 0.0398598 0.0338660 0.0494827 0.0438981 0.0488356 0.0552174 0.0448587 0.0345797 0.0194318 0.0339998 0.0000000 0.0296503 
taxon19    0.2134964 0.2157496 0.2025787 0.2376817 0.2013976 0.1927242 0.2104833 0.2035541 0.0386920 0.0442393 0.0709836 0.0544828 0.0594922 0.0662342 0.0556759 0.0451764 0.0398793 0.0398018 0.0296503 0.0000000 
