20
taxon0     0.0000000 0.0099883 0.2211901 0.2093310 0.1246624 0.1646124 0.1922078 0.2648211 0.2257732 0.1306576 0.2581608 0.2566177 0.1743898 0.1781207 0.3588948 0.4182122 0.3920597 0.3687048 0.3920140 0.3162470 
taxon1     0.0099883 0.0000000 0.2132526 0.2015480 0.1179949 0.1572668 0.1846028 0.2561230 0.2177155 0.1239012 0.2550294 0.2534291 0.1614624 0.1649305 0.3763463 0.4335424 0.4067868 0.3786308 0.4020901 0.3252362 
taxon2     0.2211901 0.2132526 0.0000000 0.1609367 0.1455826 0.1877587 0.2039060 0.2572188 0.2380411 0.1517242 0.2674070 0.2947236 0.3168119 0.3381663 0.4843188 0.5106647 0.4853251 0.4824060 0.5188100 0.4489695 
taxon3     0.2093310 0.2015480 0.1609367 0.0000000 0.1521229 0.1818139 0.2110238 0.2514827 0.2384793 0.1632265 0.2618176 0.2745295 0.2834660 0.3049375 0.4400384 0.5001382 0.4665462 0.4536386 0.4569427 0.4054259 
taxon4     0.1246624 0.1179949 0.1455826 0.1521229 0.0000000 0.0723750 0.0834193 0.1595685 0.1354516 0.0199955 0.1746812 0.1855259 0.2484402 0.2514634 0.4285913 0.4516517 0.4467172 0.4105218 0.4257269 0.3563875 
taxon5     0.1646124 0.1572668 0.1877587 0.1818139 0.0723750 0.0000000 0.1172147 0.1905551 0.1580453 0.0723307 0.2073011 0.2076926 0.2699194 0.2812034 0.4708769 0.4833943 0.4825049 0.4244926 0.4393493 0.3757319 
taxon6     0.1922078 0.1846028 0.2039060 0.2110238 0.0834193 0.1172147 0.0000000 0.0860293 0.0747254 0.0886338 0.2208644 0.2004044 0.3128010 0.3101441 0.4722208 0.4762331 0.4809650 0.4441374 0.4504612 0.3903326 
taxon7     0.2648211 0.2561230 0.2572188 0.2514827 0.1595685 0.1905551 0.0860293 0.0000000 0.1371766 0.1469663 0.2409341 0.2412406 0.3545258 0.3530737 0.5019869 0.5313434 0.5432305 0.5173696 0.4916746 0.4468497 
taxon8     0.2257732 0.2177155 0.2380411 0.2384793 0.1354516 0.1580453 0.0747254 0.1371766 0.0000000 0.1347976 0.2799175 0.2565491 0.3424087 0.3114326 0.4558105 0.5012364 0.4706984 0.4324768 0.4474794 0.4031351 
taxon9     0.1306576 0.1239012 0.1517242 0.1632265 0.0199955 0.0723307 0.0886338 0.1469663 0.1347976 0.0000000 0.1748577 0.1793013 0.2543948 0.2585134 0.4218867 0.4498647 0.4395775 0.4194396 0.4404404 0.3646602 
taxon10    0.2581608 0.2550294 0.2674070 0.2618176 0.1746812 0.2073011 0.2208644 0.2409341 0.2799175 0.1748577 0.0000000 0.1332558 0.3622854 0.3717361 0.4405247 0.4391293 0.4440988 0.4649513 0.4582470 0.3874354 
taxon11    0.2566177 0.2534291 0.2947236 0.2745295 0.1855259 0.2076926 0.2004044 0.2412406 0.2565491 0.1793013 0.1332558 0.0000000 0.3537112 0.3736055 0.4531582 0.4596701 0.4969029 0.5050584 0.4922320 0.4310863 
taxon12    0.1743898 0.1614624 0.3168119 0.2834660 0.2484402 0.2699194 0.3128010 0.3545258 0.3424087 0.2543948 0.3622854 0.3537112 0.0000000 0.1476477 0.4143791 0.4428671 0.4136386 0.3974732 0.4221591 0.3580772 
taxon13    0.1781207 0.1649305 0.3381663 0.3049375 0.2514634 0.2812034 0.3101441 0.3530737 0.3114326 0.2585134 0.3717361 0.3736055 0.1476477 0.0000000 0.3897072 0.4513750 0.4297408 0.3695261 0.3972495 0.3471947 
taxon14    0.3588948 0.3763463 0.4843188 0.4400384 0.4285913 0.4708769 0.4722208 0.5019869 0.4558105 0.4218867 0.4405247 0.4531582 0.4143791 0.3897072 0.0000000 0.2335282 0.1499222 0.2166105 0.2601040 0.1853031 
taxon15    0.4182122 0.4335424 0.5106647 0.5001382 0.4516517 0.4833943 0.4762331 0.5313434 0.5012364 0.4498647 0.4391293 0.4596701 0.4428671 0.4513750 0.2335282 0.0000000 0.1778028 0.2817304 0.3503265 0.2792567 
taxon16    0.3920597 0.4067868 0.4853251 0.4665462 0.4467172 0.4825049 0.4809650 0.5432305 0.4706984 0.4395775 0.4440988 0.4969029 0.4136386 0.4297408 0.1499222 0.1778028 0.0000000 0.2134724 0.2952755 0.2103468 
taxon17    0.3687048 0.3786308 0.4824060 0.4536386 0.4105218 0.4244926 0.4441374 0.5173696 0.4324768 0.4194396 0.4649513 0.5050584 0.3974732 0.3695261 0.2166105 0.2817304 0.2134724 0.0000000 0.1909801 0.1065719 
taxon18    0.3920140 0.4020901 0.5188100 0.4569427 0.4257269 0.4393493 0.4504612 0.4916746 0.4474794 0.4404404 0.4582470 0.4922320 0.4221591 0.3972495 0.2601040 0.3503265 0.2952755 0.1909801 0.0000000 0.0921933 
taxon19    0.3162470 0.3252362 0.4489695 0.4054259 0.3563875 0.3757319 0.3903326 0.4468497 0.4031351 0.3646602 0.3874354 0.4310863 0.3580772 0.3471947 0.1853031 0.2792567 0.2103468 0.1065719 0.0921933 0.0000000 
