20
taxon0     0.0000000 0.0303823 0.0794611 0.0682715 0.0624854 0.0676316 0.0759120 0.0735230 0.0959391 0.0735041 0.0742867 0.0892687 0.0900984 0.0798617 0.0797504 0.1031983 0.1091851 0.1601933 0.1204643 0.1265817 
taxon1     0.0303823 0.0000000 0.0895505 0.0835443 0.0830391 0.0827700 0.0640449 0.0619475 0.0838273 0.0728197 0.0842855 0.0990832 0.0999922 0.0681657 0.0799760 0.0909281 0.1326136 0.1835422 0.1438411 0.1618856 
taxon2     0.0794611 0.0895505 0.0000000 0.0302426 0.0304243 0.0354633 0.0792763 0.0714652 0.0826692 0.0667814 0.0718994 0.0937863 0.0826388 0.0729121 0.0847208 0.0728218 0.1778929 0.2075228 0.1808764 0.1749920 
taxon3     0.0682715 0.0835443 0.0302426 0.0000000 0.0201073 0.0150077 0.0631097 0.0660557 0.0666165 0.0663588 0.0565257 0.0826546 0.0716914 0.0565760 0.0679815 0.0677768 0.1767479 0.1943512 0.1681508 0.1623344 
taxon4     0.0624854 0.0830391 0.0304243 0.0201073 0.0000000 0.0149624 0.0629637 0.0609214 0.0719434 0.0667601 0.0674591 0.0768410 0.0721258 0.0728904 0.0846991 0.0844455 0.1708800 0.1759629 0.1503005 0.1445574 
taxon5     0.0676316 0.0827700 0.0354633 0.0150077 0.0149624 0.0000000 0.0680956 0.0659430 0.0770144 0.0718351 0.0725839 0.0818961 0.0772127 0.0726544 0.0844194 0.0841674 0.1763905 0.1939537 0.1678177 0.1620144 
taxon6     0.0759120 0.0640449 0.0792763 0.0631097 0.0629637 0.0680956 0.0000000 0.0206037 0.0365335 0.0690585 0.0645886 0.0906500 0.0855838 0.0701364 0.0821558 0.0932560 0.1869004 0.1845460 0.1601839 0.1786984 
taxon7     0.0735230 0.0619475 0.0714652 0.0660557 0.0609214 0.0659430 0.0206037 0.0000000 0.0299629 0.0668594 0.0619812 0.0880106 0.0830320 0.0729887 0.0847881 0.0956733 0.1768784 0.1746514 0.1507056 0.1689049 
taxon8     0.0959391 0.0838273 0.0826692 0.0666165 0.0719434 0.0770144 0.0365335 0.0299629 0.0000000 0.0780738 0.0625177 0.0995448 0.0945358 0.0843670 0.0964704 0.1075130 0.2084421 0.2058724 0.1812085 0.1999386 
taxon9     0.0735041 0.0728197 0.0667814 0.0663588 0.0667601 0.0718351 0.0690585 0.0668594 0.0780738 0.0000000 0.0303981 0.0457654 0.0352871 0.0460633 0.0572440 0.0678593 0.1765499 0.1899484 0.1736493 0.1680797 
taxon10    0.0742867 0.0842855 0.0718994 0.0565257 0.0674591 0.0725839 0.0645886 0.0619812 0.0625177 0.0303981 0.0000000 0.0567295 0.0460124 0.0408316 0.0518950 0.0624608 0.1903364 0.1919823 0.1754844 0.1698619 
taxon11    0.0892687 0.0990832 0.0937863 0.0826546 0.0768410 0.0818961 0.0906500 0.0880106 0.0995448 0.0457654 0.0567295 0.0000000 0.0201917 0.0835769 0.0900987 0.0898302 0.2127331 0.2144679 0.1974906 0.1733614 
taxon12    0.0900984 0.0999922 0.0826388 0.0716914 0.0721258 0.0772127 0.0855838 0.0830320 0.0945358 0.0352871 0.0460124 0.0201917 0.0000000 0.0724864 0.0731036 0.0728846 0.2075008 0.2021871 0.1923224 0.1681926 
taxon13    0.0798617 0.0681657 0.0729121 0.0565760 0.0728904 0.0726544 0.0701364 0.0729887 0.0843670 0.0460633 0.0408316 0.0835769 0.0724864 0.0000000 0.0203582 0.0306230 0.1849596 0.1921178 0.1818795 0.1762277 
taxon14    0.0797504 0.0799760 0.0847208 0.0679815 0.0846991 0.0844194 0.0821558 0.0847881 0.0964704 0.0572440 0.0518950 0.0900987 0.0731036 0.0203582 0.0000000 0.0202263 0.1846866 0.1849219 0.1816153 0.1759717 
taxon15    0.1031983 0.0909281 0.0728218 0.0677768 0.0844455 0.0841674 0.0932560 0.0956733 0.1075130 0.0678593 0.0624608 0.0898302 0.0728846 0.0306230 0.0202263 0.0000000 0.2123504 0.2047225 0.2087583 0.1901347 
taxon16    0.1091851 0.1326136 0.1778929 0.1767479 0.1708800 0.1763905 0.1869004 0.1768784 0.2084421 0.1765499 0.1903364 0.2127331 0.2075008 0.1849596 0.1846866 0.2123504 0.0000000 0.0740643 0.0404828 0.0457698 
taxon17    0.1601933 0.1835422 0.2075228 0.1943512 0.1759629 0.1939537 0.1845460 0.1746514 0.2058724 0.1899484 0.1919823 0.2144679 0.2021871 0.1921178 0.1849219 0.2047225 0.0740643 0.0000000 0.0516970 0.0465458 
taxon18    0.1204643 0.1438411 0.1808764 0.1681508 0.1503005 0.1678177 0.1601839 0.1507056 0.1812085 0.1736493 0.1754844 0.1974906 0.1923224 0.1818795 0.1816153 0.2087583 0.0404828 0.0516970 0.0000000 0.0248487 
taxon19    0.1265817 0.1618856 0.1749920 0.1623344 0.1445574 0.1620144 0.1786984 0.1689049 0.1999386 0.1680797 0.1698619 0.1733614 0.1681926 0.1762277 0.1759717 0.1901347 0.0457698 0.0465458 0.0248487 0.0000000 
