20
taxon0     0.0000000 0.0151759 0.0570391 0.2187427 0.2269228 0.2196139 0.2109544 0.2276199 0.2254834 0.2179577 0.2247167 0.2253570 0.2199314 0.2341020 0.2405266 0.2257261 0.2257261 0.2386866 0.2364985 0.2352318 
taxon1     0.0151759 0.0000000 0.0410252 0.1982641 0.2061789 0.2125760 0.1907442 0.2067944 0.2048704 0.1975668 0.2041739 0.2047578 0.1993405 0.2131628 0.2194760 0.2050702 0.2050702 0.2177850 0.2153962 0.2142476 
taxon2     0.0570391 0.0410252 0.0000000 0.1969640 0.2048403 0.2372719 0.2026995 0.1985594 0.2035194 0.1962483 0.2028293 0.2099712 0.1912174 0.2048666 0.2247543 0.2102965 0.2102965 0.2230312 0.2070284 0.2195268 
taxon3     0.2187427 0.1982641 0.1969640 0.0000000 0.0151459 0.0409399 0.0149934 0.0202893 0.0252551 0.0200757 0.0251736 0.0303755 0.0151157 0.0254053 0.0409796 0.0411626 0.0411626 0.0462882 0.0257465 0.0361020 
taxon4     0.2269228 0.2061789 0.2048403 0.0151459 0.0000000 0.0465006 0.0201870 0.0256125 0.0306030 0.0253416 0.0305038 0.0357848 0.0203522 0.0307869 0.0358580 0.0467627 0.0467627 0.0573416 0.0311980 0.0309515 
taxon5     0.2196139 0.2125760 0.2372719 0.0409399 0.0465006 0.0000000 0.0253624 0.0466001 0.0358203 0.0354730 0.0460643 0.0407802 0.0411501 0.0518592 0.0571128 0.0573669 0.0573669 0.0627068 0.0406752 0.0404807 
taxon6     0.2109544 0.1907442 0.2026995 0.0149934 0.0201870 0.0253624 0.0000000 0.0253529 0.0200627 0.0149526 0.0199980 0.0251351 0.0201472 0.0304755 0.0356016 0.0357598 0.0357598 0.0461275 0.0308787 0.0307282 
taxon7     0.2276199 0.2067944 0.1985594 0.0202893 0.0256125 0.0466001 0.0253529 0.0000000 0.0254421 0.0202248 0.0253596 0.0201315 0.0050093 0.0050013 0.0201654 0.0202556 0.0202556 0.0304821 0.0050707 0.0256422 
taxon8     0.2254834 0.2048704 0.2035194 0.0252551 0.0306030 0.0358203 0.0200627 0.0254421 0.0000000 0.0150038 0.0200678 0.0252228 0.0202182 0.0305831 0.0357278 0.0358874 0.0358874 0.0410998 0.0309894 0.0308378 
taxon9     0.2179577 0.1975668 0.1962483 0.0200757 0.0253416 0.0354730 0.0149526 0.0202248 0.0150038 0.0000000 0.0149563 0.0099965 0.0150676 0.0253243 0.0304293 0.0305648 0.0305648 0.0408864 0.0203800 0.0202809 
taxon10    0.2247167 0.2041739 0.2028293 0.0251736 0.0305038 0.0460643 0.0199980 0.0253596 0.0200678 0.0149563 0.0000000 0.0251418 0.0201524 0.0304839 0.0356118 0.0357700 0.0357700 0.0461416 0.0308874 0.0307368 
taxon11    0.2253570 0.2047578 0.2099712 0.0303755 0.0357848 0.0407802 0.0251351 0.0201315 0.0252228 0.0099965 0.0251418 0.0000000 0.0149980 0.0252070 0.0302890 0.0304232 0.0304232 0.0406953 0.0202853 0.0201876 
taxon12    0.2199314 0.1993405 0.1912174 0.0151157 0.0203522 0.0411501 0.0201472 0.0050093 0.0202182 0.0150676 0.0201524 0.0149980 0.0000000 0.0100356 0.0252904 0.0254032 0.0254032 0.0356802 0.0101746 0.0203796 
taxon13    0.2341020 0.2131628 0.2048666 0.0254053 0.0307869 0.0518592 0.0304755 0.0050013 0.0305831 0.0253243 0.0304839 0.0252070 0.0100356 0.0000000 0.0252499 0.0253628 0.0253628 0.0356235 0.0101581 0.0308183 
taxon14    0.2405266 0.2194760 0.2247543 0.0409796 0.0358580 0.0571128 0.0356016 0.0201654 0.0357278 0.0304293 0.0356118 0.0302890 0.0252904 0.0252499 0.0000000 0.0202149 0.0202149 0.0304199 0.0255872 0.0254702 
taxon15    0.2257261 0.2050702 0.2102965 0.0411626 0.0467627 0.0573669 0.0357598 0.0202556 0.0358874 0.0305648 0.0357700 0.0304232 0.0254032 0.0253628 0.0202149 0.0000000 0.0000010 0.0099835 0.0257027 0.0361581 
taxon16    0.2257261 0.2050702 0.2102965 0.0411626 0.0467627 0.0573669 0.0357598 0.0202556 0.0358874 0.0305648 0.0357700 0.0304232 0.0254032 0.0253628 0.0202149 0.0000010 0.0000000 0.0099835 0.0257027 0.0361581 
taxon17    0.2386866 0.2177850 0.2230312 0.0462882 0.0573416 0.0627068 0.0461275 0.0304821 0.0410998 0.0408864 0.0461416 0.0406953 0.0356802 0.0356235 0.0304199 0.0099835 0.0099835 0.0000000 0.0360892 0.0466269 
taxon18    0.2364985 0.2153962 0.2070284 0.0257465 0.0311980 0.0406752 0.0308787 0.0050707 0.0309894 0.0203800 0.0308874 0.0202853 0.0101746 0.0101581 0.0255872 0.0257027 0.0257027 0.0360892 0.0000000 0.0201330 
taxon19    0.2352318 0.2142476 0.2195268 0.0361020 0.0309515 0.0404807 0.0307282 0.0256422 0.0308378 0.0202809 0.0307368 0.0201876 0.0203796 0.0308183 0.0254702 0.0361581 0.0361581 0.0466269 0.0201330 0.0000000 
