20
taxon0     0.0000000 0.0407066 0.0560587 0.0609439 0.0507126 0.0708053 0.1727696 0.1756497 0.1988600 0.1979983 0.1884811 0.2292489 0.2038749 0.2399583 0.2143388 0.1962984 0.2205864 0.2276734 0.1684318 0.1880959 
taxon1     0.0407066 0.0000000 0.0661693 0.0716966 0.0607758 0.0881385 0.1830530 0.1812962 0.2129846 0.1999928 0.2099214 0.2520047 0.2110722 0.2555517 0.2364982 0.2180388 0.2429106 0.2502496 0.1918809 0.1923523 
taxon2     0.0560587 0.0661693 0.0000000 0.0610514 0.0553542 0.0719491 0.1588174 0.1735098 0.2110472 0.2242800 0.2289757 0.2590043 0.2301793 0.2625075 0.2559437 0.2372787 0.2497950 0.2571967 0.1604991 0.1736524 
taxon3     0.0609439 0.0716966 0.0610514 0.0000000 0.0607689 0.0610204 0.2090520 0.2140245 0.2375197 0.2301932 0.2221083 0.2733100 0.2232946 0.2552001 0.2489676 0.2431760 0.2554468 0.2717733 0.1982034 0.1864100 
taxon4     0.0507126 0.0607758 0.0553542 0.0607689 0.0000000 0.0512312 0.1948058 0.1975863 0.2435141 0.2239458 0.2340669 0.2533208 0.2352794 0.2611185 0.2481831 0.2423836 0.2548850 0.2493942 0.1783126 0.1918436 
taxon5     0.0708053 0.0881385 0.0719491 0.0610204 0.0512312 0.0000000 0.2357115 0.2148099 0.2447083 0.2233104 0.2259337 0.2444805 0.2346129 0.2431726 0.2398656 0.2468203 0.2464770 0.2420679 0.2040187 0.2059328 
taxon6     0.1727696 0.1830530 0.1588174 0.2090520 0.1948058 0.2357115 0.0000000 0.0576444 0.0784509 0.0784722 0.1063255 0.1131879 0.1010523 0.1174830 0.1233651 0.1129772 0.1125512 0.1185525 0.0964659 0.1089742 
taxon7     0.1756497 0.1812962 0.1735098 0.2140245 0.1975863 0.2148099 0.0576444 0.0000000 0.0799520 0.0868293 0.0919761 0.1024362 0.0851762 0.1073682 0.1012307 0.0893085 0.0958489 0.0943808 0.1088026 0.1103798 
taxon8     0.1988600 0.2129846 0.2110472 0.2375197 0.2435141 0.2447083 0.0784509 0.0799520 0.0000000 0.0505146 0.0780262 0.1010143 0.0728878 0.0782579 0.0838354 0.0735885 0.0950984 0.1009274 0.1190728 0.1265659 
taxon9     0.1979983 0.1999928 0.2242800 0.2301932 0.2239458 0.2233104 0.0784722 0.0868293 0.0505146 0.0000000 0.0565340 0.0676538 0.0565397 0.0827993 0.0671516 0.0783012 0.0779155 0.0792791 0.1185640 0.1201135 
taxon10    0.1884811 0.2099214 0.2289757 0.2221083 0.2340669 0.2259337 0.1063255 0.0919761 0.0780262 0.0565340 0.0000000 0.0515001 0.0200940 0.0504303 0.0299796 0.0249996 0.0350425 0.0460638 0.1497765 0.1381673 
taxon11    0.2292489 0.2520047 0.2590043 0.2733100 0.2533208 0.2444805 0.1131879 0.1024362 0.1010143 0.0676538 0.0515001 0.0000000 0.0406180 0.0454298 0.0402623 0.0558218 0.0453238 0.0461816 0.1815429 0.1763482 
taxon12    0.2038749 0.2110722 0.2301793 0.2232946 0.2352794 0.2346129 0.1010523 0.0851762 0.0728878 0.0565397 0.0200940 0.0406180 0.0000000 0.0346306 0.0196972 0.0247350 0.0346814 0.0455946 0.1442143 0.1390460 
taxon13    0.2399583 0.2555517 0.2625075 0.2552001 0.2611185 0.2431726 0.1174830 0.1073682 0.0782579 0.0827993 0.0504303 0.0454298 0.0346306 0.0000000 0.0394909 0.0446326 0.0344501 0.0452868 0.1854658 0.1686987 
taxon14    0.2143388 0.2364982 0.2559437 0.2489676 0.2481831 0.2398656 0.1233651 0.1012307 0.0838354 0.0671516 0.0299796 0.0402623 0.0196972 0.0394909 0.0000000 0.0146732 0.0244928 0.0249794 0.1677902 0.1511171 
taxon15    0.1962984 0.2180388 0.2372787 0.2431760 0.2423836 0.2468203 0.1129772 0.0893085 0.0735885 0.0783012 0.0249996 0.0558218 0.0247350 0.0446326 0.0146732 0.0000000 0.0196038 0.0246365 0.1570796 0.1456288 
taxon16    0.2205864 0.2429106 0.2497950 0.2554468 0.2548850 0.2464770 0.1125512 0.0958489 0.0950984 0.0779155 0.0350425 0.0453238 0.0346814 0.0344501 0.0244928 0.0196038 0.0000000 0.0199215 0.1804469 0.1570197 
taxon17    0.2276734 0.2502496 0.2571967 0.2717733 0.2493942 0.2420679 0.1185525 0.0943808 0.1009274 0.0792791 0.0460638 0.0461816 0.0455946 0.0452868 0.0249794 0.0246365 0.0199215 0.0000000 0.1755026 0.1658280 
taxon18    0.1684318 0.1918809 0.1604991 0.1982034 0.1783126 0.2040187 0.0964659 0.1088026 0.1190728 0.1185640 0.1497765 0.1815429 0.1442143 0.1854658 0.1677902 0.1570796 0.1804469 0.1755026 0.0000000 0.0518296 
taxon19    0.1880959 0.1923523 0.1736524 0.1864100 0.1918436 0.2059328 0.1089742 0.1103798 0.1265659 0.1201135 0.1381673 0.1763482 0.1390460 0.1686987 0.1511171 0.1456288 0.1570197 0.1658280 0.0518296 0.0000000 
