20
taxon0     0.0000000 0.0848468 0.0846122 0.1168853 0.1178719 0.0936643 0.0845391 0.1139162 0.1129828 0.3012157 0.3167681 0.2873752 0.2896584 0.2846837 0.2813206 0.2790852 0.2789962 0.2838173 0.3271900 0.3071803 
taxon1     0.0848468 0.0000000 0.0571421 0.0843217 0.0954657 0.1303718 0.1161034 0.1339284 0.1538959 0.3072301 0.3118108 0.3002674 0.2826607 0.2839852 0.2988514 0.2750866 0.2968167 0.2881618 0.3192400 0.3135509 
taxon2     0.0846122 0.0571421 0.0000000 0.0733466 0.0788765 0.1217709 0.0986172 0.1278111 0.1526599 0.3221457 0.3467018 0.3083236 0.2843494 0.2786454 0.3047867 0.2730502 0.2865123 0.2777914 0.3219615 0.3157387 
taxon3     0.1168853 0.0843217 0.0733466 0.0000000 0.0511426 0.1406553 0.1190780 0.1497028 0.1621258 0.3410016 0.3517375 0.3249255 0.3005772 0.2946403 0.3213119 0.2914003 0.2928133 0.2973836 0.3163334 0.3245547 
taxon4     0.1178719 0.0954657 0.0788765 0.0511426 0.0000000 0.1462829 0.1301393 0.1439917 0.1736145 0.3567285 0.3889921 0.3585301 0.3319540 0.3269834 0.3313874 0.3228735 0.3443928 0.3315127 0.3694633 0.3701812 
taxon5     0.0936643 0.1303718 0.1217709 0.1406553 0.1462829 0.0000000 0.0795439 0.1196232 0.1362592 0.2908682 0.2586236 0.2582054 0.2618171 0.2429832 0.2755989 0.2579647 0.2729660 0.2758247 0.3048407 0.2756022 
taxon6     0.0845391 0.1161034 0.0986172 0.1190780 0.1301393 0.0795439 0.0000000 0.0827859 0.0991877 0.3069323 0.2819810 0.2557845 0.2592205 0.2406498 0.2861838 0.2486965 0.2525200 0.2473386 0.3150279 0.2952982 
taxon7     0.1139162 0.1339284 0.1278111 0.1497028 0.1439917 0.1196232 0.0827859 0.0000000 0.0564335 0.2914487 0.2866972 0.2699914 0.2274348 0.2414798 0.2594375 0.2320128 0.2788979 0.2540414 0.2791046 0.2801832 
taxon8     0.1129828 0.1538959 0.1526599 0.1621258 0.1736145 0.1362592 0.0991877 0.0564335 0.0000000 0.3305220 0.2984516 0.2902947 0.2826959 0.2772390 0.2942366 0.2810831 0.3027285 0.2901456 0.3029657 0.3041700 
taxon9     0.3012157 0.3072301 0.3221457 0.3410016 0.3567285 0.2908682 0.3069323 0.2914487 0.3305220 0.0000000 0.0517099 0.1310010 0.1296929 0.1298620 0.1360776 0.1137251 0.1143673 0.1180881 0.1835833 0.1662917 
taxon10    0.3167681 0.3118108 0.3467018 0.3517375 0.3889921 0.2586236 0.2819810 0.2866972 0.2984516 0.0517099 0.0000000 0.1165144 0.1153697 0.1047030 0.1379489 0.1055510 0.1162660 0.1049307 0.1577080 0.1223751 
taxon11    0.2873752 0.3002674 0.3083236 0.3249255 0.3585301 0.2582054 0.2557845 0.2699914 0.2902947 0.1310010 0.1165144 0.0000000 0.0453090 0.0199628 0.0668873 0.0460862 0.1073936 0.0995406 0.1487760 0.1248581 
taxon12    0.2896584 0.2826607 0.2843494 0.3005772 0.3319540 0.2618171 0.2592205 0.2274348 0.2826959 0.1296929 0.1153697 0.0453090 0.0000000 0.0247967 0.0610758 0.0303184 0.1009269 0.0826006 0.1239780 0.1119340 
taxon13    0.2846837 0.2839852 0.2786454 0.2946403 0.3269834 0.2429832 0.2406498 0.2414798 0.2772390 0.1298620 0.1047030 0.0199628 0.0247967 0.0000000 0.0559040 0.0252335 0.0956034 0.0774084 0.1248449 0.1127172 
taxon14    0.2813206 0.2988514 0.3047867 0.3213119 0.3313874 0.2755989 0.2861838 0.2594375 0.2942366 0.1360776 0.1379489 0.0668873 0.0610758 0.0559040 0.0000000 0.0514383 0.1304648 0.1162649 0.1484613 0.1476093 
taxon15    0.2790852 0.2750866 0.2730502 0.2914003 0.3228735 0.2579647 0.2486965 0.2320128 0.2810831 0.1137251 0.1055510 0.0460862 0.0303184 0.0252335 0.0514383 0.0000000 0.0906944 0.0725497 0.1118984 0.1053431 
taxon16    0.2789962 0.2968167 0.2865123 0.2928133 0.3443928 0.2729660 0.2525200 0.2788979 0.3027285 0.1143673 0.1162660 0.1073936 0.1009269 0.0956034 0.1304648 0.0906944 0.0000000 0.0462129 0.1076646 0.0912099 
taxon17    0.2838173 0.2881618 0.2777914 0.2973836 0.3315127 0.2758247 0.2473386 0.2540414 0.2901456 0.1180881 0.1049307 0.0995406 0.0826006 0.0774084 0.1162649 0.0725497 0.0462129 0.0000000 0.0996607 0.0837080 
taxon18    0.3271900 0.3192400 0.3219615 0.3163334 0.3694633 0.3048407 0.3150279 0.2791046 0.3029657 0.1835833 0.1577080 0.1487760 0.1239780 0.1248449 0.1484613 0.1118984 0.1076646 0.0996607 0.0000000 0.0457262 
taxon19    0.3071803 0.3135509 0.3157387 0.3245547 0.3701812 0.2756022 0.2952982 0.2801832 0.3041700 0.1662917 0.1223751 0.1248581 0.1119340 0.1127172 0.1476093 0.1053431 0.0912099 0.0837080 0.0457262 0.0000000 
