20
taxon0     0.0000000 0.0349275 0.0195185 0.0299902 0.0603387 0.0654328 0.0969919 0.1078904 0.0921924 0.0984750 0.0655351 0.0912178 0.1055159 0.1112741 0.1118397 0.1289047 0.2526512 0.2438682 0.2476777 0.2500576 
taxon1     0.0349275 0.0000000 0.0197110 0.0198321 0.0822540 0.0874793 0.0964753 0.1096580 0.0981243 0.0938109 0.0770891 0.0927144 0.1072905 0.1131439 0.1248893 0.1423788 0.2826099 0.2479393 0.2558321 0.2403250 
taxon2     0.0195185 0.0197110 0.0000000 0.0148083 0.0607629 0.0658929 0.0976798 0.1086600 0.0973628 0.1037189 0.0659964 0.0918613 0.1062872 0.1120900 0.1126638 0.1298603 0.2546640 0.2457924 0.2540283 0.2564667 
taxon3     0.0299902 0.0198321 0.0148083 0.0000000 0.0772441 0.0824728 0.1091107 0.1202962 0.0979785 0.1043824 0.0769543 0.1031604 0.1181772 0.1240969 0.1247360 0.1422309 0.2771172 0.2605946 0.2631089 0.2656436 
taxon4     0.0603387 0.0822540 0.0607629 0.0772441 0.0000000 0.0049078 0.0760764 0.0553563 0.0551446 0.0504295 0.0552592 0.0397153 0.1114851 0.1173127 0.1067703 0.1124511 0.2293704 0.2208238 0.2277522 0.2364820 
taxon5     0.0654328 0.0874793 0.0658929 0.0824728 0.0049078 0.0000000 0.0812294 0.0604499 0.0602181 0.0555292 0.0501262 0.0447248 0.1169097 0.1227675 0.1122183 0.1179227 0.2355548 0.2269290 0.2338838 0.2426875 
taxon6     0.0969919 0.0964753 0.0976798 0.1091107 0.0760764 0.0812294 0.0000000 0.0766965 0.0761097 0.0981006 0.0814713 0.0813442 0.1396876 0.1394478 0.1288671 0.1407674 0.2746270 0.2665561 0.2867292 0.2507571 
taxon7     0.1078904 0.1096580 0.1086600 0.1202962 0.0553563 0.0604499 0.0766965 0.0000000 0.0400173 0.0553606 0.0817366 0.0450910 0.1050295 0.1163149 0.1167771 0.1114784 0.2701387 0.2417225 0.2527752 0.2781800 
taxon8     0.0921924 0.0981243 0.0973628 0.0979785 0.0551446 0.0602181 0.0761097 0.0400173 0.0000000 0.0660548 0.0811100 0.0651867 0.1281621 0.1397859 0.1291778 0.1238147 0.2551555 0.2397827 0.2599223 0.2626110 
taxon9     0.0984750 0.0938109 0.1037189 0.1043824 0.0504295 0.0555292 0.0981006 0.0553606 0.0660548 0.0000000 0.0871971 0.0606392 0.1057998 0.1225787 0.1230687 0.1177287 0.2554311 0.2214898 0.2197491 0.2501200 
taxon10    0.0655351 0.0770891 0.0659964 0.0769543 0.0552592 0.0501262 0.0814713 0.0817366 0.0811100 0.0871971 0.0000000 0.0655074 0.1172468 0.1231190 0.1125469 0.1297308 0.2748289 0.2529884 0.2729509 0.2819720 
taxon11    0.0912178 0.0927144 0.0918613 0.1031604 0.0397153 0.0447248 0.0813442 0.0450910 0.0651867 0.0606392 0.0655074 0.0000000 0.1223428 0.1228101 0.1233010 0.1290607 0.2609948 0.2330364 0.2525757 0.2689057 
taxon12    0.1055159 0.1072905 0.1062872 0.1181772 0.1114851 0.1169097 0.1396876 0.1050295 0.1281621 0.1057998 0.1172468 0.1223428 0.0000000 0.0148326 0.0349530 0.0401571 0.2612416 0.2260471 0.2361703 0.2396064 
taxon13    0.1112741 0.1131439 0.1120900 0.1240969 0.1173127 0.1227675 0.1394478 0.1163149 0.1397859 0.1225787 0.1231190 0.1228101 0.0148326 0.0000000 0.0298999 0.0452171 0.2675172 0.2456812 0.2557995 0.2457682 
taxon14    0.1118397 0.1248893 0.1126638 0.1247360 0.1067703 0.1122183 0.1288671 0.1167771 0.1291778 0.1230687 0.1125469 0.1233010 0.0349530 0.0298999 0.0000000 0.0352074 0.2409512 0.2466799 0.2568274 0.2467663 
taxon15    0.1289047 0.1423788 0.1298603 0.1422309 0.1124511 0.1179227 0.1407674 0.1114784 0.1238147 0.1177287 0.1297308 0.1290607 0.0401571 0.0452171 0.0352074 0.0000000 0.2344927 0.2407980 0.2644484 0.2543446 
taxon16    0.2526512 0.2826099 0.2546640 0.2771172 0.2293704 0.2355548 0.2746270 0.2701387 0.2551555 0.2554311 0.2748289 0.2609948 0.2612416 0.2675172 0.2409512 0.2344927 0.0000000 0.0407279 0.0891137 0.0839079 
taxon17    0.2438682 0.2479393 0.2457924 0.2605946 0.2208238 0.2269290 0.2665561 0.2417225 0.2397827 0.2214898 0.2529884 0.2330364 0.2260471 0.2456812 0.2466799 0.2407980 0.0407279 0.0000000 0.0724212 0.0781235 
taxon18    0.2476777 0.2558321 0.2540283 0.2631089 0.2277522 0.2338838 0.2867292 0.2527752 0.2599223 0.2197491 0.2729509 0.2525757 0.2361703 0.2557995 0.2568274 0.2644484 0.0891137 0.0724212 0.0000000 0.0512992 
taxon19    0.2500576 0.2403250 0.2564667 0.2656436 0.2364820 0.2426875 0.2507571 0.2781800 0.2626110 0.2501200 0.2819720 0.2689057 0.2396064 0.2457682 0.2467663 0.2543446 0.0839079 0.0781235 0.0512992 0.0000000 
