20
taxon0     0.0000000 0.0386306 0.1050173 0.1129323 0.1052159 0.1064371 0.2230563 0.2176226 0.2636159 0.2484109 0.2809851 0.2289703 0.2123676 0.2409516 0.2475941 0.2039475 0.2120374 0.2307426 0.2603507 0.2603873 
taxon1     0.0386306 0.0000000 0.1010106 0.1029932 0.0955631 0.0948369 0.1972518 0.2153886 0.2233233 0.2424063 0.2480318 0.2259884 0.2095539 0.2257747 0.2322759 0.1901327 0.1979666 0.2046701 0.2211324 0.2208916 
taxon2     0.1050173 0.1010106 0.0000000 0.0593221 0.0683159 0.0639440 0.2172366 0.1997046 0.2563368 0.2403930 0.2749127 0.2102328 0.2169504 0.2220377 0.2470270 0.2102998 0.2115126 0.2222367 0.2455900 0.2566535 
taxon3     0.1129323 0.1029932 0.0593221 0.0000000 0.0639651 0.0393631 0.2124062 0.1948387 0.2323881 0.2294146 0.2510880 0.1993215 0.1942983 0.2110770 0.2099919 0.1951384 0.1880007 0.2231421 0.2348350 0.2476938 
taxon4     0.1052159 0.0955631 0.0683159 0.0639651 0.0000000 0.0534437 0.2090372 0.2151766 0.2355212 0.2204902 0.2423582 0.2195359 0.2145966 0.2071237 0.2456706 0.2092175 0.2104175 0.2339125 0.2511355 0.2512854 
taxon5     0.1064371 0.0948369 0.0639440 0.0393631 0.0534437 0.0000000 0.2141955 0.1968840 0.2338913 0.2289472 0.2344886 0.2012902 0.1963474 0.2128758 0.2135588 0.2027696 0.2039345 0.2391578 0.2362919 0.2489720 
taxon6     0.2230563 0.1972518 0.2172366 0.2124062 0.2090372 0.2141955 0.0000000 0.0238594 0.0747489 0.0650721 0.0746263 0.0435897 0.0388356 0.0435511 0.0654702 0.0289063 0.0290737 0.0437254 0.0631600 0.0733945 
taxon7     0.2176226 0.2153886 0.1997046 0.1948387 0.2151766 0.1968840 0.0238594 0.0000000 0.0799333 0.0702494 0.0798119 0.0192473 0.0241798 0.0289516 0.0501994 0.0240848 0.0242249 0.0487150 0.0682057 0.0887262 
taxon8     0.2636159 0.2233233 0.2563368 0.2323881 0.2355212 0.2338913 0.0747489 0.0799333 0.0000000 0.0630248 0.0802162 0.0786369 0.0639432 0.0738353 0.0899494 0.0747774 0.0752073 0.0957419 0.0899254 0.0996936 
taxon9     0.2484109 0.2424063 0.2403930 0.2294146 0.2204902 0.2289472 0.0650721 0.0702494 0.0630248 0.0000000 0.0550890 0.0690975 0.0643264 0.0642685 0.0907948 0.0650949 0.0654735 0.0860267 0.0907671 0.1006157 
taxon10    0.2809851 0.2480318 0.2749127 0.2510880 0.2423582 0.2344886 0.0746263 0.0798119 0.0802162 0.0550890 0.0000000 0.0841652 0.0794020 0.0793270 0.1033049 0.0746547 0.0750841 0.0956290 0.0898091 0.0991240 
taxon11    0.2289703 0.2259884 0.2102328 0.1993215 0.2195359 0.2012902 0.0435897 0.0192473 0.0786369 0.0690975 0.0841652 0.0000000 0.0237830 0.0189100 0.0603762 0.0338174 0.0340130 0.0536924 0.0833181 0.0929523 
taxon12    0.2123676 0.2095539 0.2169504 0.1942983 0.2145966 0.1963474 0.0388356 0.0241798 0.0639432 0.0643264 0.0794020 0.0237830 0.0000000 0.0333923 0.0554922 0.0290528 0.0292219 0.0589456 0.0785942 0.0882536 
taxon13    0.2409516 0.2257747 0.2220377 0.2110770 0.2071237 0.2128758 0.0435511 0.0289516 0.0738353 0.0642685 0.0793270 0.0189100 0.0333923 0.0000000 0.0706119 0.0337874 0.0339827 0.0536446 0.0732531 0.0727047 
taxon14    0.2475941 0.2322759 0.2470270 0.2099919 0.2456706 0.2135588 0.0654702 0.0501994 0.0899494 0.0907948 0.1033049 0.0603762 0.0554922 0.0706119 0.0000000 0.0398412 0.0345683 0.0646696 0.0913025 0.0962217 
taxon15    0.2039475 0.1901327 0.2102998 0.1951384 0.2092175 0.2027696 0.0289063 0.0240848 0.0747774 0.0650949 0.0746547 0.0338174 0.0290528 0.0337874 0.0398412 0.0000000 0.0047873 0.0337973 0.0682616 0.0730411 
taxon16    0.2120374 0.1979666 0.2115126 0.1880007 0.2104175 0.2039345 0.0290737 0.0242249 0.0752073 0.0654735 0.0750841 0.0340130 0.0292219 0.0339827 0.0345683 0.0047873 0.0000000 0.0287222 0.0686481 0.0734536 
taxon17    0.2307426 0.2046701 0.2222367 0.2231421 0.2339125 0.2391578 0.0437254 0.0487150 0.0957419 0.0860267 0.0956290 0.0536924 0.0589456 0.0536446 0.0646696 0.0337973 0.0287222 0.0000000 0.0583827 0.0733808 
taxon18    0.2603507 0.2211324 0.2455900 0.2348350 0.2511355 0.2362919 0.0631600 0.0682057 0.0899254 0.0907671 0.0898091 0.0833181 0.0785942 0.0732531 0.0913025 0.0682616 0.0686481 0.0583827 0.0000000 0.0332536 
taxon19    0.2603873 0.2208916 0.2566535 0.2476938 0.2512854 0.2489720 0.0733945 0.0887262 0.0996936 0.1006157 0.0991240 0.0929523 0.0882536 0.0727047 0.0962217 0.0730411 0.0734536 0.0733808 0.0332536 0.0000000 
