20
taxon0     0.0000000 0.0757016 0.0970483 0.2343505 0.1389005 0.1691421 0.1700879 0.1629287 0.2028474 0.2592623 0.2280259 0.2059610 0.4389939 0.4093754 0.3907017 0.3850404 0.4342569 0.4341558 0.4463479 0.4263207 
taxon1     0.0757016 0.0000000 0.0288432 0.2117323 0.1147223 0.1421154 0.1428877 0.1431496 0.1786201 0.2176448 0.1795756 0.1535243 0.4445787 0.4107813 0.3949310 0.3867432 0.4314021 0.4316407 0.4172644 0.4130119 
taxon2     0.0970483 0.0288432 0.0000000 0.2376460 0.1372825 0.1587345 0.1539361 0.1596626 0.1769329 0.2176714 0.1894591 0.1633416 0.4523830 0.4211801 0.4275151 0.3868967 0.4653101 0.4545691 0.4402668 0.4275679 
taxon3     0.2343505 0.2117323 0.2376460 0.0000000 0.1077218 0.1370430 0.1385788 0.1645535 0.2928621 0.3227681 0.3000146 0.2735892 0.5757697 0.5116962 0.5013467 0.4924481 0.4992658 0.4932812 0.5421560 0.5102094 
taxon4     0.1389005 0.1147223 0.1372825 0.1077218 0.0000000 0.0397337 0.0401482 0.0616930 0.2083714 0.2195104 0.2138754 0.1957739 0.4788796 0.4425410 0.4261071 0.4268835 0.4424095 0.4374057 0.4733648 0.4523679 
taxon5     0.1691421 0.1421154 0.1587345 0.1370430 0.0397337 0.0000000 0.0501955 0.0719937 0.2070855 0.2264066 0.2198222 0.1925752 0.4819623 0.4262348 0.4292588 0.4109907 0.4443202 0.4224613 0.4842502 0.4466836 
taxon6     0.1700879 0.1428877 0.1539361 0.1385788 0.0401482 0.0501955 0.0000000 0.0454017 0.2160296 0.2425084 0.2291593 0.2011726 0.4418115 0.4191844 0.4215130 0.4040407 0.4400523 0.4266886 0.4618403 0.4336991 
taxon7     0.1629287 0.1431496 0.1596626 0.1645535 0.0616930 0.0719937 0.0454017 0.0000000 0.2281097 0.2479668 0.2413228 0.2130377 0.4786377 0.4632429 0.4604089 0.4495919 0.4688374 0.4570070 0.4785460 0.4492046 
taxon8     0.2028474 0.1786201 0.1769329 0.2928621 0.2083714 0.2070855 0.2160296 0.2281097 0.0000000 0.0868104 0.1382244 0.1091336 0.3818211 0.3409274 0.3595254 0.3273800 0.3842695 0.3756726 0.4058785 0.3511079 
taxon9     0.2592623 0.2176448 0.2176714 0.3227681 0.2195104 0.2264066 0.2425084 0.2479668 0.0868104 0.0000000 0.1834118 0.1598789 0.4189277 0.3791257 0.3944589 0.3547391 0.4237400 0.4303916 0.4459691 0.3886408 
taxon10    0.2280259 0.1795756 0.1894591 0.3000146 0.2138754 0.2198222 0.2291593 0.2413228 0.1382244 0.1834118 0.0000000 0.0500361 0.4268852 0.3642287 0.3834612 0.3367486 0.4400911 0.4247929 0.4023092 0.3851959 
taxon11    0.2059610 0.1535243 0.1633416 0.2735892 0.1957739 0.1925752 0.2011726 0.2130377 0.1091336 0.1598789 0.0500361 0.0000000 0.3908173 0.3424121 0.3606891 0.3157990 0.3893060 0.3756675 0.3693294 0.3386012 
taxon12    0.4389939 0.4445787 0.4523830 0.5757697 0.4788796 0.4819623 0.4418115 0.4786377 0.3818211 0.4189277 0.4268852 0.3908173 0.0000000 0.0541245 0.1063219 0.1043661 0.2560244 0.2271123 0.3282760 0.2524585 
taxon13    0.4093754 0.4107813 0.4211801 0.5116962 0.4425410 0.4262348 0.4191844 0.4632429 0.3409274 0.3791257 0.3642287 0.3424121 0.0541245 0.0000000 0.0777352 0.0600494 0.1984060 0.1864554 0.2711852 0.2160537 
taxon14    0.3907017 0.3949310 0.4275151 0.5013467 0.4261071 0.4292588 0.4215130 0.4604089 0.3595254 0.3944589 0.3834612 0.3606891 0.1063219 0.0777352 0.0000000 0.0657252 0.2050049 0.1781399 0.2768525 0.2187941 
taxon15    0.3850404 0.3867432 0.3868967 0.4924481 0.4268835 0.4109907 0.4040407 0.4495919 0.3273800 0.3547391 0.3367486 0.3157990 0.1043661 0.0600494 0.0657252 0.0000000 0.2330427 0.2054518 0.2518378 0.2018724 
taxon16    0.4342569 0.4314021 0.4653101 0.4992658 0.4424095 0.4443202 0.4400523 0.4688374 0.3842695 0.4237400 0.4400911 0.3893060 0.2560244 0.1984060 0.2050049 0.2330427 0.0000000 0.0681316 0.2385322 0.1616992 
taxon17    0.4341558 0.4316407 0.4545691 0.4932812 0.4374057 0.4224613 0.4266886 0.4570070 0.3756726 0.4303916 0.4247929 0.3756675 0.2271123 0.1864554 0.1781399 0.2054518 0.0681316 0.0000000 0.2261836 0.1517913 
taxon18    0.4463479 0.4172644 0.4402668 0.5421560 0.4733648 0.4842502 0.4618403 0.4785460 0.4058785 0.4459691 0.4023092 0.3693294 0.3282760 0.2711852 0.2768525 0.2518378 0.2385322 0.2261836 0.0000000 0.1028656 
taxon19    0.4263207 0.4130119 0.4275679 0.5102094 0.4523679 0.4466836 0.4336991 0.4492046 0.3511079 0.3886408 0.3851959 0.3386012 0.2524585 0.2160537 0.2187941 0.2018724 0.1616992 0.1517913 0.1028656 0.0000000 
