20
taxon0     0.0000000 0.0732303 0.0947479 0.0874218 0.1085124 0.0878259 0.1132810 0.3659507 0.3805503 0.3618713 0.3566629 0.3840305 0.3726605 0.3899816 0.3923713 0.3937176 0.3850801 0.3918934 0.3879111 0.4128565 
taxon1     0.0732303 0.0000000 0.0695393 0.0582435 0.0837726 0.0784596 0.0984299 0.3594331 0.3758925 0.3483789 0.3602446 0.3625649 0.3586645 0.3619163 0.3980501 0.3918427 0.3879788 0.3799742 0.3948250 0.4088857 
taxon2     0.0947479 0.0695393 0.0000000 0.0530669 0.0778598 0.0830467 0.1085107 0.3991796 0.3911262 0.3820108 0.3875928 0.4039609 0.4064725 0.4100739 0.3919757 0.4182842 0.4091942 0.4024728 0.3978208 0.4029211 
taxon3     0.0874218 0.0582435 0.0530669 0.0000000 0.0377909 0.0767716 0.0866790 0.3750930 0.3821964 0.3760071 0.3886379 0.3891732 0.3823351 0.3857749 0.3704379 0.3820389 0.3755060 0.3685375 0.3853938 0.4112011 
taxon4     0.1085124 0.0837726 0.0778598 0.0377909 0.0000000 0.0970157 0.1022587 0.3883093 0.3954883 0.3917401 0.4002922 0.4052591 0.4000040 0.4035735 0.4000028 0.3974006 0.3929293 0.3858619 0.4101106 0.4415436 
taxon5     0.0878259 0.0784596 0.0830467 0.0767716 0.0970157 0.0000000 0.0474520 0.3641119 0.3637299 0.3703435 0.3626720 0.3696925 0.3751654 0.3925205 0.3725504 0.3735607 0.3526195 0.3591815 0.3661259 0.3898116 
taxon6     0.1132810 0.0984299 0.1085107 0.0866790 0.1022587 0.0474520 0.0000000 0.3504744 0.3501040 0.3623326 0.3893229 0.3777543 0.3613915 0.3646715 0.3748655 0.3687100 0.3748078 0.3678697 0.3948230 0.4179079 
taxon7     0.3659507 0.3594331 0.3991796 0.3750930 0.3883093 0.3641119 0.3504744 0.0000000 0.0234461 0.0983418 0.1425210 0.1123006 0.0384657 0.0590064 0.1331281 0.1094846 0.1339381 0.1460523 0.1586714 0.1861487 
taxon8     0.3805503 0.3758925 0.3911262 0.3821964 0.3954883 0.3637299 0.3501040 0.0234461 0.0000000 0.1051190 0.1557694 0.1250524 0.0542768 0.0756407 0.1385774 0.1147402 0.1387596 0.1509355 0.1634916 0.1802044 
taxon9     0.3618713 0.3483789 0.3820108 0.3760071 0.3917401 0.3703435 0.3623326 0.0983418 0.1051190 0.0000000 0.0888522 0.0710246 0.0888566 0.0896508 0.1709259 0.1420761 0.1539724 0.1552982 0.1567239 0.1952314 
taxon10    0.3566629 0.3602446 0.3875928 0.3886379 0.4002922 0.3626720 0.3893229 0.1425210 0.1557694 0.0888522 0.0000000 0.0803626 0.1379396 0.1491047 0.1947759 0.1841413 0.1784758 0.1850469 0.1697889 0.2018874 
taxon11    0.3840305 0.3625649 0.4039609 0.3891732 0.4052591 0.3696925 0.3777543 0.1123006 0.1250524 0.0710246 0.0803626 0.0000000 0.1025821 0.1064925 0.1557102 0.1397466 0.1401938 0.1514582 0.1897786 0.2020722 
taxon12    0.3726605 0.3586645 0.4064725 0.3823351 0.4000040 0.3751654 0.3613915 0.0384657 0.0542768 0.0888566 0.1379396 0.1025821 0.0000000 0.0239305 0.1224630 0.1000147 0.1250130 0.1361844 0.1578331 0.1778406 
taxon13    0.3899816 0.3619163 0.4100739 0.3857749 0.4035735 0.3925205 0.3646715 0.0590064 0.0756407 0.0896508 0.1491047 0.1064925 0.0239305 0.0000000 0.1410122 0.1228110 0.1422125 0.1425237 0.1591294 0.1791564 
taxon14    0.3923713 0.3980501 0.3919757 0.3704379 0.4000028 0.3725504 0.3748655 0.1331281 0.1385774 0.1709259 0.1947759 0.1557102 0.1224630 0.1410122 0.0000000 0.0485216 0.0835492 0.0946526 0.1243047 0.1364195 
taxon15    0.3937176 0.3918427 0.4182842 0.3820389 0.3974006 0.3735607 0.3687100 0.1094846 0.1147402 0.1420761 0.1841413 0.1397466 0.1000147 0.1228110 0.0485216 0.0000000 0.0838303 0.0942438 0.1178406 0.1345189 
taxon16    0.3850801 0.3879788 0.4091942 0.3755060 0.3929293 0.3526195 0.3748078 0.1339381 0.1387596 0.1539724 0.1784758 0.1401938 0.1250130 0.1422125 0.0835492 0.0838303 0.0000000 0.0142407 0.0827420 0.1043526 
taxon17    0.3918934 0.3799742 0.4024728 0.3685375 0.3858619 0.3591815 0.3678697 0.1460523 0.1509355 0.1552982 0.1850469 0.1514582 0.1361844 0.1425237 0.0946526 0.0942438 0.0142407 0.0000000 0.0834616 0.1053656 
taxon18    0.3879111 0.3948250 0.3978208 0.3853938 0.4101106 0.3661259 0.3948230 0.1586714 0.1634916 0.1567239 0.1697889 0.1897786 0.1578331 0.1591294 0.1243047 0.1178406 0.0827420 0.0834616 0.0000000 0.0529513 
taxon19    0.4128565 0.4088857 0.4029211 0.4112011 0.4415436 0.3898116 0.4179079 0.1861487 0.1802044 0.1952314 0.2018874 0.2020722 0.1778406 0.1791564 0.1364195 0.1345189 0.1043526 0.1053656 0.0529513 0.0000000 
