20
taxon0     0.0000000 0.0493515 0.0496300 0.0542906 0.0544167 0.3412162 0.3223007 0.2953600 0.3032361 0.3042996 0.3114688 0.3006122 0.2929511 0.3315505 0.3144258 0.3047744 0.3191430 0.2919948 0.2978961 0.3230236 
taxon1     0.0493515 0.0000000 0.0097577 0.0440804 0.0392020 0.2975802 0.2931028 0.2946995 0.3025519 0.3176689 0.3113649 0.2733215 0.2785303 0.3166064 0.2996205 0.2901859 0.3043056 0.2775809 0.2834447 0.3082559 
taxon2     0.0496300 0.0097577 0.0000000 0.0547084 0.0497638 0.3136171 0.3091677 0.3105463 0.3186129 0.3146855 0.3084247 0.2706530 0.2758333 0.3136412 0.2967552 0.3060564 0.3204369 0.2932677 0.2807192 0.3053603 
taxon3     0.0542906 0.0440804 0.0547084 0.0000000 0.0193960 0.3051652 0.3006987 0.2885023 0.2822761 0.3113763 0.3186081 0.2798006 0.2723324 0.3103388 0.2933423 0.2700934 0.2900302 0.2576633 0.2635035 0.2880085 
taxon4     0.0544167 0.0392020 0.0497638 0.0193960 0.0000000 0.2828778 0.2783737 0.2730386 0.2668957 0.2953931 0.3024685 0.2643458 0.2570580 0.2944304 0.2776175 0.2549223 0.2744806 0.2426983 0.2484836 0.2726101 
taxon5     0.3412162 0.2975802 0.3136171 0.3051652 0.2828778 0.0000000 0.0245017 0.0695456 0.0652594 0.0859719 0.0913538 0.0705477 0.0652460 0.0752209 0.0705547 0.0746761 0.0747969 0.0645501 0.0810692 0.0808728 
taxon6     0.3223007 0.2931028 0.3091677 0.3006987 0.2783737 0.0245017 0.0000000 0.0545470 0.0501206 0.0706925 0.0760104 0.0657929 0.0709092 0.0863371 0.0762907 0.0803897 0.0805209 0.0701544 0.0869298 0.0867169 
taxon7     0.2953600 0.2946995 0.3105463 0.2885023 0.2730386 0.0695456 0.0545470 0.0000000 0.0245306 0.0342633 0.0392920 0.0595510 0.0543202 0.0643534 0.0698152 0.0539666 0.0542081 0.0639226 0.0699922 0.0495514 
taxon8     0.3032361 0.3025519 0.3186129 0.2822761 0.2668957 0.0652594 0.0501206 0.0245306 0.0000000 0.0500681 0.0552651 0.0656223 0.0707226 0.0757839 0.0760862 0.0598452 0.0651615 0.0699712 0.0648486 0.0546348 
taxon9     0.3042996 0.3176689 0.3146855 0.3113763 0.2953931 0.0859719 0.0706925 0.0342633 0.0500681 0.0000000 0.0144189 0.0739607 0.0686842 0.0787078 0.0842502 0.0800860 0.0804456 0.0800902 0.0743577 0.0741813 
taxon10    0.3114688 0.3113649 0.3084247 0.3186081 0.3024685 0.0913538 0.0760104 0.0392920 0.0552651 0.0144189 0.0000000 0.0791747 0.0738531 0.0839271 0.0895288 0.0751121 0.0754504 0.0853970 0.0795977 0.0794079 
taxon11    0.3006122 0.2733215 0.2706530 0.2798006 0.2643458 0.0705477 0.0657929 0.0595510 0.0656223 0.0739607 0.0791747 0.0000000 0.0145066 0.0388980 0.0194210 0.0446335 0.0497758 0.0446158 0.0492535 0.0592180 
taxon12    0.2929511 0.2785303 0.2758333 0.2723324 0.2570580 0.0652460 0.0709092 0.0543202 0.0707226 0.0686842 0.0738531 0.0145066 0.0000000 0.0289577 0.0145076 0.0294732 0.0345108 0.0294626 0.0341450 0.0439825 
taxon13    0.3315505 0.3166064 0.3136412 0.3103388 0.2944304 0.0752209 0.0863371 0.0643534 0.0757839 0.0787078 0.0839271 0.0388980 0.0289577 0.0000000 0.0193033 0.0493611 0.0444759 0.0593531 0.0638997 0.0638536 
taxon14    0.3144258 0.2996205 0.2967552 0.2933423 0.2776175 0.0705547 0.0762907 0.0698152 0.0760862 0.0842502 0.0895288 0.0194210 0.0145076 0.0193033 0.0000000 0.0446373 0.0497802 0.0446197 0.0492578 0.0592235 
taxon15    0.3047744 0.2901859 0.3060564 0.2700934 0.2549223 0.0746761 0.0803897 0.0539666 0.0598452 0.0800860 0.0751121 0.0446335 0.0294732 0.0493611 0.0446373 0.0000000 0.0145195 0.0291423 0.0446369 0.0546477 
taxon16    0.3191430 0.3043056 0.3204369 0.2900302 0.2744806 0.0747969 0.0805209 0.0542081 0.0651615 0.0804456 0.0754504 0.0497758 0.0345108 0.0444759 0.0497802 0.0145195 0.0000000 0.0440511 0.0599541 0.0599099 
taxon17    0.2919948 0.2775809 0.2932677 0.2576633 0.2426983 0.0645501 0.0701544 0.0639226 0.0699712 0.0800902 0.0853970 0.0446158 0.0294626 0.0593531 0.0446197 0.0291423 0.0440511 0.0000000 0.0147777 0.0345980 
taxon18    0.2978961 0.2834447 0.2807192 0.2635035 0.2484836 0.0810692 0.0869298 0.0699922 0.0648486 0.0743577 0.0795977 0.0492535 0.0341450 0.0638997 0.0492578 0.0446369 0.0599541 0.0147777 0.0000000 0.0192042 
taxon19    0.3230236 0.3082559 0.3053603 0.2880085 0.2726101 0.0808728 0.0867169 0.0495514 0.0546348 0.0741813 0.0794079 0.0592180 0.0439825 0.0638536 0.0592235 0.0546477 0.0599099 0.0345980 0.0192042 0.0000000 
