20
taxon0     0.0000000 0.0846845 0.1923369 0.1578181 0.3064486 0.5297093 0.3045752 0.2787032 0.2631103 0.2603787 0.2454283 0.4119783 0.5563182 0.5431847 0.5113124 0.3945151 0.4324300 0.3901954 0.4344442 0.4283855 
taxon1     0.0846845 0.0000000 0.2050163 0.1714547 0.2967265 0.5305625 0.3022059 0.2937183 0.2478068 0.2497179 0.2543182 0.4050515 0.5525901 0.5387948 0.5192593 0.3686599 0.4288013 0.4171064 0.4490673 0.4578780 
taxon2     0.1923369 0.2050163 0.0000000 0.1203225 0.3192532 0.4568024 0.3368265 0.3044730 0.2856997 0.2739980 0.2815941 0.4909431 0.6677262 0.5891899 0.5642908 0.4250957 0.4905178 0.4216693 0.4386782 0.4432360 
taxon3     0.1578181 0.1714547 0.1203225 0.0000000 0.2833756 0.4702924 0.3196479 0.2720972 0.2427288 0.2568172 0.2475136 0.4077539 0.5834187 0.5713241 0.5344081 0.4014695 0.4286215 0.4163286 0.4325440 0.4342151 
taxon4     0.3064486 0.2967265 0.3192532 0.2833756 0.0000000 0.3364981 0.2564350 0.2408126 0.2107215 0.1683801 0.1878937 0.4598992 0.6530831 0.5863408 0.5540578 0.4662860 0.5091597 0.3983945 0.4298020 0.4611942 
taxon5     0.5297093 0.5305625 0.4568024 0.4702924 0.3364981 0.0000000 0.5034146 0.4763215 0.4201147 0.4006416 0.4470228 0.6649203 0.7822805 0.7715628 0.7724604 0.6366277 0.6922894 0.6354099 0.6395745 0.6698719 
taxon6     0.3045752 0.3022059 0.3368265 0.3196479 0.2564350 0.5034146 0.0000000 0.1462680 0.1932831 0.1736085 0.2035828 0.4401776 0.6497787 0.6443429 0.6384568 0.4383405 0.4802247 0.4834056 0.4461946 0.4647389 
taxon7     0.2787032 0.2937183 0.3044730 0.2720972 0.2408126 0.4763215 0.1462680 0.0000000 0.1547476 0.1376528 0.1545915 0.4081478 0.6170289 0.5859337 0.5516256 0.4433987 0.4588433 0.4075275 0.3746915 0.3914119 
taxon8     0.2631103 0.2478068 0.2856997 0.2427288 0.2107215 0.4201147 0.1932831 0.1547476 0.0000000 0.0693475 0.1067324 0.4016269 0.5668095 0.5441570 0.5295816 0.4211747 0.4436331 0.3960633 0.3878676 0.4049122 
taxon9     0.2603787 0.2497179 0.2739980 0.2568172 0.1683801 0.4006416 0.1736085 0.1376528 0.0693475 0.0000000 0.0597306 0.4287191 0.5983430 0.5317859 0.5258533 0.4180874 0.4307416 0.3790725 0.3617856 0.3943308 
taxon10    0.2454283 0.2543182 0.2815941 0.2475136 0.1878937 0.4470228 0.2035828 0.1545915 0.1067324 0.0597306 0.0000000 0.4333521 0.5999044 0.5481836 0.5403153 0.4228285 0.4405900 0.3847313 0.3747558 0.4000667 
taxon11    0.4119783 0.4050515 0.4909431 0.4077539 0.4598992 0.6649203 0.4401776 0.4081478 0.4016269 0.4287191 0.4333521 0.0000000 0.2576463 0.3007025 0.2713961 0.2589503 0.2479346 0.2789334 0.2993897 0.2976379 
taxon12    0.5563182 0.5525901 0.6677262 0.5834187 0.6530831 0.7822805 0.6497787 0.6170289 0.5668095 0.5983430 0.5999044 0.2576463 0.0000000 0.2001544 0.2134780 0.3836138 0.3973765 0.4250905 0.4651941 0.4628152 
taxon13    0.5431847 0.5387948 0.5891899 0.5713241 0.5863408 0.7715628 0.6443429 0.5859337 0.5441570 0.5317859 0.5481836 0.3007025 0.2001544 0.0000000 0.1697289 0.4110007 0.4206746 0.4056214 0.4245981 0.4322297 
taxon14    0.5113124 0.5192593 0.5642908 0.5344081 0.5540578 0.7724604 0.6384568 0.5516256 0.5295816 0.5258533 0.5403153 0.2713961 0.2134780 0.1697289 0.0000000 0.3944824 0.3968021 0.3687892 0.3868672 0.3878049 
taxon15    0.3945151 0.3686599 0.4250957 0.4014695 0.4662860 0.6366277 0.4383405 0.4433987 0.4211747 0.4180874 0.4228285 0.2589503 0.3836138 0.4110007 0.3944824 0.0000000 0.1057430 0.2753037 0.2961189 0.2759524 
taxon16    0.4324300 0.4288013 0.4905178 0.4286215 0.5091597 0.6922894 0.4802247 0.4588433 0.4436331 0.4307416 0.4405900 0.2479346 0.3973765 0.4206746 0.3968021 0.1057430 0.0000000 0.2601833 0.2686883 0.2609330 
taxon17    0.3901954 0.4171064 0.4216693 0.4163286 0.3983945 0.6354099 0.4834056 0.4075275 0.3960633 0.3790725 0.3847313 0.2789334 0.4250905 0.4056214 0.3687892 0.2753037 0.2601833 0.0000000 0.1230833 0.1172460 
taxon18    0.4344442 0.4490673 0.4386782 0.4325440 0.4298020 0.6395745 0.4461946 0.3746915 0.3878676 0.3617856 0.3747558 0.2993897 0.4651941 0.4245981 0.3868672 0.2961189 0.2686883 0.1230833 0.0000000 0.0649462 
taxon19    0.4283855 0.4578780 0.4432360 0.4342151 0.4611942 0.6698719 0.4647389 0.3914119 0.4049122 0.3943308 0.4000667 0.2976379 0.4628152 0.4322297 0.3878049 0.2759524 0.2609330 0.1172460 0.0649462 0.0000000 
