20
taxon0     0.0000000 0.1463258 0.4925312 0.5945820 0.5287674 0.4992050 0.6062384 0.5152278 0.5370335 0.7096069 0.4159109 0.5990940 0.4344632 0.4972541 0.4411378 0.4816650 0.4333808 0.4002951 0.3442961 0.4061643 
taxon1     0.1463258 0.0000000 0.4732677 0.5548720 0.5024134 0.4819909 0.6199009 0.5186045 0.5676610 0.7428158 0.4643567 0.6276388 0.4283292 0.5075046 0.4565760 0.5152918 0.4841732 0.4705206 0.3751157 0.3963516 
taxon2     0.4925312 0.4732677 0.0000000 0.3754819 0.3272102 0.3553274 0.4743807 0.4587223 0.4563216 0.6068469 0.3028042 0.3520297 0.2988942 0.3417353 0.3177127 0.7352305 0.6819201 0.6492956 0.5907947 0.6259001 
taxon3     0.5945820 0.5548720 0.3754819 0.0000000 0.0496876 0.4065680 0.4860301 0.4785700 0.5263830 0.6903312 0.3845121 0.4932865 0.4064777 0.4210450 0.4245710 0.8299184 0.8449688 0.7969972 0.7277320 0.7182639 
taxon4     0.5287674 0.5024134 0.3272102 0.0496876 0.0000000 0.3754940 0.4667363 0.4427256 0.4972235 0.6554309 0.3497924 0.4813794 0.3692143 0.3823366 0.3783924 0.7874809 0.7938262 0.7546837 0.6749627 0.6889874 
taxon5     0.4992050 0.4819909 0.3553274 0.4065680 0.3754940 0.0000000 0.3021489 0.3098736 0.3049804 0.4533961 0.2640664 0.3897110 0.2655308 0.3053760 0.3009482 0.7573935 0.6950656 0.6929687 0.6098791 0.6182236 
taxon6     0.6062384 0.6199009 0.4743807 0.4860301 0.4667363 0.3021489 0.0000000 0.1626257 0.1772023 0.2754697 0.3516730 0.4621196 0.3115897 0.3873542 0.3805680 0.8930080 0.8351847 0.8128850 0.7326512 0.6799586 
taxon7     0.5152278 0.5186045 0.4587223 0.4785700 0.4427256 0.3098736 0.1626257 0.0000000 0.1387604 0.2579482 0.3141583 0.4456506 0.2864724 0.3472647 0.3039773 0.7472809 0.7102023 0.6916743 0.6266666 0.6074542 
taxon8     0.5370335 0.5676610 0.4563216 0.5263830 0.4972235 0.3049804 0.1772023 0.1387604 0.0000000 0.1906126 0.3428541 0.4720740 0.3559885 0.4136623 0.3786162 0.8427457 0.7768816 0.7624076 0.7595030 0.6880904 
taxon9     0.7096069 0.7428158 0.6068469 0.6903312 0.6554309 0.4533961 0.2754697 0.2579482 0.1906126 0.0000000 0.5158810 0.6475782 0.5159745 0.5730303 0.5336102 1.0146759 0.9434400 0.9385964 0.9083710 0.8376891 
taxon10    0.4159109 0.4643567 0.3028042 0.3845121 0.3497924 0.2640664 0.3516730 0.3141583 0.3428541 0.5158810 0.0000000 0.1874564 0.1147014 0.1873472 0.1720590 0.7032161 0.6777779 0.6126801 0.5741178 0.5937283 
taxon11    0.5990940 0.6276388 0.3520297 0.4932865 0.4813794 0.3897110 0.4621196 0.4456506 0.4720740 0.6475782 0.1874564 0.0000000 0.2312401 0.2905798 0.2839886 0.9085248 0.9055843 0.8408185 0.7791481 0.8124164 
taxon12    0.4344632 0.4283292 0.2988942 0.4064777 0.3692143 0.2655308 0.3115897 0.2864724 0.3559885 0.5159745 0.1147014 0.2312401 0.0000000 0.1672461 0.1433318 0.7074307 0.6484168 0.6194595 0.5991605 0.6038438 
taxon13    0.4972541 0.5075046 0.3417353 0.4210450 0.3823366 0.3053760 0.3873542 0.3472647 0.4136623 0.5730303 0.1873472 0.2905798 0.1672461 0.0000000 0.0631502 0.7319505 0.6767729 0.6357729 0.6035073 0.5999515 
taxon14    0.4411378 0.4565760 0.3177127 0.4245710 0.3783924 0.3009482 0.3805680 0.3039773 0.3786162 0.5336102 0.1720590 0.2839886 0.1433318 0.0631502 0.0000000 0.7076817 0.6626002 0.6161121 0.5966934 0.5816407 
taxon15    0.4816650 0.5152918 0.7352305 0.8299184 0.7874809 0.7573935 0.8930080 0.7472809 0.8427457 1.0146759 0.7032161 0.9085248 0.7074307 0.7319505 0.7076817 0.0000000 0.2350099 0.1887328 0.2280198 0.3050584 
taxon16    0.4333808 0.4841732 0.6819201 0.8449688 0.7938262 0.6950656 0.8351847 0.7102023 0.7768816 0.9434400 0.6777779 0.9055843 0.6484168 0.6767729 0.6626002 0.2350099 0.0000000 0.0811213 0.2108038 0.2871542 
taxon17    0.4002951 0.4705206 0.6492956 0.7969972 0.7546837 0.6929687 0.8128850 0.6916743 0.7624076 0.9385964 0.6126801 0.8408185 0.6194595 0.6357729 0.6161121 0.1887328 0.0811213 0.0000000 0.1975337 0.2567122 
taxon18    0.3442961 0.3751157 0.5907947 0.7277320 0.6749627 0.6098791 0.7326512 0.6266666 0.7595030 0.9083710 0.5741178 0.7791481 0.5991605 0.6035073 0.5966934 0.2280198 0.2108038 0.1975337 0.0000000 0.1519240 
taxon19    0.4061643 0.3963516 0.6259001 0.7182639 0.6889874 0.6182236 0.6799586 0.6074542 0.6880904 0.8376891 0.5937283 0.8124164 0.6038438 0.5999515 0.5816407 0.3050584 0.2871542 0.2567122 0.1519240 0.0000000 
