19
taxon0     0.0000000 0.0000010 0.0544585 0.0430875 0.0593506 0.0591881 0.0484060 0.0430098 0.0533824 0.1747874 0.1816322 0.1816322 0.1888099 0.1886536 0.1957886 0.1780738 0.1843361 0.1973724 0.1773883 
taxon1     0.0000010 0.0000000 0.0544585 0.0430875 0.0593506 0.0591881 0.0484060 0.0430098 0.0533824 0.1747874 0.1816322 0.1816322 0.1888099 0.1886536 0.1957886 0.1780738 0.1843361 0.1973724 0.1773883 
taxon3     0.0544585 0.0544585 0.0000000 0.0315978 0.0597639 0.0708444 0.0770897 0.0715560 0.0657155 0.1744881 0.1813244 0.1813244 0.1757926 0.1883374 0.1883282 0.1871524 0.2093258 0.2088213 0.2021544 
taxon4     0.0430875 0.0430875 0.0315978 0.0000000 0.0653817 0.0814575 0.0822894 0.0767719 0.0710203 0.1796645 0.1865020 0.1865020 0.1691509 0.1948574 0.1886005 0.1812868 0.2033539 0.2028607 0.1828829 
taxon5     0.0593506 0.0593506 0.0597639 0.0653817 0.0000000 0.0263429 0.0374439 0.0320797 0.0211898 0.1693559 0.1627744 0.1627744 0.1810536 0.1678196 0.1809740 0.1667517 0.1883513 0.2013369 0.1947063 
taxon6     0.0591881 0.0591881 0.0708444 0.0814575 0.0263429 0.0000000 0.0371344 0.0318145 0.0263973 0.1868416 0.1802050 0.1802050 0.2072355 0.1873231 0.2071544 0.1924675 0.2147782 0.2280228 0.2154189 
taxon7     0.0484060 0.0484060 0.0770897 0.0822894 0.0374439 0.0371344 0.0000000 0.0052049 0.0370356 0.1854396 0.1788529 0.1788529 0.2065334 0.1805266 0.2064525 0.2029955 0.2093138 0.2225461 0.2157779 
taxon8     0.0430098 0.0430098 0.0715560 0.0767719 0.0320797 0.0318145 0.0052049 0.0000000 0.0317290 0.1793885 0.1728265 0.1728265 0.2003833 0.1869226 0.2003024 0.1967866 0.2030982 0.2162970 0.2095493 
taxon9     0.0533824 0.0533824 0.0657155 0.0710203 0.0211898 0.0263973 0.0370356 0.0317290 0.0000000 0.1690177 0.1624704 0.1624704 0.1893234 0.1759458 0.1892428 0.1904445 0.1967198 0.2098209 0.2031272 
taxon10    0.1747874 0.1747874 0.1744881 0.1796645 0.1693559 0.1868416 0.1854396 0.1793885 0.1690177 0.0000000 0.0052163 0.0052163 0.0378477 0.0268572 0.0267270 0.0268923 0.0435390 0.0546350 0.0490452 
taxon11    0.1816322 0.1816322 0.1813244 0.1865020 0.1627744 0.1802050 0.1788529 0.1728265 0.1624704 0.0052163 0.0000000 0.0000010 0.0378079 0.0268291 0.0266992 0.0268641 0.0434931 0.0545774 0.0489936 
taxon12    0.1816322 0.1816322 0.1813244 0.1865020 0.1627744 0.1802050 0.1788529 0.1728265 0.1624704 0.0052163 0.0000010 0.0000000 0.0378079 0.0268291 0.0266992 0.0268641 0.0434931 0.0545774 0.0489936 
taxon13    0.1888099 0.1888099 0.1757926 0.1691509 0.1810536 0.2072355 0.2065334 0.2003833 0.1893234 0.0378477 0.0378079 0.0378079 0.0000000 0.0318147 0.0264730 0.0429368 0.0483580 0.0482374 0.0318863 
taxon14    0.1886536 0.1886536 0.1883374 0.1948574 0.1678196 0.1873231 0.1805266 0.1869226 0.1759458 0.0268572 0.0268291 0.0268291 0.0318147 0.0000000 0.0317935 0.0319879 0.0373613 0.0482281 0.0374155 
taxon15    0.1957886 0.1957886 0.1883282 0.1886005 0.1809740 0.2071544 0.2064525 0.2003024 0.1892428 0.0267270 0.0266992 0.0266992 0.0264730 0.0317935 0.0000000 0.0318338 0.0428567 0.0482066 0.0373582 
taxon16    0.1780738 0.1780738 0.1871524 0.1812868 0.1667517 0.1924675 0.2029955 0.1967866 0.1904445 0.0268923 0.0268641 0.0268641 0.0429368 0.0319879 0.0318338 0.0000000 0.0268926 0.0377997 0.0323148 
taxon17    0.1843361 0.1843361 0.2093258 0.2033539 0.1883513 0.2147782 0.2093138 0.2030982 0.1967198 0.0435390 0.0434931 0.0434931 0.0483580 0.0373613 0.0428567 0.0268926 0.0000000 0.0319849 0.0265842 
taxon18    0.1973724 0.1973724 0.2088213 0.2028607 0.2013369 0.2280228 0.2225461 0.2162970 0.2098209 0.0546350 0.0545774 0.0545774 0.0482374 0.0482281 0.0482066 0.0377997 0.0319849 0.0000000 0.0265173 
taxon19    0.1773883 0.1773883 0.2021544 0.1828829 0.1947063 0.2154189 0.2157779 0.2095493 0.2031272 0.0490452 0.0489936 0.0489936 0.0318863 0.0374155 0.0373582 0.0323148 0.0265842 0.0265173 0.0000000 
