20
taxon0     0.0000000 0.1787282 0.2455694 0.3064182 0.2145648 0.2417896 0.2699246 0.3697115 0.4575359 0.5039790 0.4461882 0.4385886 0.3922802 0.4779377 0.4515993 0.6149229 0.5905094 0.5300291 0.5145899 0.5432155 
taxon1     0.1787282 0.0000000 0.2629939 0.3349766 0.3144309 0.2843250 0.3712356 0.4428094 0.4533728 0.5852450 0.5037294 0.4752787 0.4250927 0.4750241 0.4933629 0.5706322 0.5999830 0.5153651 0.5197685 0.5678036 
taxon2     0.2455694 0.2629939 0.0000000 0.1575442 0.1794595 0.1662431 0.2407796 0.4829967 0.4667590 0.5938998 0.5393618 0.5309535 0.4810473 0.5096976 0.5220825 0.6488147 0.6453259 0.5866597 0.5743992 0.6259254 
taxon3     0.3064182 0.3349766 0.1575442 0.0000000 0.2626928 0.2488511 0.3051619 0.5047468 0.4817520 0.5678751 0.5425137 0.5379914 0.4880719 0.5023423 0.5282172 0.6452771 0.6215660 0.5998510 0.5918990 0.6268898 
taxon4     0.2145648 0.3144309 0.1794595 0.2626928 0.0000000 0.0574374 0.1010483 0.4459500 0.4912056 0.5800653 0.5596061 0.5330419 0.4888759 0.5114702 0.5005287 0.6021522 0.5894261 0.5566641 0.5346104 0.5614236 
taxon5     0.2417896 0.2843250 0.1662431 0.2488511 0.0574374 0.0000000 0.1034500 0.4928451 0.4819709 0.5934401 0.5558666 0.5520527 0.5065961 0.5106405 0.5035735 0.6019567 0.6009500 0.5669466 0.5186843 0.5639430 
taxon6     0.2699246 0.3712356 0.2407796 0.3051619 0.1010483 0.1034500 0.0000000 0.5028577 0.5440454 0.6370740 0.5820380 0.5541725 0.5089170 0.5350045 0.4882859 0.6353788 0.6356664 0.6038967 0.5522013 0.5925543 
taxon7     0.3697115 0.4428094 0.4829967 0.5047468 0.4459500 0.4928451 0.5028577 0.0000000 0.1976296 0.3619768 0.3362221 0.3095697 0.2754260 0.4675697 0.4305290 0.6004031 0.5377949 0.5725196 0.5153947 0.5512107 
taxon8     0.4575359 0.4533728 0.4667590 0.4817520 0.4912056 0.4819709 0.5440454 0.1976296 0.0000000 0.4573525 0.4113113 0.4129237 0.3630279 0.4891884 0.4861345 0.5936451 0.6017217 0.5745858 0.5424716 0.5864225 
taxon9     0.5039790 0.5852450 0.5938998 0.5678751 0.5800653 0.5934401 0.6370740 0.3619768 0.4573525 0.0000000 0.0871482 0.2157537 0.1857787 0.5502165 0.5576925 0.6340700 0.6209817 0.6076562 0.5534886 0.5963684 
taxon10    0.4461882 0.5037294 0.5393618 0.5425137 0.5596061 0.5558666 0.5820380 0.3362221 0.4113113 0.0871482 0.0000000 0.1338038 0.1146721 0.5287651 0.5038806 0.6179344 0.6168832 0.5909225 0.5393770 0.5751275 
taxon11    0.4385886 0.4752787 0.5309535 0.5379914 0.5330419 0.5520527 0.5541725 0.3095697 0.4129237 0.2157537 0.1338038 0.0000000 0.0522091 0.4718382 0.4450857 0.6037809 0.5658112 0.5371842 0.5198884 0.5310788 
taxon12    0.3922802 0.4250927 0.4810473 0.4880719 0.4888759 0.5065961 0.5089170 0.2754260 0.3630279 0.1857787 0.1146721 0.0522091 0.0000000 0.4499016 0.4248374 0.5713398 0.5529710 0.5236626 0.4950143 0.5331351 
taxon13    0.4779377 0.4750241 0.5096976 0.5023423 0.5114702 0.5106405 0.5350045 0.4675697 0.4891884 0.5502165 0.5287651 0.4718382 0.4499016 0.0000000 0.0764313 0.2801839 0.2491122 0.1705443 0.2004835 0.2106119 
taxon14    0.4515993 0.4933629 0.5220825 0.5282172 0.5005287 0.5035735 0.4882859 0.4305290 0.4861345 0.5576925 0.5038806 0.4450857 0.4248374 0.0764313 0.0000000 0.2984684 0.2387620 0.1913266 0.2309871 0.2466137 
taxon15    0.6149229 0.5706322 0.6488147 0.6452771 0.6021522 0.6019567 0.6353788 0.6004031 0.5936451 0.6340700 0.6179344 0.6037809 0.5713398 0.2801839 0.2984684 0.0000000 0.1454965 0.2570843 0.2514520 0.2891378 
taxon16    0.5905094 0.5999830 0.6453259 0.6215660 0.5894261 0.6009500 0.6356664 0.5377949 0.6017217 0.6209817 0.6168832 0.5658112 0.5529710 0.2491122 0.2387620 0.1454965 0.0000000 0.2367069 0.2602490 0.2705354 
taxon17    0.5300291 0.5153651 0.5866597 0.5998510 0.5566641 0.5669466 0.6038967 0.5725196 0.5745858 0.6076562 0.5909225 0.5371842 0.5236626 0.1705443 0.1913266 0.2570843 0.2367069 0.0000000 0.1069891 0.1083111 
taxon18    0.5145899 0.5197685 0.5743992 0.5918990 0.5346104 0.5186843 0.5522013 0.5153947 0.5424716 0.5534886 0.5393770 0.5198884 0.4950143 0.2004835 0.2309871 0.2514520 0.2602490 0.1069891 0.0000000 0.0743073 
taxon19    0.5432155 0.5678036 0.6259254 0.6268898 0.5614236 0.5639430 0.5925543 0.5512107 0.5864225 0.5963684 0.5751275 0.5310788 0.5331351 0.2106119 0.2466137 0.2891378 0.2705354 0.1083111 0.0743073 0.0000000 
