20
taxon0     0.0000000 0.2469941 0.4308476 0.4814973 0.5003342 0.4350610 0.4906754 0.4667754 0.5191958 0.5277014 0.5262784 0.5235137 0.4981988 0.5267331 0.5115378 0.5673599 0.5462921 0.5652397 0.5328409 0.5706288 
taxon1     0.2469941 0.0000000 0.3735959 0.3970259 0.4060311 0.3121112 0.3528496 0.3487831 0.4128136 0.3894711 0.3785148 0.4124582 0.3962835 0.4405020 0.3792285 0.4856853 0.4467581 0.5056682 0.4803764 0.4750958 
taxon2     0.4308476 0.3735959 0.0000000 0.1360487 0.1223890 0.2035623 0.2467279 0.2392706 0.2686087 0.2604909 0.2853661 0.3021730 0.2793542 0.2954927 0.2737457 0.3279986 0.3189178 0.3733758 0.3326568 0.3389206 
taxon3     0.4814973 0.3970259 0.1360487 0.0000000 0.0806777 0.2219403 0.2276055 0.2511389 0.2759418 0.2609342 0.2894730 0.2871419 0.2883966 0.2712711 0.2778926 0.3224117 0.3336526 0.3424118 0.3150615 0.3241840 
taxon4     0.5003342 0.4060311 0.1223890 0.0806777 0.0000000 0.2246494 0.2390460 0.2366482 0.2800850 0.2651177 0.2965511 0.2893779 0.2817889 0.2813223 0.2714373 0.3134715 0.3320451 0.3446431 0.3127324 0.3413362 
taxon5     0.4350610 0.3121112 0.2035623 0.2219403 0.2246494 0.0000000 0.0799051 0.1644564 0.1734813 0.1688556 0.1835446 0.1978136 0.1857565 0.2120828 0.1819127 0.2332474 0.2253707 0.2604378 0.2338260 0.2367133 
taxon6     0.4906754 0.3528496 0.2467279 0.2276055 0.2390460 0.0799051 0.0000000 0.1912810 0.2134160 0.1930795 0.1920565 0.1886010 0.2036928 0.2157463 0.1923313 0.2518357 0.2638287 0.3077902 0.2736116 0.2702255 
taxon7     0.4667754 0.3487831 0.2392706 0.2511389 0.2366482 0.1644564 0.1912810 0.0000000 0.1578059 0.1458987 0.1573047 0.1599920 0.1789038 0.1727044 0.1710959 0.1853821 0.1930209 0.2411149 0.2283515 0.2109409 
taxon8     0.5191958 0.4128136 0.2686087 0.2759418 0.2800850 0.1734813 0.2134160 0.1578059 0.0000000 0.0307821 0.1736732 0.1759751 0.1640488 0.1688584 0.1709420 0.2121794 0.2094603 0.2371587 0.2243481 0.2164451 
taxon9     0.5277014 0.3894711 0.2604909 0.2609342 0.2651177 0.1688556 0.1930795 0.1458987 0.0307821 0.0000000 0.1612390 0.1637353 0.1518828 0.1631889 0.1587368 0.1981835 0.2028698 0.2304641 0.2176528 0.2098196 
taxon10    0.5262784 0.3785148 0.2853661 0.2894730 0.2965511 0.1835446 0.1920565 0.1573047 0.1736732 0.1612390 0.0000000 0.0875841 0.0821827 0.1124537 0.0827176 0.1549948 0.1434415 0.1880115 0.1776633 0.1674656 
taxon11    0.5235137 0.4124582 0.3021730 0.2871419 0.2893779 0.1978136 0.1886010 0.1599920 0.1759751 0.1637353 0.0875841 0.0000000 0.0459911 0.0674977 0.0463697 0.1530011 0.1594923 0.1771797 0.1530546 0.1614704 
taxon12    0.4981988 0.3962835 0.2793542 0.2883966 0.2817889 0.1857565 0.2036928 0.1789038 0.1640488 0.1518828 0.0821827 0.0459911 0.0000000 0.0738474 0.0412524 0.1496339 0.1556032 0.1780149 0.1538098 0.1681515 
taxon13    0.5267331 0.4405020 0.2954927 0.2712711 0.2813223 0.2120828 0.2157463 0.1727044 0.1688584 0.1631889 0.1124537 0.0674977 0.0738474 0.0000000 0.0743455 0.1602409 0.1664357 0.2003267 0.1759238 0.1851687 
taxon14    0.5115378 0.3792285 0.2737457 0.2778926 0.2714373 0.1819127 0.1923313 0.1710959 0.1709420 0.1587368 0.0827176 0.0463697 0.0412524 0.0743455 0.0000000 0.1461189 0.1636229 0.1824628 0.1659387 0.1801547 
taxon15    0.5673599 0.4856853 0.3279986 0.3224117 0.3134715 0.2332474 0.2518357 0.1853821 0.2121794 0.1981835 0.1549948 0.1530011 0.1496339 0.1602409 0.1461189 0.0000000 0.1055524 0.1495053 0.1329848 0.1088062 
taxon16    0.5462921 0.4467581 0.3189178 0.3336526 0.3320451 0.2253707 0.2638287 0.1930209 0.2094603 0.2028698 0.1434415 0.1594923 0.1556032 0.1664357 0.1636229 0.1055524 0.0000000 0.1616625 0.1317993 0.1226746 
taxon17    0.5652397 0.5056682 0.3733758 0.3424118 0.3446431 0.2604378 0.3077902 0.2411149 0.2371587 0.2304641 0.1880115 0.1771797 0.1780149 0.2003267 0.1824628 0.1495053 0.1616625 0.0000000 0.0407309 0.1010306 
taxon18    0.5328409 0.4803764 0.3326568 0.3150615 0.3127324 0.2338260 0.2736116 0.2283515 0.2243481 0.2176528 0.1776633 0.1530546 0.1538098 0.1759238 0.1659387 0.1329848 0.1317993 0.0407309 0.0000000 0.0787982 
taxon19    0.5706288 0.4750958 0.3389206 0.3241840 0.3413362 0.2367133 0.2702255 0.2109409 0.2164451 0.2098196 0.1674656 0.1614704 0.1681515 0.1851687 0.1801547 0.1088062 0.1226746 0.1010306 0.0787982 0.0000000 
