20
taxon0     0.0000000 0.0357284 0.0465968 0.0630220 0.0849878 0.0736492 0.0846313 0.0740955 0.0797703 0.0741281 0.0795544 0.0903480 0.0849113 0.0852986 0.0796032 0.0744974 0.0799445 0.2414573 0.2361052 0.2381385 
taxon1     0.0357284 0.0000000 0.0517387 0.0516870 0.0777991 0.0667793 0.0774746 0.0671752 0.0783211 0.0672057 0.0724988 0.0777620 0.0777321 0.0780792 0.0725426 0.0675334 0.0728471 0.2511578 0.2457845 0.2433479 
taxon2     0.0465968 0.0517387 0.0000000 0.0150057 0.0457426 0.0352415 0.0462071 0.0464424 0.0512213 0.0354675 0.0406026 0.0508627 0.0457078 0.0459082 0.0406267 0.0356390 0.0407942 0.2460948 0.2395644 0.2416328 
taxon3     0.0630220 0.0516870 0.0150057 0.0000000 0.0453822 0.0453624 0.0565458 0.0568277 0.0615500 0.0456516 0.0508136 0.0611176 0.0559365 0.0561828 0.0508437 0.0458720 0.0510537 0.2553173 0.2487027 0.2547367 
taxon4     0.0849878 0.0777991 0.0457426 0.0453822 0.0000000 0.0098658 0.0402545 0.0407092 0.0349928 0.0299791 0.0249357 0.0350164 0.0299672 0.0198569 0.0350571 0.0198734 0.0248817 0.2799966 0.2598320 0.2445844 
taxon5     0.0736492 0.0667793 0.0352415 0.0453624 0.0098658 0.0000000 0.0402915 0.0302444 0.0350249 0.0197975 0.0148206 0.0247759 0.0197898 0.0198751 0.0248043 0.0198916 0.0249045 0.2802728 0.2600894 0.2448263 
taxon6     0.0846313 0.0774746 0.0462071 0.0565458 0.0402545 0.0402915 0.0000000 0.0302652 0.0403056 0.0352501 0.0403561 0.0505600 0.0454331 0.0351213 0.0403798 0.0250362 0.0200003 0.2655848 0.2589969 0.2437787 
taxon7     0.0740955 0.0671752 0.0464424 0.0568277 0.0407092 0.0302444 0.0302652 0.0000000 0.0461563 0.0201980 0.0355717 0.0458325 0.0406785 0.0408588 0.0355929 0.0305866 0.0357400 0.2821769 0.2618500 0.2464712 
taxon8     0.0797703 0.0783211 0.0512213 0.0615500 0.0349928 0.0350249 0.0403056 0.0461563 0.0000000 0.0248053 0.0298189 0.0297831 0.0348144 0.0247156 0.0298362 0.0147989 0.0197640 0.2885134 0.2681450 0.2527039 
taxon9     0.0741281 0.0672057 0.0354675 0.0456516 0.0299791 0.0197975 0.0352501 0.0201980 0.0248053 0.0000000 0.0147480 0.0246368 0.0196782 0.0197626 0.0147566 0.0098612 0.0148157 0.2821310 0.2618229 0.2464569 
taxon10    0.0795544 0.0724988 0.0406026 0.0508136 0.0249357 0.0148206 0.0403561 0.0355717 0.0298189 0.0147480 0.0000000 0.0296159 0.0246409 0.0247466 0.0197099 0.0148178 0.0197890 0.2888099 0.2684282 0.2529750 
taxon11    0.0903480 0.0777620 0.0508627 0.0611176 0.0350164 0.0247759 0.0505600 0.0458325 0.0297831 0.0246368 0.0296159 0.0000000 0.0246271 0.0247327 0.0296330 0.0247532 0.0297522 0.3018461 0.2813387 0.2657302 
taxon12    0.0849113 0.0777321 0.0457078 0.0559365 0.0299672 0.0197898 0.0454331 0.0406785 0.0348144 0.0196782 0.0246409 0.0246271 0.0000000 0.0197548 0.0246552 0.0197712 0.0247542 0.2817640 0.2748038 0.2592737 
taxon13    0.0852986 0.0780792 0.0459082 0.0561828 0.0198569 0.0198751 0.0351213 0.0408588 0.0247156 0.0197626 0.0247466 0.0247327 0.0197548 0.0000000 0.0247610 0.0098255 0.0147621 0.2736836 0.2535823 0.2384113 
taxon14    0.0796032 0.0725426 0.0406267 0.0508437 0.0350571 0.0248043 0.0403798 0.0355929 0.0298362 0.0147566 0.0197099 0.0296330 0.0246552 0.0247610 0.0000000 0.0148264 0.0198005 0.2890039 0.2686087 0.2531444 
taxon15    0.0744974 0.0675334 0.0356390 0.0458720 0.0198734 0.0198916 0.0250362 0.0305866 0.0147989 0.0098612 0.0148178 0.0247532 0.0197712 0.0098255 0.0148264 0.0000000 0.0049108 0.2680746 0.2479780 0.2328378 
taxon16    0.0799445 0.0728471 0.0407942 0.0510537 0.0248817 0.0249045 0.0200003 0.0357400 0.0197640 0.0148157 0.0197890 0.0297522 0.0247542 0.0147621 0.0198005 0.0049108 0.0000000 0.2747348 0.2545566 0.2393233 
taxon17    0.2414573 0.2511578 0.2460948 0.2553173 0.2799966 0.2802728 0.2655848 0.2821769 0.2885134 0.2821310 0.2888099 0.3018461 0.2817640 0.2736836 0.2890039 0.2680746 0.2747348 0.0000000 0.0300990 0.0299710 
taxon18    0.2361052 0.2457845 0.2395644 0.2487027 0.2598320 0.2600894 0.2589969 0.2618500 0.2681450 0.2618229 0.2684282 0.2813387 0.2748038 0.2535823 0.2686087 0.2479780 0.2545566 0.0300990 0.0000000 0.0200288 
taxon19    0.2381385 0.2433479 0.2416328 0.2547367 0.2445844 0.2448263 0.2437787 0.2464712 0.2527039 0.2464569 0.2529750 0.2657302 0.2592737 0.2384113 0.2531444 0.2328378 0.2393233 0.0299710 0.0200288 0.0000000 
