20
taxon0     0.0000000 0.0098636 0.0000010 0.0515204 0.0516322 0.0198516 0.0201444 0.0409161 0.0727172 0.0614132 0.0199105 0.2125843 0.1961641 0.2075729 0.2208679 0.2394852 0.2131311 0.2270344 0.2126639 0.2189744 
taxon1     0.0098636 0.0000000 0.0098636 0.0516205 0.0517322 0.0300042 0.0304394 0.0515297 0.0837548 0.0722074 0.0300941 0.2138272 0.1972867 0.2215704 0.2350656 0.2538764 0.2271468 0.2412933 0.2266537 0.2330406 
taxon2     0.0000010 0.0098636 0.0000000 0.0515204 0.0516322 0.0198516 0.0201444 0.0409161 0.0727172 0.0614132 0.0199105 0.2125843 0.1961641 0.2075729 0.2208679 0.2394852 0.2131311 0.2270344 0.2126639 0.2189744 
taxon3     0.0515204 0.0516205 0.0515204 0.0000000 0.0153090 0.0407965 0.0518754 0.0415953 0.0674189 0.0509111 0.0305470 0.2232051 0.2063270 0.1907640 0.1825844 0.2092823 0.2091011 0.1971749 0.1980727 0.2042921 
taxon4     0.0516322 0.0517322 0.0516322 0.0153090 0.0000000 0.0408899 0.0403271 0.0302977 0.0727019 0.0625322 0.0306210 0.2163361 0.1996387 0.2010252 0.2014613 0.2198759 0.2196852 0.2075650 0.2085186 0.2148511 
taxon5     0.0198516 0.0300042 0.0198516 0.0407965 0.0408899 0.0000000 0.0200021 0.0303781 0.0722012 0.0506535 0.0098536 0.1983221 0.1823531 0.2059868 0.2064331 0.2248374 0.2115108 0.2125317 0.2135039 0.2198371 
taxon6     0.0201444 0.0304394 0.0201444 0.0518754 0.0403271 0.0200021 0.0000000 0.0299534 0.0731804 0.0618163 0.0200619 0.2135269 0.1970651 0.2085094 0.2218263 0.2404641 0.2140727 0.2279999 0.2290441 0.2354712 
taxon7     0.0409161 0.0515297 0.0409161 0.0415953 0.0302977 0.0303781 0.0299534 0.0000000 0.0516617 0.0304582 0.0202214 0.2004105 0.1987797 0.1948261 0.1952486 0.2136537 0.2134669 0.2013503 0.2022791 0.2086032 
taxon8     0.0727172 0.0837548 0.0727172 0.0674189 0.0727019 0.0722012 0.0731804 0.0516617 0.0000000 0.0462664 0.0617789 0.2384473 0.2365350 0.1758978 0.1816270 0.1817379 0.1812981 0.1818161 0.1826388 0.1887366 
taxon9     0.0614132 0.0722074 0.0614132 0.0509111 0.0625322 0.0506535 0.0618163 0.0304582 0.0462664 0.0000000 0.0404505 0.2103256 0.2086358 0.2047631 0.1963593 0.2104050 0.2102225 0.1982537 0.1991590 0.2054021 
taxon10    0.0199105 0.0300941 0.0199105 0.0305470 0.0306210 0.0098536 0.0200619 0.0202214 0.0617789 0.0404505 0.0000000 0.1860866 0.1703882 0.1936867 0.1941056 0.2124623 0.2122767 0.2001908 0.2011127 0.2074192 
taxon11    0.2125843 0.2138272 0.2125843 0.2232051 0.2163361 0.1983221 0.2135269 0.2004105 0.2384473 0.2103256 0.1860866 0.0000000 0.0205686 0.0530017 0.0531016 0.0637870 0.0583406 0.0584398 0.0587027 0.0641176 
taxon12    0.1961641 0.1972867 0.1961641 0.2063270 0.1996387 0.1823531 0.1970651 0.1987797 0.2365350 0.2086358 0.1703882 0.0205686 0.0000000 0.0525852 0.0526836 0.0632875 0.0578833 0.0579810 0.0582399 0.0636131 
taxon13    0.2075729 0.2215704 0.2075729 0.1907640 0.2010252 0.2059868 0.2085094 0.1948261 0.1758978 0.2047631 0.1936867 0.0530017 0.0525852 0.0000000 0.0099723 0.0249941 0.0149335 0.0149705 0.0150353 0.0200750 
taxon14    0.2208679 0.2350656 0.2208679 0.1825844 0.2014613 0.2064331 0.2218263 0.1952486 0.1816270 0.1963593 0.1941056 0.0531016 0.0526836 0.0099723 0.0000000 0.0250383 0.0250161 0.0149969 0.0150622 0.0201111 
taxon15    0.2394852 0.2538764 0.2394852 0.2092823 0.2198759 0.2248374 0.2404641 0.2136537 0.1817379 0.2104050 0.2124623 0.0637870 0.0632875 0.0249941 0.0250383 0.0000000 0.0249275 0.0199443 0.0200310 0.0250740 
taxon16    0.2131311 0.2271468 0.2131311 0.2091011 0.2196852 0.2115108 0.2140727 0.2134669 0.1812981 0.2102225 0.2122767 0.0583406 0.0578833 0.0149335 0.0250161 0.0249275 0.0000000 0.0199266 0.0200131 0.0250517 
taxon17    0.2270344 0.2412933 0.2270344 0.1971749 0.2075650 0.2125317 0.2279999 0.2013503 0.1818161 0.1982537 0.2001908 0.0584398 0.0579810 0.0149705 0.0149969 0.0199443 0.0199266 0.0000000 0.0099982 0.0150181 
taxon18    0.2126639 0.2266537 0.2126639 0.1980727 0.2085186 0.2135039 0.2290441 0.2022791 0.1826388 0.1991590 0.2011127 0.0587027 0.0582399 0.0150353 0.0150622 0.0200310 0.0200131 0.0099982 0.0000000 0.0049573 
taxon19    0.2189744 0.2330406 0.2189744 0.2042921 0.2148511 0.2198371 0.2354712 0.2086032 0.1887366 0.2054021 0.2074192 0.0641176 0.0636131 0.0200750 0.0201111 0.0250740 0.0250517 0.0150181 0.0049573 0.0000000 
