20
taxon0     0.0000000 0.1490939 0.2255790 0.2056913 0.3746298 0.3098679 0.4544774 0.5248837 0.4708850 0.4910897 0.5119607 0.4831909 0.5494844 0.5770106 0.5977718 0.4916594 0.5101768 0.5101502 0.5259394 0.5232198 
taxon1     0.1490939 0.0000000 0.1576127 0.2226522 0.3550198 0.3238561 0.4465472 0.5045979 0.4563865 0.4551390 0.4730920 0.4469843 0.5285774 0.5755639 0.5919748 0.4814462 0.4628192 0.4583709 0.5131243 0.4714724 
taxon2     0.2255790 0.1576127 0.0000000 0.3038702 0.4525559 0.4150064 0.5017071 0.5765974 0.4976364 0.5630358 0.5425483 0.5204593 0.5699937 0.6023689 0.6168978 0.5203626 0.5071112 0.5169165 0.5632127 0.5411862 
taxon3     0.2056913 0.2226522 0.3038702 0.0000000 0.3024678 0.2602365 0.4204982 0.5250215 0.4914861 0.4362254 0.5098127 0.4436953 0.5164534 0.5227009 0.5613939 0.4625100 0.4721735 0.4697111 0.4799556 0.5059970 
taxon4     0.3746298 0.3550198 0.4525559 0.3024678 0.0000000 0.1566191 0.4368050 0.5588975 0.5179166 0.5073362 0.5342259 0.4611628 0.5657195 0.5993386 0.6225416 0.4877867 0.4924542 0.4916296 0.5238709 0.5530563 
taxon5     0.3098679 0.3238561 0.4150064 0.2602365 0.1566191 0.0000000 0.3890418 0.5189086 0.5051801 0.4621838 0.5054100 0.4448697 0.5152482 0.5230855 0.5580169 0.4414673 0.4757881 0.4623566 0.4952515 0.5124983 
taxon6     0.4544774 0.4465472 0.5017071 0.4204982 0.4368050 0.3890418 0.0000000 0.2663976 0.2225716 0.3620841 0.3667478 0.3555810 0.4676265 0.4650130 0.4803154 0.3538262 0.3367787 0.3781161 0.4259257 0.4249400 
taxon7     0.5248837 0.5045979 0.5765974 0.5250215 0.5588975 0.5189086 0.2663976 0.0000000 0.2110299 0.4406004 0.3702968 0.3960422 0.5043578 0.5163533 0.5171022 0.4557009 0.4176734 0.4544546 0.4969756 0.5035046 
taxon8     0.4708850 0.4563865 0.4976364 0.4914861 0.5179166 0.5051801 0.2225716 0.2110299 0.0000000 0.3946649 0.3861162 0.4070921 0.5227965 0.5232185 0.5280426 0.4144745 0.3931299 0.4276489 0.4537759 0.4518610 
taxon9     0.4910897 0.4551390 0.5630358 0.4362254 0.5073362 0.4621838 0.3620841 0.4406004 0.3946649 0.0000000 0.2599046 0.2494228 0.3946169 0.4215469 0.4269476 0.3126276 0.2833752 0.2815283 0.3004782 0.3447534 
taxon10    0.5119607 0.4730920 0.5425483 0.5098127 0.5342259 0.5054100 0.3667478 0.3702968 0.3861162 0.2599046 0.0000000 0.1409353 0.2861940 0.3249061 0.3534206 0.3224600 0.2870468 0.3277790 0.3390985 0.3571821 
taxon11    0.4831909 0.4469843 0.5204593 0.4436953 0.4611628 0.4448697 0.3555810 0.3960422 0.4070921 0.2494228 0.1409353 0.0000000 0.1643446 0.2194472 0.2288295 0.3082668 0.2926544 0.2943792 0.3312347 0.3397453 
taxon12    0.5494844 0.5285774 0.5699937 0.5164534 0.5657195 0.5152482 0.4676265 0.5043578 0.5227965 0.3946169 0.2861940 0.1643446 0.0000000 0.1822539 0.1969176 0.4374221 0.4220384 0.4039891 0.4319530 0.4452012 
taxon13    0.5770106 0.5755639 0.6023689 0.5227009 0.5993386 0.5230855 0.4650130 0.5163533 0.5232185 0.4215469 0.3249061 0.2194472 0.1822539 0.0000000 0.1478995 0.4662595 0.4487542 0.4331952 0.4519624 0.4508527 
taxon14    0.5977718 0.5919748 0.6168978 0.5613939 0.6225416 0.5580169 0.4803154 0.5171022 0.5280426 0.4269476 0.3534206 0.2288295 0.1969176 0.1478995 0.0000000 0.4831206 0.4626640 0.4386469 0.4675032 0.4773929 
taxon15    0.4916594 0.4814462 0.5203626 0.4625100 0.4877867 0.4414673 0.3538262 0.4557009 0.4144745 0.3126276 0.3224600 0.3082668 0.4374221 0.4662595 0.4831206 0.0000000 0.2044036 0.2304430 0.2911862 0.3009407 
taxon16    0.5101768 0.4628192 0.5071112 0.4721735 0.4924542 0.4757881 0.3367787 0.4176734 0.3931299 0.2833752 0.2870468 0.2926544 0.4220384 0.4487542 0.4626640 0.2044036 0.0000000 0.2079927 0.2436592 0.2624293 
taxon17    0.5101502 0.4583709 0.5169165 0.4697111 0.4916296 0.4623566 0.3781161 0.4544546 0.4276489 0.2815283 0.3277790 0.2943792 0.4039891 0.4331952 0.4386469 0.2304430 0.2079927 0.0000000 0.1578815 0.1692610 
taxon18    0.5259394 0.5131243 0.5632127 0.4799556 0.5238709 0.4952515 0.4259257 0.4969756 0.4537759 0.3004782 0.3390985 0.3312347 0.4319530 0.4519624 0.4675032 0.2911862 0.2436592 0.1578815 0.0000000 0.1611625 
taxon19    0.5232198 0.4714724 0.5411862 0.5059970 0.5530563 0.5124983 0.4249400 0.5035046 0.4518610 0.3447534 0.3571821 0.3397453 0.4452012 0.4508527 0.4773929 0.3009407 0.2624293 0.1692610 0.1611625 0.0000000 
