20
taxon0     0.0000000 0.2066428 0.3306749 0.3886639 0.3951092 0.6169776 0.6136634 0.7389235 0.6848723 0.7234489 0.6041360 0.6017046 0.6011689 0.6523764 0.6298725 0.6545416 0.6537377 0.5527011 0.5918803 0.6482947 
taxon1     0.2066428 0.0000000 0.3362312 0.3734312 0.4104431 0.6508676 0.6338504 0.7674874 0.7438025 0.7284601 0.5873023 0.6002936 0.5889455 0.6405010 0.6217929 0.6408935 0.6753196 0.5812640 0.6177718 0.6994614 
taxon2     0.3306749 0.3362312 0.0000000 0.2226410 0.2149883 0.6108994 0.5860587 0.7077406 0.6784980 0.7022996 0.5405259 0.6091279 0.6125744 0.6443511 0.6354589 0.6310635 0.6178645 0.5684211 0.5241109 0.6085629 
taxon3     0.3886639 0.3734312 0.2226410 0.0000000 0.1618136 0.6778719 0.6321011 0.7493026 0.7028017 0.7381842 0.5398147 0.5770512 0.5778111 0.6398872 0.6433930 0.6516330 0.6157911 0.6011858 0.5832642 0.6217565 
taxon4     0.3951092 0.4104431 0.2149883 0.1618136 0.0000000 0.6642705 0.6565499 0.7815831 0.7344575 0.7735824 0.5468659 0.5973519 0.6191150 0.6374201 0.6434605 0.6619566 0.6272639 0.6109393 0.5804218 0.6727690 
taxon5     0.6169776 0.6508676 0.6108994 0.6778719 0.6642705 0.0000000 0.2089688 0.3414619 0.3461975 0.4044098 0.3586060 0.4165509 0.4155907 0.4399230 0.3998575 0.4255598 0.5242359 0.4551573 0.4788576 0.5779692 
taxon6     0.6136634 0.6338504 0.5860587 0.6321011 0.6565499 0.2089688 0.0000000 0.2045019 0.2150225 0.2283931 0.3694385 0.4292868 0.4254405 0.4544779 0.3960769 0.4316470 0.5101443 0.5044408 0.4937787 0.5773236 
taxon7     0.7389235 0.7674874 0.7077406 0.7493026 0.7815831 0.3414619 0.2045019 0.0000000 0.1392566 0.1493355 0.4740774 0.5405276 0.5652118 0.5371581 0.4879657 0.5474485 0.6565399 0.6566709 0.6633559 0.7574789 
taxon8     0.6848723 0.7438025 0.6784980 0.7028017 0.7344575 0.3461975 0.2150225 0.1392566 0.0000000 0.1548129 0.4484781 0.4806149 0.5121137 0.4788171 0.4580454 0.4691394 0.6320479 0.6143956 0.6180020 0.6984495 
taxon9     0.7234489 0.7284601 0.7022996 0.7381842 0.7735824 0.4044098 0.2283931 0.1493355 0.1548129 0.0000000 0.4745875 0.5419053 0.5405459 0.5452461 0.5106683 0.5472398 0.6784249 0.6714305 0.6635610 0.7137071 
taxon10    0.6041360 0.5873023 0.5405259 0.5398147 0.5468659 0.3586060 0.3694385 0.4740774 0.4484781 0.4745875 0.0000000 0.2256894 0.2097408 0.3019351 0.2923921 0.2870437 0.4587508 0.4006316 0.3758086 0.4742797 
taxon11    0.6017046 0.6002936 0.6091279 0.5770512 0.5973519 0.4165509 0.4292868 0.5405276 0.4806149 0.5419053 0.2256894 0.0000000 0.1933778 0.3859154 0.3807107 0.3296250 0.5250976 0.5391829 0.5402297 0.6193445 
taxon12    0.6011689 0.5889455 0.6125744 0.5778111 0.6191150 0.4155907 0.4254405 0.5652118 0.5121137 0.5405459 0.2097408 0.1933778 0.0000000 0.3504411 0.3461124 0.3312815 0.5088512 0.5066667 0.4948295 0.5757180 
taxon13    0.6523764 0.6405010 0.6443511 0.6398872 0.6374201 0.4399230 0.4544779 0.5371581 0.4788171 0.5452461 0.3019351 0.3859154 0.3504411 0.0000000 0.0621846 0.1996099 0.5364104 0.4664470 0.4855809 0.5271067 
taxon14    0.6298725 0.6217929 0.6354589 0.6433930 0.6434605 0.3998575 0.3960769 0.4879657 0.4580454 0.5106683 0.2923921 0.3807107 0.3461124 0.0621846 0.0000000 0.1936072 0.5206163 0.4538664 0.4674134 0.5133686 
taxon15    0.6545416 0.6408935 0.6310635 0.6516330 0.6619566 0.4255598 0.4316470 0.5474485 0.4691394 0.5472398 0.2870437 0.3296250 0.3312815 0.1996099 0.1936072 0.0000000 0.5071420 0.4902718 0.5164779 0.5815578 
taxon16    0.6537377 0.6753196 0.6178645 0.6157911 0.6272639 0.5242359 0.5101443 0.6565399 0.6320479 0.6784249 0.4587508 0.5250976 0.5088512 0.5364104 0.5206163 0.5071420 0.0000000 0.2983491 0.2960752 0.3416335 
taxon17    0.5527011 0.5812640 0.5684211 0.6011858 0.6109393 0.4551573 0.5044408 0.6566709 0.6143956 0.6714305 0.4006316 0.5391829 0.5066667 0.4664470 0.4538664 0.4902718 0.2983491 0.0000000 0.2132005 0.2854209 
taxon18    0.5918803 0.6177718 0.5241109 0.5832642 0.5804218 0.4788576 0.4937787 0.6633559 0.6180020 0.6635610 0.3758086 0.5402297 0.4948295 0.4855809 0.4674134 0.5164779 0.2960752 0.2132005 0.0000000 0.1615296 
taxon19    0.6482947 0.6994614 0.6085629 0.6217565 0.6727690 0.5779692 0.5773236 0.7574789 0.6984495 0.7137071 0.4742797 0.6193445 0.5757180 0.5271067 0.5133686 0.5815578 0.3416335 0.2854209 0.1615296 0.0000000 
