20
taxon0     0.0000000 0.0247565 0.1610711 0.1148496 0.2112077 0.2663280 0.2208760 0.2412849 0.3631953 0.3446827 0.3833421 0.3927137 0.3408897 0.3693043 0.3459439 0.3626032 0.3979219 0.3529092 0.3896811 0.3666294 
taxon1     0.0247565 0.0000000 0.1297909 0.0917730 0.2177131 0.2428900 0.2133444 0.2402479 0.3781657 0.3338684 0.3799003 0.3891805 0.3146050 0.3417570 0.3294462 0.3280541 0.3617570 0.3437423 0.3799067 0.3571666 
taxon2     0.1610711 0.1297909 0.0000000 0.1012212 0.2790079 0.2321362 0.2812555 0.3034275 0.4320498 0.3840852 0.4194549 0.4270695 0.3400347 0.3686484 0.3748812 0.3773116 0.4043749 0.3502869 0.4070581 0.3779513 
taxon3     0.1148496 0.0917730 0.1012212 0.0000000 0.2623522 0.2222836 0.2531063 0.2587933 0.4239761 0.3768440 0.4058197 0.4200910 0.3477511 0.3763402 0.3520041 0.3610557 0.3908991 0.3715554 0.4092815 0.3731662 
taxon4     0.2112077 0.2177131 0.2790079 0.2623522 0.0000000 0.1562578 0.1443038 0.1508606 0.3528128 0.3343706 0.3779337 0.4032117 0.3305687 0.3742401 0.3513398 0.3791141 0.4026338 0.3576202 0.3769091 0.3848869 
taxon5     0.2663280 0.2428900 0.2321362 0.2222836 0.1562578 0.0000000 0.1856473 0.1924452 0.4169407 0.3773882 0.4240136 0.4485129 0.3364308 0.3656143 0.3662715 0.3625671 0.3808264 0.3843592 0.4269786 0.4311219 
taxon6     0.2208760 0.2133444 0.2812555 0.2531063 0.1443038 0.1856473 0.0000000 0.0355427 0.3754195 0.3567278 0.3910530 0.4110135 0.3515222 0.3806981 0.3269562 0.3767164 0.3978940 0.3549231 0.3957185 0.3811186 
taxon7     0.2412849 0.2402479 0.3034275 0.2587933 0.1508606 0.1924452 0.0355427 0.0000000 0.3918975 0.3727932 0.4077083 0.4281848 0.3752177 0.4052873 0.3503796 0.4017079 0.4233218 0.3791522 0.4209615 0.4060469 
taxon8     0.3631953 0.3781657 0.4320498 0.4239761 0.3528128 0.4169407 0.3754195 0.3918975 0.0000000 0.0308528 0.0633154 0.0960250 0.0744022 0.0975759 0.1449313 0.1472405 0.1793796 0.1148334 0.1484400 0.1394857 
taxon9     0.3446827 0.3338684 0.3840852 0.3768440 0.3343706 0.3773882 0.3567278 0.3727932 0.0308528 0.0000000 0.0410372 0.0726153 0.0516646 0.0798883 0.1333122 0.1282976 0.1536178 0.1035580 0.1365833 0.1278888 
taxon10    0.3833421 0.3799003 0.4194549 0.4058197 0.3779337 0.4240136 0.3910530 0.4077083 0.0633154 0.0410372 0.0000000 0.0734886 0.0688286 0.0912490 0.1349779 0.1414393 0.1616773 0.1226254 0.1571320 0.1403448 
taxon11    0.3927137 0.3891805 0.4270695 0.4200910 0.4032117 0.4485129 0.4110135 0.4281848 0.0960250 0.0726153 0.0734886 0.0000000 0.1016875 0.1323446 0.1585239 0.1651277 0.1785477 0.1464016 0.1765606 0.1668468 
taxon12    0.3408897 0.3146050 0.3400347 0.3477511 0.3305687 0.3364308 0.3515222 0.3752177 0.0744022 0.0516646 0.0688286 0.1016875 0.0000000 0.0254257 0.0974076 0.0962883 0.1218678 0.0908543 0.1227920 0.1145090 
taxon13    0.3693043 0.3417570 0.3686484 0.3763402 0.3742401 0.3656143 0.3806981 0.4052873 0.0975759 0.0798883 0.0912490 0.1323446 0.0254257 0.0000000 0.1167586 0.1154070 0.1355736 0.1098400 0.1477466 0.1344648 
taxon14    0.3459439 0.3294462 0.3748812 0.3520041 0.3513398 0.3662715 0.3269562 0.3503796 0.1449313 0.1333122 0.1349779 0.1585239 0.0974076 0.1167586 0.0000000 0.0363337 0.0645354 0.0635365 0.0970022 0.0869175 
taxon15    0.3626032 0.3280541 0.3773116 0.3610557 0.3791141 0.3625671 0.3767164 0.4017079 0.1472405 0.1282976 0.1414393 0.1651277 0.0962883 0.1154070 0.0363337 0.0000000 0.0527455 0.0859468 0.1091191 0.0989935 
taxon16    0.3979219 0.3617570 0.4043749 0.3908991 0.4026338 0.3808264 0.3978940 0.4233218 0.1793796 0.1536178 0.1616773 0.1785477 0.1218678 0.1355736 0.0645354 0.0527455 0.0000000 0.1046495 0.1286040 0.1183876 
taxon17    0.3529092 0.3437423 0.3502869 0.3715554 0.3576202 0.3843592 0.3549231 0.3791522 0.1148334 0.1035580 0.1226254 0.1464016 0.0908543 0.1098400 0.0635365 0.0859468 0.1046495 0.0000000 0.0419235 0.0309901 
taxon18    0.3896811 0.3799067 0.4070581 0.4092815 0.3769091 0.4269786 0.3957185 0.4209615 0.1484400 0.1365833 0.1571320 0.1765606 0.1227920 0.1477466 0.0970022 0.1091191 0.1286040 0.0419235 0.0000000 0.0529410 
taxon19    0.3666294 0.3571666 0.3779513 0.3731662 0.3848869 0.4311219 0.3811186 0.4060469 0.1394857 0.1278888 0.1403448 0.1668468 0.1145090 0.1344648 0.0869175 0.0989935 0.1183876 0.0309901 0.0529410 0.0000000 
