20
taxon0     0.0000000 0.1984451 0.3427984 0.2631547 0.3304438 0.4170866 0.3865030 0.3837653 0.3132667 0.2655905 0.3345474 0.3287702 0.3280146 0.3840827 0.5397628 0.4628371 0.4390279 0.4568909 0.5177620 0.4978449 
taxon1     0.1984451 0.0000000 0.3785528 0.2341961 0.3389213 0.3456826 0.3343769 0.3346480 0.3841215 0.3156060 0.3873429 0.3516952 0.3347013 0.3717590 0.5431192 0.4754943 0.4339018 0.4660999 0.4701289 0.5074379 
taxon2     0.3427984 0.3785528 0.0000000 0.2421466 0.3400559 0.4204745 0.4046883 0.4091971 0.3178284 0.3676416 0.3342920 0.3599813 0.3273697 0.3791749 0.6986158 0.5758238 0.6168275 0.5518154 0.6068008 0.5569825 
taxon3     0.2631547 0.2341961 0.2421466 0.0000000 0.3250491 0.3650490 0.4021555 0.3671955 0.3173730 0.3008569 0.3293640 0.3181976 0.3180900 0.3541676 0.5175047 0.4761477 0.4777023 0.5149836 0.5135130 0.5268978 
taxon4     0.3304438 0.3389213 0.3400559 0.3250491 0.0000000 0.2910372 0.2763410 0.2410441 0.2618206 0.2912499 0.2628261 0.2722137 0.3024265 0.3437974 0.5773829 0.5305600 0.5134875 0.4767837 0.4862745 0.5184385 
taxon5     0.4170866 0.3456826 0.4204745 0.3650490 0.2910372 0.0000000 0.2693458 0.2257361 0.3537976 0.3535822 0.3937637 0.3740333 0.3490420 0.4031231 0.5764624 0.5503515 0.5479928 0.5051701 0.4891958 0.4507729 
taxon6     0.3865030 0.3343769 0.4046883 0.4021555 0.2763410 0.2693458 0.0000000 0.1671020 0.3626919 0.3630260 0.3944604 0.3655867 0.4145876 0.3784492 0.6581984 0.5591914 0.5452545 0.4973948 0.5322350 0.4951772 
taxon7     0.3837653 0.3346480 0.4091971 0.3671955 0.2410441 0.2257361 0.1671020 0.0000000 0.3632491 0.3768889 0.4109174 0.3467294 0.4149173 0.4251244 0.6054161 0.5997113 0.5577556 0.5265996 0.5478358 0.5376344 
taxon8     0.3132667 0.3841215 0.3178284 0.3173730 0.2618206 0.3537976 0.3626919 0.3632491 0.0000000 0.1755100 0.1717756 0.1498956 0.1538038 0.2203772 0.5996639 0.5013759 0.5153244 0.5257781 0.5176447 0.5145936 
taxon9     0.2655905 0.3156060 0.3676416 0.3008569 0.2912499 0.3535822 0.3630260 0.3768889 0.1755100 0.0000000 0.1890426 0.1807584 0.2139159 0.2400427 0.5435224 0.4390707 0.4537643 0.4868696 0.5472402 0.4892621 
taxon10    0.3345474 0.3873429 0.3342920 0.3293640 0.2628261 0.3937637 0.3944604 0.4109174 0.1717756 0.1890426 0.0000000 0.1791539 0.1989450 0.2887569 0.5791796 0.5438529 0.5667534 0.5253278 0.5645917 0.5414120 
taxon11    0.3287702 0.3516952 0.3599813 0.3181976 0.2722137 0.3740333 0.3655867 0.3467294 0.1498956 0.1807584 0.1791539 0.0000000 0.1625019 0.2588638 0.5580793 0.4587937 0.4824680 0.4749430 0.5043242 0.4965968 
taxon12    0.3280146 0.3347013 0.3273697 0.3180900 0.3024265 0.3490420 0.4145876 0.4149173 0.1538038 0.2139159 0.1989450 0.1625019 0.0000000 0.2319788 0.6190745 0.5198654 0.5523182 0.5285639 0.5238239 0.5156526 
taxon13    0.3840827 0.3717590 0.3791749 0.3541676 0.3437974 0.4031231 0.3784492 0.4251244 0.2203772 0.2400427 0.2887569 0.2588638 0.2319788 0.0000000 0.6228592 0.5293723 0.5532746 0.5559252 0.5860314 0.5709707 
taxon14    0.5397628 0.5431192 0.6986158 0.5175047 0.5773829 0.5764624 0.6581984 0.6054161 0.5996639 0.5435224 0.5791796 0.5580793 0.6190745 0.6228592 0.0000000 0.2161351 0.1909207 0.3265617 0.3139898 0.3194484 
taxon15    0.4628371 0.4754943 0.5758238 0.4761477 0.5305600 0.5503515 0.5591914 0.5997113 0.5013759 0.4390707 0.5438529 0.4587937 0.5198654 0.5293723 0.2161351 0.0000000 0.1267293 0.2354676 0.2814137 0.2615075 
taxon16    0.4390279 0.4339018 0.6168275 0.4777023 0.5134875 0.5479928 0.5452545 0.5577556 0.5153244 0.4537643 0.5667534 0.4824680 0.5523182 0.5532746 0.1909207 0.1267293 0.0000000 0.1852271 0.2221280 0.1984119 
taxon17    0.4568909 0.4660999 0.5518154 0.5149836 0.4767837 0.5051701 0.4973948 0.5265996 0.5257781 0.4868696 0.5253278 0.4749430 0.5285639 0.5559252 0.3265617 0.2354676 0.1852271 0.0000000 0.2371540 0.2060802 
taxon18    0.5177620 0.4701289 0.6068008 0.5135130 0.4862745 0.4891958 0.5322350 0.5478358 0.5176447 0.5472402 0.5645917 0.5043242 0.5238239 0.5860314 0.3139898 0.2814137 0.2221280 0.2371540 0.0000000 0.1683017 
taxon19    0.4978449 0.5074379 0.5569825 0.5268978 0.5184385 0.4507729 0.4951772 0.5376344 0.5145936 0.4892621 0.5414120 0.4965968 0.5156526 0.5709707 0.3194484 0.2615075 0.1984119 0.2060802 0.1683017 0.0000000 
