20
taxon0     0.0000000 0.0625256 0.0638347 0.0530107 0.0597369 0.1354531 0.1571170 0.2247776 0.2108453 0.3720322 0.3412917 0.3557034 0.3457860 0.4118933 0.4160589 0.4070108 0.2953969 0.3126200 0.3100183 0.2843296 
taxon1     0.0625256 0.0000000 0.1010974 0.0900637 0.1032539 0.1508158 0.1717801 0.2452707 0.2312832 0.3792452 0.3620132 0.3385151 0.3507266 0.4034035 0.4167033 0.4076702 0.3180626 0.3251274 0.3133309 0.2932411 
taxon2     0.0638347 0.1010974 0.0000000 0.0098858 0.0253839 0.1273092 0.1415484 0.2136780 0.2000509 0.3694607 0.3437846 0.3656509 0.3556590 0.4221253 0.4262513 0.4171509 0.2906601 0.3059883 0.3088338 0.2780166 
taxon3     0.0530107 0.0900637 0.0098858 0.0000000 0.0309697 0.1273993 0.1416510 0.2138420 0.2002031 0.3697832 0.3440785 0.3659672 0.3559631 0.4225084 0.4266372 0.4175255 0.2908959 0.3062399 0.3090899 0.2782405 
taxon4     0.0597369 0.1032539 0.0253839 0.0309697 0.0000000 0.1419892 0.1568776 0.2179056 0.2040556 0.3762545 0.3430167 0.3723431 0.3621671 0.4297488 0.4338967 0.4246440 0.3037210 0.3117046 0.3146303 0.2832890 
taxon5     0.1354531 0.1508158 0.1273092 0.1273993 0.1419892 0.0000000 0.0752586 0.1638455 0.1330130 0.3789620 0.3824840 0.3922053 0.3811105 0.4388678 0.4664449 0.4568809 0.2951800 0.3245964 0.3249271 0.2850803 
taxon6     0.1571170 0.1717801 0.1415484 0.1416510 0.1568776 0.0752586 0.0000000 0.1334586 0.1030212 0.4131777 0.4222370 0.4210810 0.4072276 0.4459977 0.4700090 0.4603097 0.3293638 0.3272731 0.3428446 0.3015108 
taxon7     0.2247776 0.2452707 0.2136780 0.2138420 0.2179056 0.1638455 0.1334586 0.0000000 0.0689541 0.4436142 0.4251904 0.4374905 0.4184848 0.4440239 0.4684238 0.4560918 0.3619863 0.3493787 0.3497802 0.3223710 
taxon8     0.2108453 0.2312832 0.2000509 0.2002031 0.2040556 0.1330130 0.1030212 0.0689541 0.0000000 0.4508404 0.4425716 0.4180729 0.4174680 0.4411278 0.4719073 0.4759892 0.3627975 0.3710592 0.3647676 0.3286911 
taxon9     0.3720322 0.3792452 0.3694607 0.3697832 0.3762545 0.3789620 0.4131777 0.4436142 0.4508404 0.0000000 0.1127518 0.1913125 0.1840341 0.2122702 0.2303927 0.2216876 0.1855712 0.2191366 0.2402125 0.2219769 
taxon10    0.3412917 0.3620132 0.3437846 0.3440785 0.3430167 0.3824840 0.4222370 0.4251904 0.4425716 0.1127518 0.0000000 0.1319874 0.1130739 0.1557916 0.1746455 0.1599147 0.1701066 0.2087458 0.2164858 0.2051251 
taxon11    0.3557034 0.3385151 0.3656509 0.3659672 0.3723431 0.3922053 0.4210810 0.4374905 0.4180729 0.1913125 0.1319874 0.0000000 0.0663696 0.0780622 0.1045935 0.1121381 0.2304942 0.2508772 0.2371800 0.2308856 
taxon12    0.3457860 0.3507266 0.3556590 0.3559631 0.3621671 0.3811105 0.4072276 0.4184848 0.4174680 0.1840341 0.1130739 0.0663696 0.0000000 0.0556459 0.0768931 0.0771105 0.2119739 0.2191755 0.2300100 0.2156514 
taxon13    0.4118933 0.4034035 0.4221253 0.4225084 0.4297488 0.4388678 0.4459977 0.4440239 0.4411278 0.2122702 0.1557916 0.0780622 0.0556459 0.0000000 0.0611169 0.0670447 0.2367200 0.2445853 0.2603909 0.2539138 
taxon14    0.4160589 0.4167033 0.4262513 0.4266372 0.4338967 0.4664449 0.4700090 0.4684238 0.4719073 0.2303927 0.1746455 0.1045935 0.0768931 0.0611169 0.0000000 0.0196366 0.2558657 0.2520798 0.2668786 0.2684284 
taxon15    0.4070108 0.4076702 0.4171509 0.4175255 0.4246440 0.4568809 0.4603097 0.4560918 0.4759892 0.2216876 0.1599147 0.1121381 0.0771105 0.0670447 0.0196366 0.0000000 0.2416581 0.2377924 0.2523247 0.2537889 
taxon16    0.2953969 0.3180626 0.2906601 0.2908959 0.3037210 0.2951800 0.3293638 0.3619863 0.3627975 0.1855712 0.1701066 0.2304942 0.2119739 0.2367200 0.2558657 0.2416581 0.0000000 0.0507622 0.0626502 0.0516575 
taxon17    0.3126200 0.3251274 0.3059883 0.3062399 0.3117046 0.3245964 0.3272731 0.3493787 0.3710592 0.2191366 0.2087458 0.2508772 0.2191755 0.2445853 0.2520798 0.2377924 0.0507622 0.0000000 0.0467212 0.0359520 
taxon18    0.3100183 0.3133309 0.3088338 0.3090899 0.3146303 0.3249271 0.3428446 0.3497802 0.3647676 0.2402125 0.2164858 0.2371800 0.2300100 0.2603909 0.2668786 0.2523247 0.0626502 0.0467212 0.0000000 0.0309733 
taxon19    0.2843296 0.2932411 0.2780166 0.2782405 0.2832890 0.2850803 0.3015108 0.3223710 0.3286911 0.2219769 0.2051251 0.2308856 0.2156514 0.2539138 0.2684284 0.2537889 0.0516575 0.0359520 0.0309733 0.0000000 
