20
taxon0     0.0000000 0.0097692 0.0097792 0.0098087 0.0454634 0.0709363 0.1556688 0.1575875 0.1582458 0.1553215 0.2112199 0.1673301 0.1788287 0.1606312 0.1608614 0.1681701 0.1606312 0.1796019 0.1812139 0.1728408 
taxon1     0.0097692 0.0000000 0.0196590 0.0147615 0.0558504 0.0814931 0.1624632 0.1644537 0.1651256 0.1620995 0.2186243 0.1621771 0.1736777 0.1554971 0.1557202 0.1629996 0.1554971 0.1825902 0.1842411 0.1757390 
taxon2     0.0097792 0.0196590 0.0000000 0.0097816 0.0456536 0.0712350 0.1609063 0.1628692 0.1635343 0.1605484 0.2166270 0.1725899 0.1841176 0.1658552 0.1660933 0.1734497 0.1658552 0.1849016 0.1865523 0.1781022 
taxon3     0.0098087 0.0147615 0.0097816 0.0000000 0.0560831 0.0818322 0.1627136 0.1647094 0.1653827 0.1623489 0.2189739 0.1745100 0.1861492 0.1677026 0.1679456 0.1753846 0.1677026 0.1869439 0.1886234 0.1800713 
taxon4     0.0454634 0.0558504 0.0456536 0.0560831 0.0000000 0.0341671 0.1428680 0.1448281 0.1437203 0.1425497 0.1975851 0.1543722 0.1714134 0.1478192 0.1592815 0.1596466 0.1478192 0.1848590 0.1928649 0.1790285 
taxon5     0.0709363 0.0814931 0.0712350 0.0818322 0.0341671 0.0000000 0.1645208 0.1605760 0.1654549 0.1641589 0.2198785 0.1761184 0.1891660 0.1694176 0.1809593 0.1813853 0.1694176 0.2012268 0.2099735 0.1959131 
taxon6     0.1556688 0.1624632 0.1609063 0.1627136 0.1428680 0.1645208 0.0000000 0.0242990 0.0048439 0.0048333 0.0495242 0.0145908 0.0445806 0.0145977 0.0244108 0.0244528 0.0145977 0.0498638 0.0595576 0.0544017 
taxon7     0.1575875 0.1644537 0.1628692 0.1647094 0.1448281 0.1605760 0.0242990 0.0000000 0.0243303 0.0292468 0.0749174 0.0392429 0.0699532 0.0392613 0.0492412 0.0493298 0.0392613 0.0696945 0.0805777 0.0752740 
taxon8     0.1582458 0.1651256 0.1635343 0.1653827 0.1437203 0.1654549 0.0048439 0.0243303 0.0000000 0.0097169 0.0547622 0.0195561 0.0497964 0.0195653 0.0294462 0.0294976 0.0195653 0.0551380 0.0648634 0.0596615 
taxon9     0.1553215 0.1620995 0.1605484 0.1623489 0.1425497 0.1641589 0.0048333 0.0292468 0.0097169 0.0000000 0.0546419 0.0195133 0.0496867 0.0195225 0.0293818 0.0294330 0.0195225 0.0550161 0.0647210 0.0595307 
taxon10    0.2112199 0.2186243 0.2166270 0.2189739 0.1975851 0.2198785 0.0495242 0.0749174 0.0547622 0.0546419 0.0000000 0.0649898 0.0967639 0.0650204 0.0752728 0.0754156 0.0650204 0.1024725 0.1122739 0.1067829 
taxon11    0.1673301 0.1621771 0.1725899 0.1745100 0.1543722 0.1761184 0.0145908 0.0392429 0.0195561 0.0195133 0.0649898 0.0000000 0.0448360 0.0097160 0.0194971 0.0145998 0.0097160 0.0506936 0.0605115 0.0552859 
taxon12    0.1788287 0.1736777 0.1841176 0.1861492 0.1714134 0.1891660 0.0445806 0.0699532 0.0497964 0.0496867 0.0967639 0.0448360 0.0000000 0.0346747 0.0397151 0.0448116 0.0346747 0.0671954 0.0771396 0.0717547 
taxon13    0.1606312 0.1554971 0.1658552 0.1677026 0.1478192 0.1694176 0.0145977 0.0392613 0.0195653 0.0195225 0.0650204 0.0097160 0.0346747 0.0000000 0.0096941 0.0097103 0.0000010 0.0507179 0.0605402 0.0553121 
taxon14    0.1608614 0.1557202 0.1660933 0.1679456 0.1592815 0.1809593 0.0244108 0.0492412 0.0294462 0.0293818 0.0752728 0.0194971 0.0397151 0.0096941 0.0000000 0.0194860 0.0096941 0.0507828 0.0606175 0.0553824 
taxon15    0.1681701 0.1629996 0.1734497 0.1753846 0.1596466 0.1813853 0.0244528 0.0493298 0.0294976 0.0294330 0.0754156 0.0145998 0.0448116 0.0097103 0.0194860 0.0000000 0.0097103 0.0611415 0.0660809 0.0656810 
taxon16    0.1606312 0.1554971 0.1658552 0.1677026 0.1478192 0.1694176 0.0145977 0.0392613 0.0195653 0.0195225 0.0650204 0.0097160 0.0346747 0.0000010 0.0096941 0.0097103 0.0000000 0.0507179 0.0605402 0.0553121 
taxon17    0.1796019 0.1825902 0.1849016 0.1869439 0.1848590 0.2012268 0.0498638 0.0696945 0.0551380 0.0550161 0.1024725 0.0506936 0.0671954 0.0507179 0.0507828 0.0611415 0.0507179 0.0000000 0.0147278 0.0097850 
taxon18    0.1812139 0.1842411 0.1865523 0.1886234 0.1928649 0.2099735 0.0595576 0.0805777 0.0648634 0.0647210 0.1122739 0.0605115 0.0771396 0.0605402 0.0606175 0.0660809 0.0605402 0.0147278 0.0000000 0.0098071 
taxon19    0.1728408 0.1757390 0.1781022 0.1800713 0.1790285 0.1959131 0.0544017 0.0752740 0.0596615 0.0595307 0.1067829 0.0552859 0.0717547 0.0553121 0.0553824 0.0656810 0.0553121 0.0097850 0.0098071 0.0000000 
