20
taxon0     0.0000000 0.0000010 0.0100463 0.0150947 0.0100463 0.1538367 0.1538367 0.1456213 0.1460247 0.1398726 0.1526927 0.1457837 0.1582994 0.1582001 0.1515543 0.1450093 0.1515421 0.1578598 0.1511144 0.1511144 
taxon1     0.0000010 0.0000000 0.0100463 0.0150947 0.0100463 0.1538367 0.1538367 0.1456213 0.1460247 0.1398726 0.1526927 0.1457837 0.1582994 0.1582001 0.1515543 0.1450093 0.1515421 0.1578598 0.1511144 0.1511144 
taxon2     0.0100463 0.0100463 0.0000000 0.0049596 0.0000010 0.1672943 0.1672943 0.1588076 0.1592522 0.1530099 0.1660768 0.1590043 0.1717225 0.1716123 0.1648229 0.1581504 0.1648145 0.1712360 0.1643437 0.1643437 
taxon3     0.0150947 0.0150947 0.0049596 0.0000000 0.0049596 0.1672222 0.1672222 0.1587405 0.1591847 0.1529454 0.1660056 0.1589369 0.1716487 0.1715386 0.1647528 0.1580838 0.1647444 0.1711626 0.1642741 0.1642741 
taxon4     0.0100463 0.0100463 0.0000010 0.0049596 0.0000000 0.1672943 0.1672943 0.1588076 0.1592522 0.1530099 0.1660768 0.1590043 0.1717225 0.1716123 0.1648229 0.1581504 0.1648145 0.1712360 0.1643437 0.1643437 
taxon5     0.1538367 0.1538367 0.1672943 0.1672222 0.1672943 0.0000000 0.0000010 0.0152083 0.0152455 0.0203867 0.0523536 0.0527210 0.0528847 0.0581058 0.0516880 0.0462793 0.0516726 0.0570341 0.0515440 0.0515440 
taxon6     0.1538367 0.1538367 0.1672943 0.1672222 0.1672943 0.0000010 0.0000000 0.0152083 0.0152455 0.0203867 0.0523536 0.0527210 0.0528847 0.0581058 0.0516880 0.0462793 0.0516726 0.0570341 0.0515440 0.0515440 
taxon7     0.1456213 0.1456213 0.1588076 0.1587405 0.1588076 0.0152083 0.0152083 0.0000000 0.0100064 0.0150534 0.0628176 0.0520126 0.0521719 0.0573280 0.0571973 0.0517296 0.0571810 0.0625927 0.0570383 0.0570383 
taxon8     0.1460247 0.1460247 0.1592522 0.1591847 0.1592522 0.0152455 0.0152455 0.0100064 0.0000000 0.0049905 0.0629750 0.0521418 0.0523020 0.0574709 0.0625609 0.0570512 0.0625438 0.0679886 0.0623871 0.0623871 
taxon9     0.1398726 0.1398726 0.1530099 0.1529454 0.1530099 0.0203867 0.0203867 0.0150534 0.0049905 0.0000000 0.0575712 0.0468022 0.0469453 0.0521059 0.0571944 0.0517268 0.0571781 0.0625898 0.0570354 0.0570354 
taxon10    0.1526927 0.1526927 0.1660768 0.1660056 0.1660768 0.0523536 0.0523536 0.0628176 0.0629750 0.0575712 0.0000000 0.0100080 0.0201333 0.0150275 0.0251273 0.0199978 0.0149770 0.0199808 0.0250584 0.0250584 
taxon11    0.1457837 0.1457837 0.1590043 0.1589369 0.1590043 0.0527210 0.0527210 0.0520126 0.0521418 0.0468022 0.0100080 0.0000000 0.0100019 0.0149902 0.0355573 0.0303179 0.0252283 0.0302927 0.0354597 0.0354597 
taxon12    0.1582994 0.1582994 0.1717225 0.1716487 0.1717225 0.0528847 0.0528847 0.0521719 0.0523020 0.0469453 0.0201333 0.0100019 0.0000000 0.0150332 0.0459916 0.0406659 0.0355299 0.0406317 0.0458651 0.0458651 
taxon13    0.1582001 0.1582001 0.1716123 0.1715386 0.1716123 0.0581058 0.0581058 0.0573280 0.0574709 0.0521059 0.0150275 0.0149902 0.0150332 0.0000000 0.0406799 0.0354098 0.0303067 0.0353793 0.0405689 0.0405689 
taxon14    0.1515543 0.1515543 0.1648229 0.1647528 0.1648229 0.0516880 0.0516880 0.0571973 0.0625609 0.0571944 0.0251273 0.0355573 0.0459916 0.0406799 0.0000000 0.0049415 0.0099301 0.0149463 0.0099068 0.0099068 
taxon15    0.1450093 0.1450093 0.1581504 0.1580838 0.1581504 0.0462793 0.0462793 0.0517296 0.0570512 0.0517268 0.0199978 0.0303179 0.0406659 0.0354098 0.0049415 0.0000000 0.0049396 0.0099129 0.0049280 0.0049280 
taxon16    0.1515421 0.1515421 0.1648145 0.1647444 0.1648145 0.0516726 0.0516726 0.0571810 0.0625438 0.0571781 0.0149770 0.0252283 0.0355299 0.0303067 0.0099301 0.0049396 0.0000000 0.0149406 0.0099030 0.0099030 
taxon17    0.1578598 0.1578598 0.1712360 0.1711626 0.1712360 0.0570341 0.0570341 0.0625927 0.0679886 0.0625898 0.0199808 0.0302927 0.0406317 0.0353793 0.0149463 0.0099129 0.0149406 0.0000000 0.0049318 0.0049318 
taxon18    0.1511144 0.1511144 0.1643437 0.1642741 0.1643437 0.0515440 0.0515440 0.0570383 0.0623871 0.0570354 0.0250584 0.0354597 0.0458651 0.0405689 0.0099068 0.0049280 0.0099030 0.0049318 0.0000000 0.0000010 
taxon19    0.1511144 0.1511144 0.1643437 0.1642741 0.1643437 0.0515440 0.0515440 0.0570383 0.0623871 0.0570354 0.0250584 0.0354597 0.0458651 0.0405689 0.0099068 0.0049280 0.0099030 0.0049318 0.0000010 0.0000000 
