20
taxon0     0.0000000 0.0146531 0.0196406 0.0195571 0.0344194 0.0294283 0.0295052 0.0246114 0.2284082 0.2217756 0.2200600 0.2273406 0.2206987 0.2189539 0.2158774 0.2121734 0.2044545 0.2171588 0.2350879 0.2163427 
taxon1     0.0146531 0.0000000 0.0147262 0.0146635 0.0294935 0.0245163 0.0245801 0.0196834 0.2222816 0.2156741 0.2010289 0.2082070 0.2016435 0.2128093 0.2098036 0.2060446 0.1983708 0.2110277 0.2289673 0.2102338 
taxon2     0.0196406 0.0147262 0.0000000 0.0097916 0.0248654 0.0246308 0.0197291 0.0148117 0.2172155 0.2105997 0.2153188 0.2226218 0.2159561 0.1989357 0.1961157 0.1922618 0.1847512 0.1970040 0.2082231 0.1897279 
taxon3     0.0195571 0.0146635 0.0097916 0.0000000 0.0297271 0.0294493 0.0245714 0.0196764 0.2221787 0.2155748 0.2202427 0.2275296 0.2208821 0.2129105 0.2099054 0.2061494 0.1984788 0.2109302 0.2221734 0.2035106 
taxon4     0.0344194 0.0294935 0.0248654 0.0297271 0.0000000 0.0145842 0.0196266 0.0146620 0.2363090 0.2295977 0.2345006 0.2419031 0.2351588 0.2249851 0.2086862 0.2181890 0.2104258 0.2240927 0.2442378 0.2252839 
taxon5     0.0294283 0.0245163 0.0246308 0.0294493 0.0145842 0.0000000 0.0295665 0.0146594 0.2362552 0.2295457 0.2144506 0.2217204 0.2150843 0.2258566 0.2226916 0.2190373 0.2112437 0.2240419 0.2420143 0.2231982 
taxon6     0.0295052 0.0245801 0.0197291 0.0245714 0.0196266 0.0295665 0.0000000 0.0147651 0.2235501 0.2169021 0.2203360 0.2276363 0.2209766 0.2192528 0.1973567 0.2124589 0.2047237 0.2113907 0.2364201 0.2175655 
taxon7     0.0246114 0.0196834 0.0148117 0.0196764 0.0146620 0.0146594 0.0147651 0.0000000 0.2176334 0.2110052 0.2227008 0.2300723 0.2233493 0.2133358 0.2103166 0.2065530 0.1988565 0.2054824 0.2305133 0.2116593 
taxon8     0.2284082 0.2222816 0.2172155 0.2221787 0.2363090 0.2362552 0.2235501 0.2176334 0.0000000 0.0147679 0.0453147 0.0611968 0.0559660 0.0517312 0.0622289 0.0570837 0.0624803 0.0465919 0.0727328 0.0570391 
taxon9     0.2217756 0.2156741 0.2105997 0.2155748 0.2295977 0.2295457 0.2169021 0.2110052 0.0147679 0.0000000 0.0352166 0.0509537 0.0457537 0.0574102 0.0569932 0.0518541 0.0572238 0.0410707 0.0616739 0.0461692 
taxon10    0.2200600 0.2010289 0.2153188 0.2202427 0.2345006 0.2144506 0.2203360 0.2227008 0.0453147 0.0352166 0.0000000 0.0147616 0.0098189 0.0738654 0.0678320 0.0681402 0.0736257 0.0685329 0.0841364 0.0682452 
taxon11    0.2273406 0.2082070 0.2226218 0.2275296 0.2419031 0.2217204 0.2276363 0.2300723 0.0611968 0.0509537 0.0147616 0.0000000 0.0048466 0.0848523 0.0845397 0.0738293 0.0793639 0.0733194 0.0888249 0.0730135 
taxon12    0.2206987 0.2016435 0.2159561 0.2208821 0.2351588 0.2150843 0.2209766 0.2233493 0.0559660 0.0457537 0.0098189 0.0048466 0.0000000 0.0793677 0.0790756 0.0684053 0.0739087 0.0679312 0.0834125 0.0676483 
taxon13    0.2189539 0.2128093 0.1989357 0.2129105 0.2249851 0.2258566 0.2192528 0.2133358 0.0517312 0.0574102 0.0738654 0.0848523 0.0793677 0.0000000 0.0244766 0.0246644 0.0196020 0.0300069 0.0452164 0.0300807 
taxon14    0.2158774 0.2098036 0.1961157 0.2099054 0.2086862 0.2226916 0.1973567 0.2103166 0.0622289 0.0569932 0.0678320 0.0845397 0.0790756 0.0244766 0.0000000 0.0294734 0.0244000 0.0350918 0.0503544 0.0351768 
taxon15    0.2121734 0.2060446 0.1922618 0.2061494 0.2181890 0.2190373 0.2124589 0.2065530 0.0570837 0.0518541 0.0681402 0.0738293 0.0684053 0.0246644 0.0294734 0.0000000 0.0048563 0.0404528 0.0454407 0.0405497 
taxon16    0.2044545 0.1983708 0.1847512 0.1984788 0.2104258 0.2112437 0.2047237 0.1988565 0.0624803 0.0572238 0.0736257 0.0793639 0.0739087 0.0196020 0.0244000 0.0048563 0.0000000 0.0351625 0.0401265 0.0352477 
taxon17    0.2171588 0.2110277 0.1970040 0.2109302 0.2240927 0.2240419 0.2113907 0.2054824 0.0465919 0.0410707 0.0685329 0.0733194 0.0679312 0.0300069 0.0350918 0.0404528 0.0351625 0.0000000 0.0243860 0.0097307 
taxon18    0.2350879 0.2289673 0.2082231 0.2221734 0.2442378 0.2420143 0.2364201 0.2305133 0.0727328 0.0616739 0.0841364 0.0888249 0.0834125 0.0452164 0.0503544 0.0454407 0.0401265 0.0243860 0.0000000 0.0145176 
taxon19    0.2163427 0.2102338 0.1897279 0.2035106 0.2252839 0.2231982 0.2175655 0.2116593 0.0570391 0.0461692 0.0682452 0.0730135 0.0676483 0.0300807 0.0351768 0.0405497 0.0352477 0.0097307 0.0145176 0.0000000 
