20
taxon0     0.0000000 0.1990197 0.4121850 0.5091255 0.4791953 0.4948999 0.5751117 0.6116168 0.6131581 0.6583317 0.6287019 0.6352731 0.7163932 0.7432212 0.4273989 0.6081304 0.5664175 0.5510483 0.6070232 0.6163100 
taxon1     0.1990197 0.0000000 0.4046945 0.5146348 0.4916582 0.5391213 0.5496544 0.5720378 0.5726978 0.6582292 0.6221554 0.6064530 0.7085055 0.7040223 0.4782451 0.5988463 0.5467734 0.5251525 0.5700417 0.5868394 
taxon2     0.4121850 0.4046945 0.0000000 0.1841544 0.1766543 0.4696908 0.4188741 0.4049128 0.4276576 0.5490230 0.4791081 0.4979559 0.5780003 0.5776069 0.4072840 0.5778707 0.5181602 0.4763013 0.4885958 0.5357016 
taxon3     0.5091255 0.5146348 0.1841544 0.0000000 0.1162158 0.4768826 0.4386807 0.4366619 0.4621467 0.5449431 0.4366113 0.4821935 0.5575428 0.5595285 0.4148451 0.5713281 0.5698278 0.5650436 0.5559292 0.5697217 
taxon4     0.4791953 0.4916582 0.1766543 0.1162158 0.0000000 0.4817610 0.4850744 0.4503751 0.4660493 0.5551398 0.4573884 0.5266996 0.5960584 0.5954415 0.4001989 0.6179429 0.5912667 0.6045505 0.5764625 0.6259537 
taxon5     0.4948999 0.5391213 0.4696908 0.4768826 0.4817610 0.0000000 0.1900975 0.2217319 0.2227163 0.3765805 0.3917646 0.4009732 0.4412012 0.4524690 0.2429660 0.6993197 0.6835866 0.6673680 0.6733197 0.6715002 
taxon6     0.5751117 0.5496544 0.4188741 0.4386807 0.4850744 0.1900975 0.0000000 0.0965913 0.1197699 0.4637446 0.4104607 0.4437372 0.5023582 0.4844555 0.3650052 0.5831579 0.5811984 0.5541641 0.5851863 0.6107681 
taxon7     0.6116168 0.5720378 0.4049128 0.4366619 0.4503751 0.2217319 0.0965913 0.0000000 0.0396741 0.4437577 0.4185759 0.4512660 0.4904597 0.4728603 0.3528978 0.5607679 0.5433548 0.5452913 0.5514107 0.5882523 
taxon8     0.6131581 0.5726978 0.4276576 0.4621467 0.4660493 0.2227163 0.1197699 0.0396741 0.0000000 0.4340415 0.4122634 0.4300685 0.4790470 0.4615056 0.3473384 0.5759083 0.5714659 0.5623312 0.5796134 0.6176889 
taxon9     0.6583317 0.6582292 0.5490230 0.5449431 0.5551398 0.3765805 0.4637446 0.4437577 0.4340415 0.0000000 0.2416963 0.2935635 0.3520466 0.3390022 0.2688822 0.7293176 0.7064461 0.6709490 0.7583068 0.7432997 
taxon10    0.6287019 0.6221554 0.4791081 0.4366113 0.4573884 0.3917646 0.4104607 0.4185759 0.4122634 0.2416963 0.0000000 0.1452861 0.2301864 0.2041621 0.2738902 0.7792812 0.7216276 0.7132668 0.7737847 0.7610089 
taxon11    0.6352731 0.6064530 0.4979559 0.4821935 0.5266996 0.4009732 0.4437372 0.4512660 0.4300685 0.2935635 0.1452861 0.0000000 0.2162710 0.1866116 0.3111198 0.8155971 0.7572371 0.7462299 0.8077223 0.7910133 
taxon12    0.7163932 0.7085055 0.5780003 0.5575428 0.5960584 0.4412012 0.5023582 0.4904597 0.4790470 0.3520466 0.2301864 0.2162710 0.0000000 0.0919524 0.3775834 0.8179143 0.7894521 0.7798580 0.8665199 0.8484876 
taxon13    0.7432212 0.7040223 0.5776069 0.5595285 0.5954415 0.4524690 0.4844555 0.4728603 0.4615056 0.3390022 0.2041621 0.1866116 0.0919524 0.0000000 0.3852820 0.8241684 0.8092296 0.8015406 0.8351690 0.8525639 
taxon14    0.4273989 0.4782451 0.4072840 0.4148451 0.4001989 0.2429660 0.3650052 0.3528978 0.3473384 0.2688822 0.2738902 0.3111198 0.3775834 0.3852820 0.0000000 0.6558096 0.6328399 0.6172618 0.6170540 0.6402391 
taxon15    0.6081304 0.5988463 0.5778707 0.5713281 0.6179429 0.6993197 0.5831579 0.5607679 0.5759083 0.7293176 0.7792812 0.8155971 0.8179143 0.8241684 0.6558096 0.0000000 0.1108499 0.1028612 0.3130350 0.3346455 
taxon16    0.5664175 0.5467734 0.5181602 0.5698278 0.5912667 0.6835866 0.5811984 0.5433548 0.5714659 0.7064461 0.7216276 0.7572371 0.7894521 0.8092296 0.6328399 0.1108499 0.0000000 0.0557813 0.2948460 0.3174434 
taxon17    0.5510483 0.5251525 0.4763013 0.5650436 0.6045505 0.6673680 0.5541641 0.5452913 0.5623312 0.6709490 0.7132668 0.7462299 0.7798580 0.8015406 0.6172618 0.1028612 0.0557813 0.0000000 0.2763341 0.2906905 
taxon18    0.6070232 0.5700417 0.4885958 0.5559292 0.5764625 0.6733197 0.5851863 0.5514107 0.5796134 0.7583068 0.7737847 0.8077223 0.8665199 0.8351690 0.6170540 0.3130350 0.2948460 0.2763341 0.0000000 0.1029482 
taxon19    0.6163100 0.5868394 0.5357016 0.5697217 0.6259537 0.6715002 0.6107681 0.5882523 0.6176889 0.7432997 0.7610089 0.7910133 0.8484876 0.8525639 0.6402391 0.3346455 0.3174434 0.2906905 0.1029482 0.0000000 
