20
taxon0     0.0000000 0.1054276 0.2205467 0.2739212 0.3996373 0.3817374 0.3800401 0.4285210 0.4416514 0.5253350 0.4774658 0.5090153 0.5083982 0.5120581 0.4340145 0.5050836 0.4793155 0.4510193 0.5151053 0.4835184 
taxon1     0.1054276 0.0000000 0.2080304 0.2288163 0.3835180 0.3563590 0.3905149 0.4510562 0.4301462 0.5284246 0.4771080 0.5459510 0.5421344 0.5460403 0.4315426 0.4304137 0.4329540 0.3912359 0.4204469 0.4294005 
taxon2     0.2205467 0.2080304 0.0000000 0.0832092 0.3452702 0.3427315 0.3552943 0.4022284 0.4082538 0.4692137 0.4220186 0.5090524 0.4961219 0.4941793 0.4380291 0.4105849 0.4309221 0.4090369 0.4509995 0.4136566 
taxon3     0.2739212 0.2288163 0.0832092 0.0000000 0.3467313 0.3447137 0.4000754 0.4501135 0.4426852 0.5049945 0.4583469 0.5245350 0.5123313 0.5115190 0.4822502 0.4402704 0.4421336 0.4424445 0.4449383 0.4443031 
taxon4     0.3996373 0.3835180 0.3452702 0.3467313 0.0000000 0.0817910 0.2555960 0.2947562 0.2857994 0.3685338 0.3230521 0.3767620 0.3996107 0.3891200 0.5032171 0.5102716 0.4696482 0.4282588 0.4326343 0.4308266 
taxon5     0.3817374 0.3563590 0.3427315 0.3447137 0.0817910 0.0000000 0.2541013 0.2937390 0.2821153 0.3789919 0.3404775 0.3742826 0.3818277 0.3744067 0.4913067 0.4809961 0.4575811 0.4093413 0.4424378 0.4322080 
taxon6     0.3800401 0.3905149 0.3552943 0.4000754 0.2555960 0.2541013 0.0000000 0.0314785 0.0842432 0.1630898 0.1371586 0.1805567 0.1780185 0.1705065 0.3939455 0.5547791 0.5466459 0.5461554 0.5679487 0.5496260 
taxon7     0.4285210 0.4510562 0.4022284 0.4501135 0.2947562 0.2937390 0.0314785 0.0000000 0.1081153 0.1813433 0.1714344 0.2163711 0.2143608 0.2063606 0.4442015 0.6159112 0.5775640 0.5894115 0.6076310 0.5975789 
taxon8     0.4416514 0.4301462 0.4082538 0.4426852 0.2857994 0.2821153 0.0842432 0.1081153 0.0000000 0.1201618 0.1078092 0.1577697 0.1475977 0.1405767 0.4754355 0.6153527 0.5422755 0.5450024 0.5791141 0.5689265 
taxon9     0.5253350 0.5284246 0.4692137 0.5049945 0.3685338 0.3789919 0.1630898 0.1813433 0.1201618 0.0000000 0.1065831 0.1562638 0.1517135 0.1446910 0.5311204 0.6457611 0.6284582 0.6332918 0.6328141 0.6272342 
taxon10    0.4774658 0.4771080 0.4220186 0.4583469 0.3230521 0.3404775 0.1371586 0.1714344 0.1078092 0.1065831 0.0000000 0.0876264 0.0892451 0.0829980 0.5192473 0.6328540 0.6149839 0.6205551 0.6102084 0.6112576 
taxon11    0.5090153 0.5459510 0.5090524 0.5245350 0.3767620 0.3742826 0.1805567 0.2163711 0.1577697 0.1562638 0.0876264 0.0000000 0.0757949 0.0698734 0.5247026 0.6852275 0.6737503 0.6790282 0.6632102 0.6621670 
taxon12    0.5083982 0.5421344 0.4961219 0.5123313 0.3996107 0.3818277 0.1780185 0.2143608 0.1475977 0.1517135 0.0892451 0.0757949 0.0000000 0.0102300 0.5241971 0.6777780 0.6439859 0.6645456 0.6550518 0.6509103 
taxon13    0.5120581 0.5460403 0.4941793 0.5115190 0.3891200 0.3744067 0.1705065 0.2063606 0.1405767 0.1446910 0.0829980 0.0698734 0.0102300 0.0000000 0.5241636 0.6778914 0.6441029 0.6646599 0.6536250 0.6494854 
taxon14    0.4340145 0.4315426 0.4380291 0.4822502 0.5032171 0.4913067 0.3939455 0.4442015 0.4754355 0.5311204 0.5192473 0.5247026 0.5241971 0.5241636 0.0000000 0.2600007 0.4210577 0.4059503 0.4217938 0.4293109 
taxon15    0.5050836 0.4304137 0.4105849 0.4402704 0.5102716 0.4809961 0.5547791 0.6159112 0.6153527 0.6457611 0.6328540 0.6852275 0.6777780 0.6778914 0.2600007 0.0000000 0.2852756 0.2970628 0.3074428 0.3270390 
taxon16    0.4793155 0.4329540 0.4309221 0.4421336 0.4696482 0.4575811 0.5466459 0.5775640 0.5422755 0.6284582 0.6149839 0.6737503 0.6439859 0.6441029 0.4210577 0.2852756 0.0000000 0.1878017 0.2247473 0.2300350 
taxon17    0.4510193 0.3912359 0.4090369 0.4424445 0.4282588 0.4093413 0.5461554 0.5894115 0.5450024 0.6332918 0.6205551 0.6790282 0.6645456 0.6646599 0.4059503 0.2970628 0.1878017 0.0000000 0.1262502 0.1381626 
taxon18    0.5151053 0.4204469 0.4509995 0.4449383 0.4326343 0.4424378 0.5679487 0.6076310 0.5791141 0.6328141 0.6102084 0.6632102 0.6550518 0.6536250 0.4217938 0.3074428 0.2247473 0.1262502 0.0000000 0.0799327 
taxon19    0.4835184 0.4294005 0.4136566 0.4443031 0.4308266 0.4322080 0.5496260 0.5975789 0.5689265 0.6272342 0.6112576 0.6621670 0.6509103 0.6494854 0.4293109 0.3270390 0.2300350 0.1381626 0.0799327 0.0000000 
