20
taxon0     0.0000000 0.0097412 0.0446619 0.0606007 0.0343545 0.0599676 0.0552949 0.0556051 0.0498403 0.2347112 0.2098849 0.2138464 0.2206816 0.2392481 0.2393511 0.2444588 0.2475968 0.2344672 0.2496421 0.2403229 
taxon1     0.0097412 0.0000000 0.0551700 0.0714647 0.0446346 0.0707139 0.0660496 0.0664160 0.0604458 0.2359544 0.2245295 0.2284252 0.2354066 0.2542713 0.2543847 0.2595091 0.2489106 0.2357073 0.2509724 0.2415928 
taxon2     0.0446619 0.0551700 0.0000000 0.0346530 0.0192907 0.0292563 0.0395300 0.0347215 0.0293378 0.2702548 0.2451070 0.2488063 0.2558013 0.2490117 0.2491200 0.2541729 0.2833176 0.2699510 0.2855255 0.2758279 
taxon3     0.0606007 0.0714647 0.0346530 0.0000000 0.0244758 0.0293047 0.0242245 0.0346820 0.0293043 0.2840201 0.2585441 0.2495458 0.2565807 0.2497525 0.2498617 0.2549395 0.2972551 0.2836888 0.2995403 0.2896213 
taxon4     0.0343545 0.0446346 0.0192907 0.0244758 0.0000000 0.0242231 0.0194915 0.0196059 0.0144941 0.2620149 0.2371411 0.2285232 0.2353556 0.2287211 0.2288165 0.2338762 0.2749336 0.2617278 0.2770887 0.2675527 
taxon5     0.0599676 0.0707139 0.0292563 0.0293047 0.0242231 0.0000000 0.0341273 0.0343216 0.0290030 0.2859641 0.2604341 0.2513979 0.2584541 0.2516054 0.2389164 0.2567977 0.2859489 0.2724865 0.2881810 0.2783999 
taxon6     0.0552949 0.0660496 0.0395300 0.0242245 0.0194915 0.0341273 0.0000000 0.0196366 0.0145163 0.2724099 0.2470833 0.2382274 0.2452025 0.2384310 0.2385334 0.2436380 0.2855641 0.2721003 0.2877953 0.2780150 
taxon7     0.0556051 0.0664160 0.0347215 0.0346820 0.0196059 0.0343216 0.0196366 0.0000000 0.0048347 0.2804852 0.2549470 0.2459524 0.2530007 0.2461591 0.2462667 0.2513764 0.2937473 0.2801593 0.2960250 0.2861098 
taxon8     0.0498403 0.0604458 0.0293378 0.0293043 0.0144941 0.0290030 0.0145163 0.0048347 0.0000000 0.2779233 0.2525891 0.2436857 0.2506731 0.2438904 0.2439958 0.2490756 0.2910813 0.2776043 0.2933321 0.2835121 
taxon9     0.2347112 0.2359544 0.2702548 0.2840201 0.2620149 0.2859641 0.2724099 0.2804852 0.2779233 0.0000000 0.0297284 0.0245197 0.0295484 0.0444913 0.0544923 0.0493230 0.0296037 0.0295822 0.0299420 0.0245490 
taxon10    0.2098849 0.2245295 0.2451070 0.2585441 0.2371411 0.2604341 0.2470833 0.2549470 0.2525891 0.0297284 0.0000000 0.0146883 0.0196667 0.0345422 0.0294838 0.0343118 0.0398023 0.0297140 0.0402470 0.0346565 
taxon11    0.2138464 0.2284252 0.2488063 0.2495458 0.2285232 0.2513979 0.2382274 0.2459524 0.2436857 0.0245197 0.0146883 0.0000000 0.0048528 0.0194827 0.0292827 0.0242984 0.0344711 0.0245081 0.0348585 0.0294023 
taxon12    0.2206816 0.2354066 0.2558013 0.2565807 0.2353556 0.2584541 0.2452025 0.2530007 0.2506731 0.0295484 0.0196667 0.0048528 0.0000000 0.0145312 0.0242673 0.0193315 0.0395624 0.0295342 0.0400022 0.0344477 
taxon13    0.2392481 0.2542713 0.2490117 0.2497525 0.2287211 0.2516054 0.2384310 0.2461591 0.2438904 0.0444913 0.0345422 0.0194827 0.0145312 0.0000000 0.0193569 0.0144564 0.0546052 0.0444685 0.0551886 0.0493976 
taxon14    0.2393511 0.2543847 0.2491200 0.2498617 0.2288165 0.2389164 0.2385334 0.2462667 0.2439958 0.0544923 0.0294838 0.0292827 0.0242673 0.0193569 0.0000000 0.0144447 0.0545180 0.0443978 0.0550996 0.0493190 
taxon15    0.2444588 0.2595091 0.2541729 0.2549395 0.2338762 0.2567977 0.2436380 0.2513764 0.2490756 0.0493230 0.0343118 0.0242984 0.0193315 0.0144564 0.0144447 0.0000000 0.0594340 0.0492974 0.0600589 0.0542145 
taxon16    0.2475968 0.2489106 0.2833176 0.2972551 0.2749336 0.2859489 0.2855641 0.2937473 0.2910813 0.0296037 0.0398023 0.0344711 0.0395624 0.0546052 0.0545180 0.0594340 0.0000000 0.0098041 0.0199363 0.0048818 
taxon17    0.2344672 0.2357073 0.2699510 0.2836888 0.2617278 0.2724865 0.2721003 0.2801593 0.2776043 0.0295822 0.0297140 0.0245081 0.0295342 0.0444685 0.0443978 0.0492974 0.0098041 0.0000000 0.0199214 0.0048781 
taxon18    0.2496421 0.2509724 0.2855255 0.2995403 0.2770887 0.2881810 0.2877953 0.2960250 0.2933321 0.0299420 0.0402470 0.0348585 0.0400022 0.0551886 0.0550996 0.0600589 0.0199363 0.0199214 0.0000000 0.0148811 
taxon19    0.2403229 0.2415928 0.2758279 0.2896213 0.2675527 0.2783999 0.2780150 0.2861098 0.2835121 0.0245490 0.0346565 0.0294023 0.0344477 0.0493976 0.0493190 0.0542145 0.0048818 0.0048781 0.0148811 0.0000000 
