20
taxon0     0.0000000 0.0246192 0.1194093 0.0459022 0.0501001 0.0553496 0.1461167 0.1267919 0.0776642 0.0933267 0.0666895 0.0618690 0.1158153 0.1219670 0.1299123 0.0770869 0.2861858 0.2481851 0.3167541 0.3343244 
taxon1     0.0246192 0.0000000 0.1258312 0.0570117 0.0504515 0.0557368 0.1406643 0.1214788 0.0782057 0.0939648 0.0941015 0.0892841 0.1218671 0.1226130 0.1361930 0.0827757 0.3007010 0.2622640 0.3381610 0.3465720 
taxon2     0.1194093 0.1258312 0.0000000 0.0771401 0.1147680 0.1329618 0.2311406 0.1944060 0.1403537 0.1390235 0.1722517 0.1677961 0.2124843 0.2137522 0.2300428 0.1738077 0.3523936 0.3621759 0.4635542 0.4709908 
taxon3     0.0459022 0.0570117 0.0771401 0.0000000 0.0492671 0.0652947 0.1571662 0.1250452 0.0714271 0.0810687 0.0884170 0.0889016 0.1404519 0.1413770 0.1554908 0.1002275 0.2776142 0.2764897 0.3644144 0.3504357 
taxon4     0.0501001 0.0504515 0.1147680 0.0492671 0.0000000 0.0145541 0.0992915 0.0704098 0.0702042 0.0801545 0.1026604 0.1098573 0.1380443 0.1278157 0.1527626 0.0985521 0.2871257 0.2773502 0.3501733 0.3654870 
taxon5     0.0553496 0.0557368 0.1329618 0.0652947 0.0145541 0.0000000 0.1050479 0.0871750 0.0869251 0.0970428 0.1204408 0.1156762 0.1375482 0.1273464 0.1522171 0.1042557 0.3112392 0.2850842 0.3589884 0.3849416 
taxon6     0.1461167 0.1406643 0.2311406 0.1571662 0.0992915 0.1050479 0.0000000 0.0545571 0.1821762 0.1866522 0.1943969 0.1880961 0.2149794 0.1979787 0.2191133 0.1708108 0.3549093 0.3473366 0.4142201 0.4320585 
taxon7     0.1267919 0.1214788 0.1944060 0.1250452 0.0704098 0.0871750 0.0545571 0.0000000 0.1485360 0.1420658 0.1782693 0.1870267 0.2058916 0.1891912 0.2098336 0.1686251 0.3469998 0.3569999 0.4159720 0.4311736 
taxon8     0.0776642 0.0782057 0.1403537 0.0714271 0.0702042 0.0869251 0.1821762 0.1485360 0.0000000 0.0701243 0.1328754 0.1335904 0.1750303 0.1708416 0.1911091 0.1334530 0.2929794 0.2708124 0.3744230 0.3688872 
taxon9     0.0933267 0.0939648 0.1390235 0.0810687 0.0801545 0.0970428 0.1866522 0.1420658 0.0701243 0.0000000 0.1368442 0.1375702 0.1786493 0.1797376 0.1946284 0.1374305 0.3208355 0.3027429 0.4100553 0.3990195 
taxon10    0.0666895 0.0941015 0.1722517 0.0884170 0.1026604 0.1204408 0.1943969 0.1782693 0.1328754 0.1368442 0.0000000 0.0298123 0.0865313 0.0986828 0.0994383 0.0395949 0.2792581 0.2619460 0.3364850 0.3434223 
taxon11    0.0618690 0.0892841 0.1677961 0.0889016 0.1098573 0.1156762 0.1880961 0.1870267 0.1335904 0.1375702 0.0298123 0.0000000 0.0710676 0.0828736 0.0835241 0.0398061 0.2927556 0.2595604 0.3437354 0.3529810 
taxon12    0.1158153 0.1218671 0.2124843 0.1404519 0.1380443 0.1375482 0.2149794 0.2058916 0.1750303 0.1786493 0.0865313 0.0710676 0.0000000 0.0498695 0.0502720 0.0445167 0.3494537 0.3145741 0.4059532 0.4295600 
taxon13    0.1219670 0.1226130 0.2137522 0.1413770 0.1278157 0.1273464 0.1979787 0.1891912 0.1708416 0.1797376 0.0986828 0.0828736 0.0498695 0.0000000 0.0395130 0.0555295 0.3519488 0.3244543 0.4085684 0.4245839 
taxon14    0.1299123 0.1361930 0.2300428 0.1554908 0.1527626 0.1522171 0.2191133 0.2098336 0.1911091 0.1946284 0.0994383 0.0835241 0.0502720 0.0395130 0.0000000 0.0559780 0.3490993 0.3214448 0.4062254 0.4296722 
taxon15    0.0770869 0.0827757 0.1738077 0.1002275 0.0985521 0.1042557 0.1708108 0.1686251 0.1334530 0.1374305 0.0395949 0.0398061 0.0445167 0.0555295 0.0559780 0.0000000 0.3066740 0.2730711 0.3594583 0.3821308 
taxon16    0.2861858 0.3007010 0.3523936 0.2776142 0.2871257 0.3112392 0.3549093 0.3469998 0.2929794 0.3208355 0.2792581 0.2927556 0.3494537 0.3519488 0.3490993 0.3066740 0.0000000 0.0383455 0.1243885 0.1190738 
taxon17    0.2481851 0.2622640 0.3621759 0.2764897 0.2773502 0.2850842 0.3473366 0.3569999 0.2708124 0.3027429 0.2619460 0.2595604 0.3145741 0.3244543 0.3214448 0.2730711 0.0383455 0.0000000 0.1029792 0.1091746 
taxon18    0.3167541 0.3381610 0.4635542 0.3644144 0.3501733 0.3589884 0.4142201 0.4159720 0.3744230 0.4100553 0.3364850 0.3437354 0.4059532 0.4085684 0.4062254 0.3594583 0.1243885 0.1029792 0.0000000 0.1271576 
taxon19    0.3343244 0.3465720 0.4709908 0.3504357 0.3654870 0.3849416 0.4320585 0.4311736 0.3688872 0.3990195 0.3434223 0.3529810 0.4295600 0.4245839 0.4296722 0.3821308 0.1190738 0.1091746 0.1271576 0.0000000 
