20
taxon0     0.0000000 0.0197610 0.0451618 0.0606858 0.0665516 0.0718282 0.0877428 0.0821409 0.0985934 0.1042089 0.1042089 0.1040977 0.2504549 0.2692822 0.2812495 0.3083367 0.3068369 0.2752170 0.2771544 0.2890623 
taxon1     0.0197610 0.0000000 0.0551215 0.0604484 0.0766807 0.0819749 0.0874018 0.0922844 0.0981800 0.0931535 0.0931535 0.0930565 0.2620797 0.2809449 0.2673703 0.2941500 0.2927241 0.2868752 0.2888444 0.3007871 
taxon2     0.0451618 0.0551215 0.0000000 0.0196246 0.0610809 0.0610926 0.0821145 0.0765714 0.0823019 0.0984414 0.0984414 0.0983379 0.2597552 0.2716340 0.2707099 0.2843112 0.2829457 0.2646230 0.2664997 0.2781935 
taxon3     0.0606858 0.0604484 0.0196246 0.0000000 0.0715385 0.0715523 0.0822229 0.0871159 0.0929440 0.0985650 0.0985650 0.0984612 0.2564121 0.2681316 0.2558951 0.2692748 0.2679897 0.2622475 0.2641020 0.2756953 
taxon4     0.0665516 0.0766807 0.0610809 0.0715385 0.0000000 0.0048547 0.0195352 0.0145753 0.0294635 0.0345022 0.0345022 0.0344713 0.2867369 0.2832862 0.2986545 0.3126004 0.3110873 0.2986543 0.3006554 0.2969094 
taxon5     0.0718282 0.0819749 0.0610926 0.0715523 0.0048547 0.0000000 0.0244716 0.0194753 0.0344483 0.0395174 0.0395174 0.0394817 0.2935169 0.2899859 0.3054585 0.3194830 0.3179343 0.3054686 0.3074928 0.3036820 
taxon6     0.0877428 0.0874018 0.0821145 0.0822229 0.0195352 0.0244716 0.0000000 0.0244144 0.0394830 0.0345887 0.0345887 0.0345577 0.2852078 0.2817884 0.3125912 0.3092460 0.3077438 0.3081507 0.3233713 0.3063450 
taxon7     0.0821409 0.0922844 0.0765714 0.0871159 0.0145753 0.0194753 0.0244144 0.0000000 0.0244089 0.0293984 0.0293984 0.0293726 0.2879171 0.2844470 0.3176278 0.3185655 0.3170253 0.3045941 0.3197114 0.3028172 
taxon8     0.0985934 0.0981800 0.0823019 0.0929440 0.0294635 0.0344483 0.0394830 0.0244089 0.0000000 0.0245846 0.0245846 0.0245632 0.2957977 0.2922274 0.3130837 0.3140166 0.3124915 0.2965422 0.3115269 0.2948173 
taxon9     0.1042089 0.0931535 0.0984414 0.0985650 0.0345022 0.0395174 0.0345887 0.0293984 0.0245846 0.0000000 0.0000010 0.0048147 0.2938917 0.2842251 0.3112850 0.3122107 0.3203948 0.3253578 0.3407317 0.3234532 
taxon10    0.1042089 0.0931535 0.0984414 0.0985650 0.0345022 0.0395174 0.0345887 0.0293984 0.0245846 0.0000010 0.0000000 0.0048147 0.2938917 0.2842251 0.3112850 0.3122107 0.3203948 0.3253578 0.3407317 0.3234532 
taxon11    0.1040977 0.0930565 0.0983379 0.0984612 0.0344713 0.0394817 0.0345577 0.0293726 0.0245632 0.0048147 0.0048147 0.0000000 0.2934482 0.2838041 0.3108096 0.3117328 0.3198982 0.3248519 0.3401931 0.3229538 
taxon12    0.2504549 0.2620797 0.2597552 0.2564121 0.2867369 0.2935169 0.2852078 0.2879171 0.2957977 0.2938917 0.2938917 0.2934482 0.0000000 0.0402142 0.0910522 0.1087483 0.1201113 0.1007053 0.1067034 0.1010287 
taxon13    0.2692822 0.2809449 0.2716340 0.2681316 0.2832862 0.2899859 0.2817884 0.2844470 0.2922274 0.2842251 0.2842251 0.2838041 0.0402142 0.0000000 0.1248061 0.1312122 0.1373050 0.1108806 0.1058783 0.0887231 
taxon14    0.2812495 0.2673703 0.2707099 0.2558951 0.2986545 0.3054585 0.3125912 0.3176278 0.3130837 0.3112850 0.3112850 0.3108096 0.0910522 0.1248061 0.0000000 0.0293516 0.0394633 0.0607609 0.0559095 0.0609513 
taxon15    0.3083367 0.2941500 0.2843112 0.2692748 0.3126004 0.3194830 0.3092460 0.3185655 0.3140166 0.3122107 0.3122107 0.3117328 0.1087483 0.1312122 0.0293516 0.0000000 0.0096571 0.0662354 0.0718026 0.0664436 
taxon16    0.3068369 0.2927241 0.2829457 0.2679897 0.3110873 0.3179343 0.3077438 0.3170253 0.3124915 0.3203948 0.3203948 0.3198982 0.1201113 0.1373050 0.0394633 0.0096571 0.0000000 0.0706934 0.0762504 0.0709136 
taxon17    0.2752170 0.2868752 0.2646230 0.2622475 0.2986543 0.3054686 0.3081507 0.3045941 0.2965422 0.3253578 0.3253578 0.3248519 0.1007053 0.1108806 0.0607609 0.0662354 0.0706934 0.0000000 0.0245564 0.0195742 
taxon18    0.2771544 0.2888444 0.2664997 0.2641020 0.3006554 0.3074928 0.3233713 0.3197114 0.3115269 0.3407317 0.3407317 0.3401931 0.1067034 0.1058783 0.0559095 0.0718026 0.0762504 0.0245564 0.0000000 0.0147169 
taxon19    0.2890623 0.3007871 0.2781935 0.2756953 0.2969094 0.3036820 0.3063450 0.3028172 0.2948173 0.3234532 0.3234532 0.3229538 0.1010287 0.0887231 0.0609513 0.0664436 0.0709136 0.0195742 0.0147169 0.0000000 
