20
taxon0     0.0000000 0.0721614 0.0826326 0.0996004 0.1210694 0.1039591 0.1163584 0.1514575 0.1434797 0.1091767 0.1202418 0.1299071 0.1146393 0.3421557 0.3208789 0.3327656 0.3625141 0.3711727 0.2988788 0.3115963 
taxon1     0.0721614 0.0000000 0.0397665 0.0450505 0.1090875 0.0872269 0.1180603 0.1409823 0.1331821 0.1283715 0.1398353 0.1560556 0.1106836 0.3263731 0.2919907 0.3182061 0.3474256 0.3436445 0.3233205 0.3079897 
taxon2     0.0826326 0.0397665 0.0000000 0.0546190 0.1262962 0.1039615 0.1296928 0.1540013 0.1458964 0.1270197 0.1383668 0.1422841 0.1213190 0.3141874 0.2733989 0.2856971 0.3259186 0.3175657 0.2838367 0.2833946 
taxon3     0.0996004 0.0450505 0.0546190 0.0000000 0.1332266 0.1266798 0.1427772 0.1680751 0.1596198 0.1398664 0.1514543 0.1680464 0.1276157 0.3155553 0.2893100 0.3153005 0.3421034 0.3404922 0.3136844 0.3112346 
taxon4     0.1210694 0.1090875 0.1262962 0.1332266 0.0000000 0.0394741 0.1515523 0.1509463 0.1552704 0.1558939 0.1637688 0.1826789 0.1605539 0.3215219 0.3240916 0.3582791 0.3693189 0.3969063 0.3109590 0.3186297 
taxon5     0.1039591 0.0872269 0.1039615 0.1266798 0.0394741 0.0000000 0.1119581 0.1115539 0.1160110 0.1164934 0.1277928 0.1588979 0.1321611 0.2954902 0.2983167 0.3319335 0.3550998 0.3697873 0.2973450 0.2986705 
taxon6     0.1163584 0.1180603 0.1296928 0.1427772 0.1515523 0.1119581 0.0000000 0.0557654 0.0400949 0.0403968 0.0457037 0.0609051 0.0831061 0.2948455 0.2685162 0.2868350 0.3485182 0.3574899 0.2995608 0.2751002 
taxon7     0.1514575 0.1409823 0.1540013 0.1680751 0.1509463 0.1115539 0.0557654 0.0000000 0.0401400 0.0778188 0.0885601 0.0991124 0.1059341 0.3227569 0.2954000 0.3012500 0.3356031 0.3578568 0.3159709 0.2908953 
taxon8     0.1434797 0.1331821 0.1458964 0.1596198 0.1552704 0.1160110 0.0400949 0.0401400 0.0000000 0.0719708 0.0825881 0.1036664 0.1045650 0.2872697 0.2612487 0.2661739 0.3266932 0.3353953 0.2855552 0.2615281 
taxon9     0.1091767 0.1283715 0.1270197 0.1398664 0.1558939 0.1164934 0.0403968 0.0778188 0.0719708 0.0000000 0.0195912 0.0503236 0.0449448 0.2947926 0.2815999 0.2745653 0.3481322 0.3414758 0.2847083 0.2611458 
taxon10    0.1202418 0.1398353 0.1383668 0.1514543 0.1637688 0.1277928 0.0457037 0.0885601 0.0825881 0.0195912 0.0000000 0.0556709 0.0654497 0.2953366 0.2821064 0.2750559 0.3449015 0.3421182 0.2852255 0.2616072 
taxon11    0.1299071 0.1560556 0.1422841 0.1680464 0.1826789 0.1588979 0.0609051 0.0991124 0.1036664 0.0503236 0.0556709 0.0000000 0.0720825 0.3278106 0.3197864 0.2978342 0.3603990 0.3762282 0.3022596 0.2922689 
taxon12    0.1146393 0.1106836 0.1213190 0.1276157 0.1605539 0.1321611 0.0831061 0.1059341 0.1045650 0.0449448 0.0654497 0.0720825 0.0000000 0.3369842 0.3300324 0.3226406 0.3938132 0.3809386 0.3302127 0.3050529 
taxon13    0.3421557 0.3263731 0.3141874 0.3155553 0.3215219 0.2954902 0.2948455 0.3227569 0.2872697 0.2947926 0.2953366 0.3278106 0.3369842 0.0000000 0.0706628 0.1085307 0.1532677 0.1482539 0.1162145 0.1208947 
taxon14    0.3208789 0.2919907 0.2733989 0.2893100 0.3240916 0.2983167 0.2685162 0.2954000 0.2612487 0.2815999 0.2821064 0.3197864 0.3300324 0.0706628 0.0000000 0.0546745 0.1022899 0.0916605 0.1206515 0.1133154 
taxon15    0.3327656 0.3182061 0.2856971 0.3153005 0.3582791 0.3319335 0.2868350 0.3012500 0.2661739 0.2745653 0.2750559 0.2978342 0.3226406 0.1085307 0.0546745 0.0000000 0.0962171 0.0965689 0.1437325 0.1475752 
taxon16    0.3625141 0.3474256 0.3259186 0.3421034 0.3693189 0.3550998 0.3485182 0.3356031 0.3266932 0.3481322 0.3449015 0.3603990 0.3938132 0.1532677 0.1022899 0.0962171 0.0000000 0.0801011 0.2009627 0.2058777 
taxon17    0.3711727 0.3436445 0.3175657 0.3404922 0.3969063 0.3697873 0.3574899 0.3578568 0.3353953 0.3414758 0.3421182 0.3762282 0.3809386 0.1482539 0.0916605 0.0965689 0.0801011 0.0000000 0.1907117 0.1938128 
taxon18    0.2988788 0.3233205 0.2838367 0.3136844 0.3109590 0.2973450 0.2995608 0.3159709 0.2855552 0.2847083 0.2852255 0.3022596 0.3302127 0.1162145 0.1206515 0.1437325 0.2009627 0.1907117 0.0000000 0.0395478 
taxon19    0.3115963 0.3079897 0.2833946 0.3112346 0.3186297 0.2986705 0.2751002 0.2908953 0.2615281 0.2611458 0.2616072 0.2922689 0.3050529 0.1208947 0.1133154 0.1475752 0.2058777 0.1938128 0.0395478 0.0000000 
