20
taxon0     0.0000000 0.2171002 0.2394833 0.3976490 0.4077322 0.4703760 0.5748081 0.6444564 0.6761012 0.6922780 0.6099421 0.6057886 0.6336383 0.5380743 0.5593578 0.6306990 0.5979892 0.6672744 0.6989081 0.6788016 
taxon1     0.2171002 0.0000000 0.1710013 0.4667044 0.4796094 0.4629671 0.5963353 0.6285535 0.6837895 0.6506890 0.6947993 0.6311159 0.5465295 0.5009059 0.5031618 0.5922293 0.5743412 0.6817065 0.6497873 0.6076084 
taxon2     0.2394833 0.1710013 0.0000000 0.4586860 0.4805958 0.4297314 0.5693581 0.6158749 0.6627280 0.6202858 0.6603924 0.6198341 0.5815466 0.5298842 0.6100529 0.5993395 0.5806272 0.6984722 0.7121501 0.6383230 
taxon3     0.3976490 0.4667044 0.4586860 0.0000000 0.3493198 0.3625252 0.6339148 0.6442047 0.7094395 0.6060751 0.5464343 0.5659692 0.6425175 0.5970986 0.6419133 0.6202588 0.6617722 0.6449391 0.6430031 0.6109327 
taxon4     0.4077322 0.4796094 0.4805958 0.3493198 0.0000000 0.2266092 0.5824286 0.6078068 0.6806255 0.6357767 0.5743914 0.5961580 0.5863182 0.5375619 0.5422865 0.5585904 0.5276055 0.5472840 0.5771290 0.6208161 
taxon5     0.4703760 0.4629671 0.4297314 0.3625252 0.2266092 0.0000000 0.5932892 0.6227337 0.6523901 0.6125311 0.5921328 0.5478262 0.5731843 0.5043237 0.5585677 0.5549862 0.5807515 0.6107496 0.5923057 0.6004609 
taxon6     0.5748081 0.5963353 0.5693581 0.6339148 0.5824286 0.5932892 0.0000000 0.1461477 0.3264143 0.2911439 0.3069752 0.3871030 0.3795660 0.4366644 0.4416402 0.4369409 0.4066520 0.3818559 0.4084428 0.4124795 
taxon7     0.6444564 0.6285535 0.6158749 0.6442047 0.6078068 0.6227337 0.1461477 0.0000000 0.2845352 0.3123524 0.3503525 0.4069077 0.3870511 0.4189172 0.4643471 0.4847080 0.4492782 0.3671478 0.4377716 0.4367878 
taxon8     0.6761012 0.6837895 0.6627280 0.7094395 0.6806255 0.6523901 0.3264143 0.2845352 0.0000000 0.3998998 0.4461053 0.4548935 0.4696446 0.4585497 0.5289017 0.5365438 0.5119070 0.5160317 0.4409974 0.4923659 
taxon9     0.6922780 0.6506890 0.6202858 0.6060751 0.6357767 0.6125311 0.2911439 0.3123524 0.3998998 0.0000000 0.2128854 0.2872733 0.4743185 0.4997424 0.5299202 0.5214833 0.5027499 0.4533125 0.4716185 0.4151830 
taxon10    0.6099421 0.6947993 0.6603924 0.5464343 0.5743914 0.5921328 0.3069752 0.3503525 0.4461053 0.2128854 0.0000000 0.2374593 0.4673746 0.4978498 0.5097403 0.4899302 0.4570113 0.4623173 0.4720218 0.4377861 
taxon11    0.6057886 0.6311159 0.6198341 0.5659692 0.5961580 0.5478262 0.3871030 0.4069077 0.4548935 0.2872733 0.2374593 0.0000000 0.5159787 0.4652485 0.4771200 0.4520301 0.4469955 0.4089818 0.4393838 0.3971638 
taxon12    0.6336383 0.5465295 0.5815466 0.6425175 0.5863182 0.5731843 0.3795660 0.3870511 0.4696446 0.4743185 0.4673746 0.5159787 0.0000000 0.2603157 0.3675038 0.3655935 0.3471783 0.3395803 0.3433862 0.4087513 
taxon13    0.5380743 0.5009059 0.5298842 0.5970986 0.5375619 0.5043237 0.4366644 0.4189172 0.4585497 0.4997424 0.4978498 0.4652485 0.2603157 0.0000000 0.2911555 0.2806096 0.2738115 0.3665452 0.4201826 0.3778114 
taxon14    0.5593578 0.5031618 0.6100529 0.6419133 0.5422865 0.5585677 0.4416402 0.4643471 0.5289017 0.5299202 0.5097403 0.4771200 0.3675038 0.2911555 0.0000000 0.3294228 0.2688468 0.4205628 0.4199721 0.3700768 
taxon15    0.6306990 0.5922293 0.5993395 0.6202588 0.5585904 0.5549862 0.4369409 0.4847080 0.5365438 0.5214833 0.4899302 0.4520301 0.3655935 0.2806096 0.3294228 0.0000000 0.1764955 0.4222965 0.4709320 0.4112041 
taxon16    0.5979892 0.5743412 0.5806272 0.6617722 0.5276055 0.5807515 0.4066520 0.4492782 0.5119070 0.5027499 0.4570113 0.4469955 0.3471783 0.2738115 0.2688468 0.1764955 0.0000000 0.3618951 0.4159514 0.3808224 
taxon17    0.6672744 0.6817065 0.6984722 0.6449391 0.5472840 0.6107496 0.3818559 0.3671478 0.5160317 0.4533125 0.4623173 0.4089818 0.3395803 0.3665452 0.4205628 0.4222965 0.3618951 0.0000000 0.3400169 0.3992657 
taxon18    0.6989081 0.6497873 0.7121501 0.6430031 0.5771290 0.5923057 0.4084428 0.4377716 0.4409974 0.4716185 0.4720218 0.4393838 0.3433862 0.4201826 0.4199721 0.4709320 0.4159514 0.3400169 0.0000000 0.3027096 
taxon19    0.6788016 0.6076084 0.6383230 0.6109327 0.6208161 0.6004609 0.4124795 0.4367878 0.4923659 0.4151830 0.4377861 0.3971638 0.4087513 0.3778114 0.3700768 0.4112041 0.3808224 0.3992657 0.3027096 0.0000000 
