20
taxon0     0.0000000 0.0394415 0.0510809 0.0505514 0.2053879 0.2120466 0.2339718 0.2395244 0.2103315 0.2102592 0.2026284 0.2126072 0.2216820 0.2103236 0.2087045 0.2094709 0.2156253 0.2170440 0.2227690 0.2100590 
taxon1     0.0394415 0.0000000 0.0562407 0.0609444 0.2301860 0.2370337 0.2470496 0.2651685 0.2229672 0.2229410 0.2151503 0.2253751 0.2346571 0.2230213 0.2219025 0.2076119 0.2283347 0.2298044 0.2357304 0.2226980 
taxon2     0.0510809 0.0562407 0.0000000 0.0295315 0.2273183 0.2341154 0.2360983 0.2539785 0.2201589 0.2395466 0.2314678 0.2225274 0.2317258 0.2419813 0.2691636 0.2536872 0.2324546 0.2408867 0.2126093 0.2313327 
taxon3     0.0505514 0.0609444 0.0295315 0.0000000 0.2050610 0.2115773 0.2017310 0.2189857 0.1868234 0.2165633 0.1972502 0.2003396 0.2016575 0.2187173 0.2449698 0.2301452 0.1980551 0.2059246 0.1906400 0.1971265 
taxon4     0.2053879 0.2301860 0.2273183 0.2050610 0.0000000 0.0048156 0.0346154 0.0396884 0.0291197 0.0555216 0.0554387 0.0393060 0.0446830 0.0614026 0.0782085 0.0612021 0.0768553 0.0889464 0.0666631 0.0719597 
taxon5     0.2120466 0.2370337 0.2341154 0.2115773 0.0048156 0.0000000 0.0397124 0.0448223 0.0341062 0.0607969 0.0607063 0.0443936 0.0498433 0.0667731 0.0837418 0.0665530 0.0715309 0.0834854 0.0720605 0.0773905 
taxon6     0.2339718 0.2470496 0.2360983 0.2017310 0.0346154 0.0397124 0.0000000 0.0291878 0.0195558 0.0664705 0.0560839 0.0498080 0.0447434 0.0725680 0.0897574 0.0723261 0.0777204 0.0771937 0.0656643 0.0606603 
taxon7     0.2395244 0.2651685 0.2539785 0.2189857 0.0396884 0.0448223 0.0291878 0.0000000 0.0295443 0.0772314 0.0667385 0.0602078 0.0652278 0.0835206 0.1010266 0.0832370 0.0775321 0.0881302 0.0763141 0.0712790 
taxon8     0.2103315 0.2229672 0.2201589 0.1868234 0.0291197 0.0341062 0.0195558 0.0295443 0.0000000 0.0503713 0.0349031 0.0391715 0.0440752 0.0611868 0.0779306 0.0609877 0.0557367 0.0672848 0.0558914 0.0508594 
taxon9     0.2102592 0.2229410 0.2395466 0.2165633 0.0555216 0.0607969 0.0664705 0.0772314 0.0503713 0.0000000 0.0145353 0.0148169 0.0249083 0.0245651 0.0400882 0.0244910 0.0444485 0.0555191 0.0405828 0.0396543 
taxon10    0.2026284 0.2151503 0.2314678 0.1972502 0.0554387 0.0607063 0.0560839 0.0667385 0.0349031 0.0145353 0.0000000 0.0147943 0.0197217 0.0245282 0.0400277 0.0244542 0.0293063 0.0399438 0.0352062 0.0245208 
taxon11    0.2126072 0.2253751 0.2225274 0.2003396 0.0393060 0.0443936 0.0498080 0.0602078 0.0391715 0.0148169 0.0147943 0.0000000 0.0096833 0.0200239 0.0357153 0.0199627 0.0451604 0.0563884 0.0295696 0.0403033 
taxon12    0.2216820 0.2346571 0.2317258 0.2016575 0.0446830 0.0498433 0.0447434 0.0652278 0.0440752 0.0249083 0.0197217 0.0096833 0.0000000 0.0302968 0.0463112 0.0302024 0.0501722 0.0614987 0.0397811 0.0453287 
taxon13    0.2103236 0.2230213 0.2419813 0.2187173 0.0614026 0.0667731 0.0725680 0.0835206 0.0611868 0.0245651 0.0245282 0.0200239 0.0302968 0.0000000 0.0295700 0.0196063 0.0448453 0.0452472 0.0409536 0.0501870 
taxon14    0.2087045 0.2219025 0.2691636 0.2449698 0.0782085 0.0837418 0.0897574 0.1010266 0.0779306 0.0400882 0.0400277 0.0357153 0.0463112 0.0295700 0.0000000 0.0246332 0.0657597 0.0663220 0.0622696 0.0608984 
taxon15    0.2094709 0.2076119 0.2536872 0.2301452 0.0612021 0.0665530 0.0723261 0.0832370 0.0609877 0.0244910 0.0244542 0.0199627 0.0302024 0.0196063 0.0246332 0.0000000 0.0548428 0.0553203 0.0511732 0.0500278 
taxon16    0.2156253 0.2283347 0.2324546 0.1980551 0.0768553 0.0715309 0.0777204 0.0775321 0.0557367 0.0444485 0.0293063 0.0451604 0.0501722 0.0448453 0.0657597 0.0548428 0.0000000 0.0198271 0.0307863 0.0245877 
taxon17    0.2170440 0.2298044 0.2408867 0.2059246 0.0889464 0.0834854 0.0771937 0.0881302 0.0672848 0.0555191 0.0399438 0.0563884 0.0614987 0.0452472 0.0663220 0.0553203 0.0198271 0.0000000 0.0305453 0.0243985 
taxon18    0.2227690 0.2357304 0.2126093 0.1906400 0.0666631 0.0720605 0.0656643 0.0763141 0.0558914 0.0405828 0.0352062 0.0295696 0.0397811 0.0409536 0.0622696 0.0511732 0.0307863 0.0305453 0.0000000 0.0250951 
taxon19    0.2100590 0.2226980 0.2313327 0.1971265 0.0719597 0.0773905 0.0606603 0.0712790 0.0508594 0.0396543 0.0245208 0.0403033 0.0453287 0.0501870 0.0608984 0.0500278 0.0245877 0.0243985 0.0250951 0.0000000 
