20
taxon0     0.0000000 0.0625131 0.1834992 0.2646852 0.2559328 0.2355690 0.2585952 0.2422378 0.2048249 0.1862597 0.2320080 0.4832800 0.4845849 0.5222537 0.4639992 0.5076353 0.5046454 0.5340446 0.5717814 0.5621691 
taxon1     0.0625131 0.0000000 0.1460729 0.2361926 0.2323477 0.2062024 0.2347442 0.2051413 0.1769056 0.1820168 0.2132015 0.4844211 0.4857331 0.5154818 0.4635212 0.5033568 0.5038357 0.5334478 0.5703672 0.5607340 
taxon2     0.1834992 0.1460729 0.0000000 0.1134755 0.0986281 0.0916434 0.1054956 0.1389918 0.0973294 0.2253422 0.2446554 0.4692003 0.4820890 0.4825167 0.4528865 0.4947351 0.5078895 0.5425764 0.5774552 0.5658128 
taxon3     0.2646852 0.2361926 0.1134755 0.0000000 0.1048147 0.0679074 0.1106272 0.1744070 0.1658423 0.2903435 0.3117319 0.4928493 0.4802195 0.4798356 0.4365844 0.4770921 0.4957530 0.5112936 0.5432777 0.5247930 
taxon4     0.2559328 0.2323477 0.0986281 0.1048147 0.0000000 0.0772319 0.0797727 0.1728999 0.1494455 0.2799338 0.2917440 0.4689220 0.4817531 0.4809411 0.4499551 0.4934920 0.5021452 0.5277929 0.5722607 0.5416303 
taxon5     0.2355690 0.2062024 0.0916434 0.0679074 0.0772319 0.0000000 0.0469113 0.1519653 0.1412678 0.2594214 0.2873064 0.4828633 0.4959957 0.4955366 0.4551875 0.4911341 0.5137067 0.5349087 0.5678905 0.5489555 
taxon6     0.2585952 0.2347442 0.1054956 0.1106272 0.0797727 0.0469113 0.0000000 0.1939541 0.1688463 0.2802657 0.2855770 0.5154675 0.5292246 0.5281667 0.5051547 0.5438698 0.5674782 0.5900982 0.6250862 0.6052978 
taxon7     0.2422378 0.2051413 0.1389918 0.1744070 0.1728999 0.1519653 0.1939541 0.0000000 0.1029561 0.2637189 0.3053528 0.4794333 0.4662333 0.4776828 0.4647931 0.5269938 0.5233343 0.5388163 0.6208090 0.5772246 
taxon8     0.2048249 0.1769056 0.0973294 0.1658423 0.1494455 0.1412678 0.1688463 0.1029561 0.0000000 0.2259238 0.2584126 0.4851439 0.5097361 0.5092107 0.4566075 0.5046881 0.5074220 0.5268760 0.5934500 0.5626167 
taxon9     0.1862597 0.1820168 0.2253422 0.2903435 0.2799338 0.2594214 0.2802657 0.2637189 0.2259238 0.0000000 0.0857205 0.4592100 0.4604505 0.4843301 0.4222251 0.4700401 0.4728327 0.5172126 0.5805412 0.5394572 
taxon10    0.2320080 0.2132015 0.2446554 0.3117319 0.2917440 0.2873064 0.2855770 0.3053528 0.2584126 0.0857205 0.0000000 0.4814935 0.4828071 0.5069451 0.4322928 0.4791906 0.4818928 0.5263421 0.5949273 0.5586128 
taxon11    0.4832800 0.4844211 0.4692003 0.4928493 0.4689220 0.4828633 0.5154675 0.4794333 0.4851439 0.4592100 0.4814935 0.0000000 0.0428103 0.0650364 0.0821093 0.1178771 0.1578376 0.1637461 0.2146630 0.1994217 
taxon12    0.4845849 0.4857331 0.4820890 0.4802195 0.4817531 0.4959957 0.5292246 0.4662333 0.5097361 0.4604505 0.4828071 0.0428103 0.0000000 0.0472252 0.0923475 0.1282406 0.1685089 0.1805823 0.2255719 0.2036285 
taxon13    0.5222537 0.5154818 0.4825167 0.4798356 0.4809411 0.4955366 0.5281667 0.4776828 0.5092107 0.4843301 0.5069451 0.0650364 0.0472252 0.0000000 0.1041152 0.1361702 0.1772748 0.1961434 0.2307403 0.2144638 
taxon14    0.4639992 0.4635212 0.4528865 0.4365844 0.4499551 0.4551875 0.5051547 0.4647931 0.4566075 0.4222251 0.4322928 0.0821093 0.0923475 0.1041152 0.0000000 0.0632964 0.0876986 0.1161009 0.1562726 0.1363561 
taxon15    0.5076353 0.5033568 0.4947351 0.4770921 0.4934920 0.4911341 0.5438698 0.5269938 0.5046881 0.4700401 0.4791906 0.1178771 0.1282406 0.1361702 0.0632964 0.0000000 0.0817472 0.1050589 0.1433202 0.1293519 
taxon16    0.5046454 0.5038357 0.5078895 0.4957530 0.5021452 0.5137067 0.5674782 0.5233343 0.5074220 0.4728327 0.4818928 0.1578376 0.1685089 0.1772748 0.0876986 0.0817472 0.0000000 0.0634993 0.1111626 0.0922841 
taxon17    0.5340446 0.5334478 0.5425764 0.5112936 0.5277929 0.5349087 0.5900982 0.5388163 0.5268760 0.5172126 0.5263421 0.1637461 0.1805823 0.1961434 0.1161009 0.1050589 0.0634993 0.0000000 0.0702567 0.0527776 
taxon18    0.5717814 0.5703672 0.5774552 0.5432777 0.5722607 0.5678905 0.6250862 0.6208090 0.5934500 0.5805412 0.5949273 0.2146630 0.2255719 0.2307403 0.1562726 0.1433202 0.1111626 0.0702567 0.0000000 0.0475466 
taxon19    0.5621691 0.5607340 0.5658128 0.5247930 0.5416303 0.5489555 0.6052978 0.5772246 0.5626167 0.5394572 0.5586128 0.1994217 0.2036285 0.2144638 0.1363561 0.1293519 0.0922841 0.0527776 0.0475466 0.0000000 
