20
taxon0     0.0000000 0.0755583 0.3167865 0.2769989 0.3451407 0.3445761 0.3033403 0.3685677 0.4123571 0.4056655 0.5036065 0.2796978 0.2078305 0.2580356 0.5896032 0.5179899 0.5884689 0.5843153 0.4753679 0.5263079 
taxon1     0.0755583 0.0000000 0.2907888 0.2482897 0.3063121 0.3136443 0.3133647 0.3530620 0.3750958 0.3727059 0.4591461 0.2838969 0.2228476 0.2462865 0.5777042 0.4635866 0.5438470 0.5930050 0.4775195 0.5157298 
taxon2     0.3167865 0.2907888 0.0000000 0.2041986 0.1727614 0.2282419 0.3420235 0.3737293 0.3933004 0.4026994 0.4798155 0.3216409 0.2952708 0.3228913 0.6430653 0.5977020 0.6545737 0.6590715 0.5694482 0.5667387 
taxon3     0.2769989 0.2482897 0.2041986 0.0000000 0.2037560 0.2817325 0.3264941 0.3389516 0.3782101 0.3605710 0.4410422 0.3290068 0.2946591 0.2975222 0.6726541 0.5668157 0.6154115 0.6612510 0.5322482 0.5512837 
taxon4     0.3451407 0.3063121 0.1727614 0.2037560 0.0000000 0.1595042 0.3861059 0.3818840 0.4248421 0.4214046 0.4768540 0.3671648 0.3281141 0.3608678 0.6866346 0.5806301 0.6064717 0.6415014 0.6133484 0.6071361 
taxon5     0.3445761 0.3136443 0.2282419 0.2817325 0.1595042 0.0000000 0.3634661 0.3874068 0.4549276 0.4479546 0.4835012 0.3628044 0.3102029 0.4047905 0.7009847 0.5779487 0.6273747 0.6352739 0.5693661 0.5816220 
taxon6     0.3033403 0.3133647 0.3420235 0.3264941 0.3861059 0.3634661 0.0000000 0.1976363 0.2562843 0.2036908 0.2831842 0.1770653 0.1756854 0.2561817 0.6299458 0.5842890 0.6156112 0.6034972 0.5369961 0.5618351 
taxon7     0.3685677 0.3530620 0.3737293 0.3389516 0.3818840 0.3874068 0.1976363 0.0000000 0.1800267 0.1154582 0.2240915 0.2699059 0.2591985 0.2873592 0.6725355 0.6072425 0.6272314 0.6269057 0.5489065 0.5491367 
taxon8     0.4123571 0.3750958 0.3933004 0.3782101 0.4248421 0.4549276 0.2562843 0.1800267 0.0000000 0.1213827 0.1824128 0.3225975 0.2861504 0.3111785 0.5536544 0.5397114 0.5773302 0.5318363 0.5274841 0.5208144 
taxon9     0.4056655 0.3727059 0.4026994 0.3605710 0.4214046 0.4479546 0.2036908 0.1154582 0.1213827 0.0000000 0.1284800 0.2567310 0.2739812 0.2906834 0.5794814 0.5481630 0.5904926 0.5731273 0.5208368 0.5132683 
taxon10    0.5036065 0.4591461 0.4798155 0.4410422 0.4768540 0.4835012 0.2831842 0.2240915 0.1824128 0.1284800 0.0000000 0.3233718 0.3426639 0.3581705 0.6410523 0.5263061 0.5582391 0.5358396 0.5465056 0.5038173 
taxon11    0.2796978 0.2838969 0.3216409 0.3290068 0.3671648 0.3628044 0.1770653 0.2699059 0.3225975 0.2567310 0.3233718 0.0000000 0.1526247 0.2135206 0.6032769 0.5619946 0.5748370 0.6411048 0.5327312 0.5398176 
taxon12    0.2078305 0.2228476 0.2952708 0.2946591 0.3281141 0.3102029 0.1756854 0.2591985 0.2861504 0.2739812 0.3426639 0.1526247 0.0000000 0.1566587 0.5931292 0.5302178 0.5614874 0.5710924 0.5142816 0.5293815 
taxon13    0.2580356 0.2462865 0.3228913 0.2975222 0.3608678 0.4047905 0.2561817 0.2873592 0.3111785 0.2906834 0.3581705 0.2135206 0.1566587 0.0000000 0.5772692 0.5863266 0.5843899 0.6049445 0.5313704 0.5353155 
taxon14    0.5896032 0.5777042 0.6430653 0.6726541 0.6866346 0.7009847 0.6299458 0.6725355 0.5536544 0.5794814 0.6410523 0.6032769 0.5931292 0.5772692 0.0000000 0.2502021 0.3261387 0.2607610 0.3139218 0.3000973 
taxon15    0.5179899 0.4635866 0.5977020 0.5668157 0.5806301 0.5779487 0.5842890 0.6072425 0.5397114 0.5481630 0.5263061 0.5619946 0.5302178 0.5863266 0.2502021 0.0000000 0.1977850 0.1892210 0.2703602 0.2753799 
taxon16    0.5884689 0.5438470 0.6545737 0.6154115 0.6064717 0.6273747 0.6156112 0.6272314 0.5773302 0.5904926 0.5582391 0.5748370 0.5614874 0.5843899 0.3261387 0.1977850 0.0000000 0.2091087 0.3440528 0.3381681 
taxon17    0.5843153 0.5930050 0.6590715 0.6612510 0.6415014 0.6352739 0.6034972 0.6269057 0.5318363 0.5731273 0.5358396 0.6411048 0.5710924 0.6049445 0.2607610 0.1892210 0.2091087 0.0000000 0.3429941 0.3351575 
taxon18    0.4753679 0.4775195 0.5694482 0.5322482 0.6133484 0.5693661 0.5369961 0.5489065 0.5274841 0.5208368 0.5465056 0.5327312 0.5142816 0.5313704 0.3139218 0.2703602 0.3440528 0.3429941 0.0000000 0.0580217 
taxon19    0.5263079 0.5157298 0.5667387 0.5512837 0.6071361 0.5816220 0.5618351 0.5491367 0.5208144 0.5132683 0.5038173 0.5398176 0.5293815 0.5353155 0.3000973 0.2753799 0.3381681 0.3351575 0.0580217 0.0000000 
