20
taxon0     0.0000000 0.1484457 0.3598770 0.3689099 0.4048823 0.4202344 0.4138671 0.3711582 0.3895880 0.3471509 0.5075515 0.4801170 0.5886040 0.5640317 0.5559666 0.6076627 0.5701367 0.5467363 0.6187308 0.6224884 
taxon1     0.1484457 0.0000000 0.3321304 0.3192856 0.3514885 0.3593430 0.3713352 0.3054294 0.3394054 0.2997671 0.4699026 0.4388892 0.5493493 0.5152412 0.5118556 0.5551159 0.5263264 0.5302951 0.5801183 0.5617105 
taxon2     0.3598770 0.3321304 0.0000000 0.1432332 0.1693797 0.1863723 0.2184012 0.2426691 0.2888238 0.2949909 0.4890683 0.4908933 0.6526662 0.5968022 0.6070520 0.6223001 0.6625937 0.5803986 0.6123337 0.6267711 
taxon3     0.3689099 0.3192856 0.1432332 0.0000000 0.1051867 0.1080024 0.1373497 0.2102153 0.2495235 0.2586526 0.5274987 0.4931936 0.6538635 0.5782912 0.6044939 0.6331517 0.6504267 0.5946266 0.6564046 0.6552612 
taxon4     0.4048823 0.3514885 0.1693797 0.1051867 0.0000000 0.0752222 0.1094919 0.2525091 0.2924455 0.2813195 0.5117638 0.4626576 0.6681914 0.6083674 0.6132743 0.6574386 0.6642808 0.5899921 0.6650621 0.6421472 
taxon5     0.4202344 0.3593430 0.1863723 0.1080024 0.0752222 0.0000000 0.0508095 0.2529944 0.2932569 0.2947906 0.5370472 0.4978412 0.6820777 0.6395229 0.6469357 0.6614327 0.6900829 0.6233737 0.6912372 0.6790513 
taxon6     0.4138671 0.3713352 0.2184012 0.1373497 0.1094919 0.0508095 0.0000000 0.2830380 0.3171688 0.3117154 0.5535072 0.5047746 0.6997682 0.6437911 0.6671195 0.6717801 0.7013332 0.6438589 0.7080286 0.6942048 
taxon7     0.3711582 0.3054294 0.2426691 0.2102153 0.2525091 0.2529944 0.2830380 0.0000000 0.1425272 0.1271017 0.5212743 0.4848502 0.6259081 0.6106539 0.6150634 0.6348862 0.6510794 0.5899964 0.6282088 0.6544068 
taxon8     0.3895880 0.3394054 0.2888238 0.2495235 0.2924455 0.2932569 0.3171688 0.1425272 0.0000000 0.0728191 0.5244396 0.4696364 0.5798341 0.5806262 0.5625690 0.5973459 0.5900831 0.5510704 0.5761204 0.6017734 
taxon9     0.3471509 0.2997671 0.2949909 0.2586526 0.2813195 0.2947906 0.3117154 0.1271017 0.0728191 0.0000000 0.5589859 0.4905302 0.6061896 0.6180702 0.6010081 0.6335347 0.6208038 0.5876144 0.6298131 0.6667530 
taxon10    0.5075515 0.4699026 0.4890683 0.5274987 0.5117638 0.5370472 0.5535072 0.5212743 0.5244396 0.5589859 0.0000000 0.1229580 0.2640921 0.2415183 0.2672199 0.3248302 0.3289311 0.2490172 0.3538477 0.3412689 
taxon11    0.4801170 0.4388892 0.4908933 0.4931936 0.4626576 0.4978412 0.5047746 0.4848502 0.4696364 0.4905302 0.1229580 0.0000000 0.3231699 0.3100347 0.3345898 0.3863579 0.3762360 0.2745411 0.4020344 0.3757639 
taxon12    0.5886040 0.5493493 0.6526662 0.6538635 0.6681914 0.6820777 0.6997682 0.6259081 0.5798341 0.6061896 0.2640921 0.3231699 0.0000000 0.1753497 0.2019694 0.2537108 0.2483613 0.1681648 0.2488549 0.2317938 
taxon13    0.5640317 0.5152412 0.5968022 0.5782912 0.6083674 0.6395229 0.6437911 0.6106539 0.5806262 0.6180702 0.2415183 0.3100347 0.1753497 0.0000000 0.0936924 0.1590396 0.1511577 0.1939602 0.3104693 0.2639219 
taxon14    0.5559666 0.5118556 0.6070520 0.6044939 0.6132743 0.6469357 0.6671195 0.6150634 0.5625690 0.6010081 0.2672199 0.3345898 0.2019694 0.0936924 0.0000000 0.0517979 0.0513277 0.1958941 0.2924359 0.2519696 
taxon15    0.6076627 0.5551159 0.6223001 0.6331517 0.6574386 0.6614327 0.6717801 0.6348862 0.5973459 0.6335347 0.3248302 0.3863579 0.2537108 0.1590396 0.0517979 0.0000000 0.0569952 0.2549249 0.3517850 0.3079713 
taxon16    0.5701367 0.5263264 0.6625937 0.6504267 0.6642808 0.6900829 0.7013332 0.6510794 0.5900831 0.6208038 0.3289311 0.3762360 0.2483613 0.1511577 0.0513277 0.0569952 0.0000000 0.2483130 0.3428101 0.2994284 
taxon17    0.5467363 0.5302951 0.5803986 0.5946266 0.5899921 0.6233737 0.6438589 0.5899964 0.5510704 0.5876144 0.2490172 0.2745411 0.1681648 0.1939602 0.1958941 0.2549249 0.2483130 0.0000000 0.1498426 0.1415418 
taxon18    0.6187308 0.5801183 0.6123337 0.6564046 0.6650621 0.6912372 0.7080286 0.6282088 0.5761204 0.6298131 0.3538477 0.4020344 0.2488549 0.3104693 0.2924359 0.3517850 0.3428101 0.1498426 0.0000000 0.1099857 
taxon19    0.6224884 0.5617105 0.6267711 0.6552612 0.6421472 0.6790513 0.6942048 0.6544068 0.6017734 0.6667530 0.3412689 0.3757639 0.2317938 0.2639219 0.2519696 0.3079713 0.2994284 0.1415418 0.1099857 0.0000000 
