20
taxon0     0.0000000 0.0529485 0.1576833 0.2455121 0.1821774 0.1326041 0.1347270 0.2261384 0.2444870 0.2515504 0.2408035 0.2408673 0.2589265 0.2548829 0.2634743 0.2725568 0.2494434 0.2494838 0.2686898 0.2768417 
taxon1     0.0529485 0.0000000 0.1736105 0.2509633 0.1980989 0.1601390 0.1703102 0.2582787 0.2831439 0.2923256 0.2784615 0.2828502 0.2662655 0.2633691 0.2695663 0.2771056 0.2574775 0.2728575 0.2926240 0.3011126 
taxon2     0.1576833 0.1736105 0.0000000 0.1041144 0.0806872 0.1446825 0.1501537 0.2886389 0.2944734 0.3070859 0.3251419 0.3327962 0.3006026 0.3026601 0.2812044 0.2808877 0.2997282 0.3084367 0.3256110 0.2845833 
taxon3     0.2455121 0.2509633 0.1041144 0.0000000 0.0768104 0.2062050 0.2047921 0.3575992 0.3579680 0.3568838 0.3583463 0.3662483 0.3529452 0.3430109 0.3346291 0.3400928 0.3545255 0.3768421 0.3908357 0.3471245 
taxon4     0.1821774 0.1980989 0.0806872 0.0768104 0.0000000 0.1634321 0.1637635 0.3031128 0.2941955 0.3010888 0.3037714 0.3112385 0.3177180 0.3277649 0.3031943 0.3068819 0.3014914 0.3280251 0.3415443 0.3069871 
taxon5     0.1326041 0.1601390 0.1446825 0.2062050 0.1634321 0.0000000 0.0799293 0.2583198 0.2617250 0.2891673 0.2916235 0.2854311 0.2991312 0.2932856 0.2863012 0.2883025 0.2757554 0.2759047 0.3018875 0.3105104 
taxon6     0.1347270 0.1703102 0.1501537 0.2047921 0.1637635 0.0799293 0.0000000 0.2502404 0.2778234 0.2763131 0.2784301 0.2794662 0.3050645 0.2992417 0.2921513 0.2941913 0.2914858 0.2725138 0.2982307 0.2991853 
taxon7     0.2261384 0.2582787 0.2886389 0.3575992 0.3031128 0.2583198 0.2502404 0.0000000 0.0697316 0.1314966 0.1417240 0.1293645 0.1904743 0.1918505 0.2076536 0.2161074 0.1645683 0.1708659 0.1899620 0.1961298 
taxon8     0.2444870 0.2831439 0.2944734 0.3579680 0.2941955 0.2617250 0.2778234 0.0697316 0.0000000 0.1512229 0.1591805 0.1525632 0.2095511 0.2060865 0.2146392 0.2231938 0.1849829 0.1980653 0.2127371 0.2155590 
taxon9     0.2515504 0.2923256 0.3070859 0.3568838 0.3010888 0.2891673 0.2763131 0.1314966 0.1512229 0.0000000 0.1141407 0.1115236 0.2037393 0.2156724 0.2178666 0.2265439 0.1912562 0.1900023 0.2204619 0.2080425 
taxon10    0.2408035 0.2784615 0.3251419 0.3583463 0.3037714 0.2916235 0.2784301 0.1417240 0.1591805 0.1141407 0.0000000 0.0202947 0.2172828 0.1982480 0.2125248 0.2229814 0.1953734 0.2070639 0.2274193 0.2326881 
taxon11    0.2408673 0.2828502 0.3327962 0.3662483 0.3112385 0.2854311 0.2794662 0.1293645 0.1525632 0.1115236 0.0202947 0.0000000 0.2043026 0.2003003 0.2072700 0.2176614 0.1827138 0.1940146 0.2200098 0.2194521 
taxon12    0.2589265 0.2662655 0.3006026 0.3529452 0.3177180 0.2991312 0.3050645 0.1904743 0.2095511 0.2037393 0.2172828 0.2043026 0.0000000 0.0526602 0.0579923 0.0633494 0.0358036 0.1111300 0.1347296 0.1225826 
taxon13    0.2548829 0.2633691 0.3026601 0.3430109 0.3277649 0.2932856 0.2992417 0.1918505 0.2060865 0.2156724 0.1982480 0.2003003 0.0526602 0.0000000 0.0516629 0.0570589 0.0578565 0.1174544 0.1373213 0.1354387 
taxon14    0.2634743 0.2695663 0.2812044 0.3346291 0.3031943 0.2863012 0.2921513 0.2076536 0.2146392 0.2178666 0.2125248 0.2072700 0.0579923 0.0516629 0.0000000 0.0250141 0.0681897 0.1276355 0.1406124 0.1329507 
taxon15    0.2725568 0.2771056 0.2808877 0.3400928 0.3068819 0.2883025 0.2941913 0.2161074 0.2231938 0.2265439 0.2229814 0.2176614 0.0633494 0.0570589 0.0250141 0.0000000 0.0682936 0.1349448 0.1473490 0.1395424 
taxon16    0.2494434 0.2574775 0.2997282 0.3545255 0.3014914 0.2757554 0.2914858 0.1645683 0.1849829 0.1912562 0.1953734 0.1827138 0.0358036 0.0578565 0.0681897 0.0682936 0.0000000 0.0932022 0.1107203 0.1105164 
taxon17    0.2494838 0.2728575 0.3084367 0.3768421 0.3280251 0.2759047 0.2725138 0.1708659 0.1980653 0.1900023 0.2070639 0.1940146 0.1111300 0.1174544 0.1276355 0.1349448 0.0932022 0.0000000 0.0571474 0.0574253 
taxon18    0.2686898 0.2926240 0.3256110 0.3908357 0.3415443 0.3018875 0.2982307 0.1899620 0.2127371 0.2204619 0.2274193 0.2200098 0.1347296 0.1373213 0.1406124 0.1473490 0.1107203 0.0571474 0.0000000 0.0463327 
taxon19    0.2768417 0.3011126 0.2845833 0.3471245 0.3069871 0.3105104 0.2991853 0.1961298 0.2155590 0.2080425 0.2326881 0.2194521 0.1225826 0.1354387 0.1329507 0.1395424 0.1105164 0.0574253 0.0463327 0.0000000 
