20
taxon0     0.0000000 0.0459316 0.0844599 0.0779790 0.2318240 0.2244320 0.2349257 0.2387130 0.2031686 0.2137445 0.2882216 0.2942984 0.2608221 0.2863882 0.2750661 0.2599410 0.2578698 0.2919502 0.2749455 0.2855533 
taxon1     0.0459316 0.0000000 0.0395789 0.0294842 0.2322884 0.1934156 0.2247964 0.2191588 0.2052991 0.2029710 0.2375077 0.2431993 0.2117851 0.2359920 0.2307305 0.2103618 0.2189963 0.2470150 0.2457656 0.2345131 
taxon2     0.0844599 0.0395789 0.0000000 0.0491947 0.2453543 0.2304298 0.2584197 0.2577593 0.2435813 0.2286959 0.2223907 0.2399985 0.2089772 0.2209669 0.2276866 0.2075882 0.2236647 0.2194548 0.2183661 0.2072540 
taxon3     0.0779790 0.0294842 0.0491947 0.0000000 0.2464214 0.2067043 0.2387733 0.2331138 0.2448303 0.2419985 0.2414284 0.2344982 0.2158475 0.2399045 0.2219593 0.2140384 0.2296819 0.2449889 0.2494185 0.2325841 
taxon4     0.2318240 0.2322884 0.2453543 0.2464214 0.0000000 0.0457262 0.0454825 0.0298424 0.0620898 0.0720797 0.1173361 0.1055438 0.0892345 0.1219828 0.0841893 0.0781781 0.0965454 0.1114793 0.1293608 0.1114642 
taxon5     0.2244320 0.1934156 0.2304298 0.2067043 0.0457262 0.0000000 0.0454861 0.0353673 0.0734010 0.0726568 0.1239463 0.1063244 0.0955724 0.1285838 0.0904990 0.0843861 0.0965437 0.1068111 0.1246421 0.1067956 
taxon6     0.2349257 0.2247964 0.2584197 0.2387733 0.0454825 0.0454861 0.0000000 0.0297137 0.0838656 0.0830140 0.1122795 0.1114198 0.0950548 0.1278982 0.0900065 0.0786176 0.0832020 0.0954626 0.1017169 0.1009025 
taxon7     0.2387130 0.2191588 0.2577593 0.2331138 0.0298424 0.0353673 0.0297137 0.0000000 0.0514872 0.0725823 0.1170450 0.1052808 0.0890090 0.1216836 0.0839745 0.0779787 0.0899093 0.1001956 0.1178173 0.1001798 
taxon8     0.2031686 0.2052991 0.2435813 0.2448303 0.0620898 0.0734010 0.0838656 0.0514872 0.0000000 0.0199217 0.1003686 0.0996776 0.0727646 0.1050624 0.0785191 0.0725826 0.0787292 0.1108034 0.1232881 0.1107882 
taxon9     0.2137445 0.2029710 0.2286959 0.2419985 0.0720797 0.0726568 0.0830140 0.0725823 0.0199217 0.0000000 0.0887016 0.0986625 0.0720324 0.0933952 0.0672266 0.0614641 0.0674008 0.0990190 0.1111897 0.0990033 
taxon10    0.2882216 0.2375077 0.2223907 0.2414284 0.1173361 0.1239463 0.1122795 0.1170450 0.1003686 0.0887016 0.0000000 0.0602103 0.0348106 0.0551504 0.0448198 0.0604903 0.0723122 0.0709893 0.0822108 0.0869968 
taxon11    0.2942984 0.2431993 0.2399985 0.2344982 0.1055438 0.1063244 0.1114198 0.1052808 0.0996776 0.0986625 0.0602103 0.0000000 0.0246199 0.0445276 0.0656283 0.0650263 0.0715563 0.0809129 0.0924887 0.0808975 
taxon12    0.2608221 0.2117851 0.2089772 0.2158475 0.0892345 0.0955724 0.0950548 0.0890090 0.0727646 0.0720324 0.0348106 0.0246199 0.0000000 0.0295850 0.0400267 0.0447454 0.0560705 0.0706659 0.0820733 0.0706510 
taxon13    0.2863882 0.2359920 0.2209669 0.2399045 0.1219828 0.1285838 0.1278982 0.1216836 0.1050624 0.0933952 0.0551504 0.0445276 0.0295850 0.0000000 0.0605335 0.0651700 0.0770270 0.0809574 0.0925395 0.0809420 
taxon14    0.2750661 0.2307305 0.2276866 0.2219593 0.0841893 0.0904990 0.0900065 0.0839745 0.0785191 0.0672266 0.0448198 0.0656283 0.0400267 0.0605335 0.0000000 0.0246520 0.0406635 0.0655092 0.0819104 0.0654947 
taxon15    0.2599410 0.2103618 0.2075882 0.2140384 0.0781781 0.0843861 0.0786176 0.0779787 0.0725826 0.0614641 0.0604903 0.0650263 0.0447454 0.0651700 0.0246520 0.0000000 0.0200313 0.0599018 0.0760757 0.0497270 
taxon16    0.2578698 0.2189963 0.2236647 0.2296819 0.0965454 0.0965437 0.0832020 0.0899093 0.0787292 0.0674008 0.0723122 0.0715563 0.0560705 0.0770270 0.0406635 0.0200313 0.0000000 0.0661453 0.0882727 0.0557834 
taxon17    0.2919502 0.2470150 0.2194548 0.2449889 0.1114793 0.1068111 0.0954626 0.1001956 0.1108034 0.0990190 0.0709893 0.0809129 0.0706659 0.0809574 0.0655092 0.0599018 0.0661453 0.0000000 0.0246333 0.0195955 
taxon18    0.2749455 0.2457656 0.2183661 0.2494185 0.1293608 0.1246421 0.1017169 0.1178173 0.1232881 0.1111897 0.0822108 0.0924887 0.0820733 0.0925395 0.0819104 0.0760757 0.0882727 0.0246333 0.0000000 0.0400488 
taxon19    0.2855533 0.2345131 0.2072540 0.2325841 0.1114642 0.1067956 0.1009025 0.1001798 0.1107882 0.0990033 0.0869968 0.0808975 0.0706510 0.0809420 0.0654947 0.0497270 0.0557834 0.0195955 0.0400488 0.0000000 
