20
taxon0     0.0000000 0.1748187 0.3082113 0.2346465 0.2097384 0.2600090 0.2988531 0.2529043 0.2351112 0.2643081 0.1987944 0.3525655 0.4353921 0.4212551 0.3267129 0.5051988 0.4609584 0.3963337 0.4465000 0.4090378 
taxon1     0.1748187 0.0000000 0.2370725 0.1761991 0.1940364 0.2413779 0.1998052 0.2258931 0.2121607 0.3119556 0.2607985 0.3746350 0.4488575 0.4609358 0.3962151 0.4297600 0.4783449 0.4338083 0.4245752 0.4303697 
taxon2     0.3082113 0.2370725 0.0000000 0.1798307 0.1897792 0.2078075 0.2308503 0.2078449 0.2022877 0.2915243 0.3020611 0.4914868 0.4481929 0.4993756 0.5304939 0.4392005 0.5238526 0.5020131 0.4289679 0.4770376 
taxon3     0.2346465 0.1761991 0.1798307 0.0000000 0.1599038 0.1802363 0.1963453 0.1828689 0.1491792 0.2655712 0.2701374 0.4400672 0.4558642 0.5038933 0.4813549 0.4718277 0.4976538 0.4382575 0.4098164 0.4820778 
taxon4     0.2097384 0.1940364 0.1897792 0.1599038 0.0000000 0.1218542 0.1438972 0.0991808 0.0837267 0.3273449 0.3014842 0.3970601 0.4359743 0.4323881 0.4547208 0.4694493 0.4938250 0.4507921 0.4170558 0.4514687 
taxon5     0.2600090 0.2413779 0.2078075 0.1802363 0.1218542 0.0000000 0.0966983 0.0748938 0.0650530 0.3259277 0.3526060 0.4526391 0.4300736 0.4765920 0.4939033 0.4663449 0.4822883 0.4656810 0.3925366 0.4759624 
taxon6     0.2988531 0.1998052 0.2308503 0.1963453 0.1438972 0.0966983 0.0000000 0.0967656 0.1033219 0.3509866 0.3784894 0.4739043 0.4970923 0.5445758 0.5335456 0.4836513 0.5223761 0.5183871 0.4515885 0.5102035 
taxon7     0.2529043 0.2258931 0.2078449 0.1828689 0.0991808 0.0748938 0.0967656 0.0000000 0.0541718 0.3180162 0.3037180 0.4876233 0.5032752 0.5155381 0.5013990 0.4913028 0.5073827 0.5279839 0.4336995 0.5171077 
taxon8     0.2351112 0.2121607 0.2022877 0.1491792 0.0837267 0.0650530 0.1033219 0.0541718 0.0000000 0.3338690 0.3058945 0.4494786 0.4740887 0.5023722 0.4881308 0.4854222 0.5022766 0.4962677 0.4129838 0.4957348 
taxon9     0.2643081 0.3119556 0.2915243 0.2655712 0.3273449 0.3259277 0.3509866 0.3180162 0.3338690 0.0000000 0.0920669 0.4948200 0.4554410 0.4408725 0.4163336 0.4370004 0.4545273 0.4060591 0.4359357 0.3514314 
taxon10    0.1987944 0.2607985 0.3020611 0.2701374 0.3014842 0.3526060 0.3784894 0.3037180 0.3058945 0.0920669 0.0000000 0.4234778 0.4135649 0.4195387 0.3700529 0.4444870 0.4711649 0.3682709 0.4026135 0.3186744 
taxon11    0.3525655 0.3746350 0.4914868 0.4400672 0.3970601 0.4526391 0.4739043 0.4876233 0.4494786 0.4948200 0.4234778 0.0000000 0.1636619 0.1686269 0.1389140 0.2613797 0.2482445 0.1822367 0.1855241 0.1803528 
taxon12    0.4353921 0.4488575 0.4481929 0.4558642 0.4359743 0.4300736 0.4970923 0.5032752 0.4740887 0.4554410 0.4135649 0.1636619 0.0000000 0.1683710 0.2009828 0.2357058 0.2847720 0.2001142 0.1981381 0.1811260 
taxon13    0.4212551 0.4609358 0.4993756 0.5038933 0.4323881 0.4765920 0.5445758 0.5155381 0.5023722 0.4408725 0.4195387 0.1686269 0.1683710 0.0000000 0.2020484 0.2704466 0.2792701 0.2202032 0.2468872 0.2130786 
taxon14    0.3267129 0.3962151 0.5304939 0.4813549 0.4547208 0.4939033 0.5335456 0.5013990 0.4881308 0.4163336 0.3700529 0.1389140 0.2009828 0.2020484 0.0000000 0.2048997 0.2306259 0.1081027 0.1541058 0.1191229 
taxon15    0.5051988 0.4297600 0.4392005 0.4718277 0.4694493 0.4663449 0.4836513 0.4913028 0.4854222 0.4370004 0.4444870 0.2613797 0.2357058 0.2704466 0.2048997 0.0000000 0.2812466 0.1993439 0.1875110 0.1915946 
taxon16    0.4609584 0.4783449 0.5238526 0.4976538 0.4938250 0.4822883 0.5223761 0.5073827 0.5022766 0.4545273 0.4711649 0.2482445 0.2847720 0.2792701 0.2306259 0.2812466 0.0000000 0.2323418 0.2383454 0.1961428 
taxon17    0.3963337 0.4338083 0.5020131 0.4382575 0.4507921 0.4656810 0.5183871 0.5279839 0.4962677 0.4060591 0.3682709 0.1822367 0.2001142 0.2202032 0.1081027 0.1993439 0.2323418 0.0000000 0.1422511 0.1126312 
taxon18    0.4465000 0.4245752 0.4289679 0.4098164 0.4170558 0.3925366 0.4515885 0.4336995 0.4129838 0.4359357 0.4026135 0.1855241 0.1981381 0.2468872 0.1541058 0.1875110 0.2383454 0.1422511 0.0000000 0.1379639 
taxon19    0.4090378 0.4303697 0.4770376 0.4820778 0.4514687 0.4759624 0.5102035 0.5171077 0.4957348 0.3514314 0.3186744 0.1803528 0.1811260 0.2130786 0.1191229 0.1915946 0.1961428 0.1126312 0.1379639 0.0000000 
