20
taxon0     0.0000000 0.0145046 0.0711370 0.0665250 0.1335067 0.1403704 0.1332948 0.1470757 0.1409183 0.1526942 0.1336730 0.1513526 0.1692285 0.1878887 0.1884378 0.2011112 0.2011112 0.1504224 0.1393406 0.1396037 
taxon1     0.0145046 0.0000000 0.0708146 0.0662177 0.1387127 0.1385139 0.1384944 0.1451272 0.1390490 0.1506805 0.1326801 0.1502218 0.1679583 0.1864688 0.1870108 0.1995815 0.1995815 0.1493042 0.1383035 0.1385632 
taxon2     0.0711370 0.0708146 0.0000000 0.0455235 0.1288728 0.1290655 0.1286664 0.1356314 0.1175731 0.1290169 0.1222983 0.1211763 0.1573514 0.1630046 0.1634933 0.1757195 0.1757195 0.1342975 0.1389674 0.1281345 
taxon3     0.0665250 0.0662177 0.0455235 0.0000000 0.1421523 0.1423608 0.1419256 0.1433679 0.1429210 0.1548169 0.1241956 0.1418654 0.1597238 0.1783347 0.1788667 0.1914981 0.1914981 0.1522575 0.1523707 0.1413503 
taxon4     0.1335067 0.1387127 0.1288728 0.1421523 0.0000000 0.0145828 0.0192449 0.0196078 0.0244651 0.0295313 0.0193024 0.0341371 0.0396954 0.0551870 0.0553701 0.0658841 0.0658841 0.0289808 0.0289941 0.0193045 
taxon5     0.1403704 0.1385139 0.1290655 0.1423608 0.0145828 0.0000000 0.0145020 0.0048026 0.0095885 0.0192904 0.0192532 0.0340508 0.0442472 0.0493657 0.0598561 0.0598396 0.0598396 0.0240087 0.0240194 0.0143933 
taxon6     0.1332948 0.1384944 0.1286664 0.1419256 0.0192449 0.0145020 0.0000000 0.0194982 0.0145563 0.0244014 0.0192701 0.0340804 0.0391312 0.0442042 0.0545900 0.0545751 0.0545751 0.0240295 0.0143614 0.0144059 
taxon7     0.1470757 0.1451272 0.1356314 0.1433679 0.0196078 0.0048026 0.0194982 0.0000000 0.0145037 0.0243165 0.0193805 0.0342768 0.0445427 0.0496959 0.0602588 0.0602420 0.0602420 0.0290526 0.0290659 0.0193526 
taxon8     0.1409183 0.1390490 0.1175731 0.1429210 0.0244651 0.0095885 0.0145563 0.0145037 0.0000000 0.0095856 0.0193248 0.0241699 0.0492750 0.0440837 0.0544408 0.0544261 0.0544261 0.0194042 0.0241083 0.0144468 
taxon9     0.1526942 0.1506805 0.1290169 0.1548169 0.0295313 0.0192904 0.0244014 0.0243165 0.0095856 0.0000000 0.0291603 0.0340400 0.0543613 0.0491245 0.0595641 0.0595478 0.0595478 0.0244140 0.0291203 0.0193894 
taxon10    0.1336730 0.1326801 0.1222983 0.1241956 0.0193024 0.0192532 0.0192701 0.0193805 0.0193248 0.0291603 0.0000000 0.0144587 0.0291782 0.0442553 0.0444018 0.0546402 0.0546402 0.0240215 0.0240322 0.0144008 
taxon11    0.1513526 0.1502218 0.1211763 0.1418654 0.0341371 0.0340508 0.0340804 0.0342768 0.0241699 0.0340400 0.0144587 0.0000000 0.0341103 0.0390237 0.0391529 0.0492725 0.0492725 0.0342018 0.0388597 0.0291068 
taxon12    0.1692285 0.1679583 0.1573514 0.1597238 0.0396954 0.0442472 0.0391312 0.0445427 0.0492750 0.0543613 0.0291782 0.0341103 0.0000000 0.0143814 0.0144300 0.0242084 0.0242084 0.0489635 0.0390147 0.0391378 
taxon13    0.1878887 0.1864688 0.1630046 0.1783347 0.0551870 0.0493657 0.0442042 0.0496959 0.0440837 0.0491245 0.0442553 0.0390237 0.0143814 0.0000000 0.0095892 0.0095870 0.0095870 0.0494697 0.0440724 0.0442121 
taxon14    0.1884378 0.1870108 0.1634933 0.1788667 0.0553701 0.0598561 0.0545900 0.0602588 0.0544408 0.0595641 0.0444018 0.0391529 0.0144300 0.0095892 0.0000000 0.0095713 0.0095713 0.0599778 0.0544266 0.0546008 
taxon15    0.2011112 0.1995815 0.1757195 0.1914981 0.0658841 0.0598396 0.0545751 0.0602420 0.0544261 0.0595478 0.0546402 0.0492725 0.0242084 0.0095870 0.0095713 0.0000000 0.0000010 0.0599612 0.0544119 0.0545860 
taxon16    0.2011112 0.1995815 0.1757195 0.1914981 0.0658841 0.0598396 0.0545751 0.0602420 0.0544261 0.0595478 0.0546402 0.0492725 0.0242084 0.0095870 0.0095713 0.0000010 0.0000000 0.0599612 0.0544119 0.0545860 
taxon17    0.1504224 0.1493042 0.1342975 0.1522575 0.0289808 0.0240087 0.0240295 0.0290526 0.0194042 0.0244140 0.0240215 0.0342018 0.0489635 0.0494697 0.0599778 0.0599612 0.0599612 0.0000000 0.0190639 0.0095202 
taxon18    0.1393406 0.1383035 0.1389674 0.1523707 0.0289941 0.0240194 0.0143614 0.0290659 0.0241083 0.0291203 0.0240322 0.0388597 0.0390147 0.0440724 0.0544266 0.0544119 0.0544119 0.0190639 0.0000000 0.0095242 
taxon19    0.1396037 0.1385632 0.1281345 0.1413503 0.0193045 0.0143933 0.0144059 0.0193526 0.0144468 0.0193894 0.0144008 0.0291068 0.0391378 0.0442121 0.0546008 0.0545860 0.0545860 0.0095202 0.0095242 0.0000000 
