20
taxon0     0.0000000 0.2224132 0.2104799 0.1971094 0.3515079 0.3032098 0.4177019 0.4283356 0.4002167 0.4220600 0.4498879 0.4458869 0.4182299 0.4640212 0.4493481 0.4958437 0.5053468 0.5121415 0.4847937 0.5208713 
taxon1     0.2224132 0.0000000 0.1206797 0.1201167 0.3965682 0.3492563 0.4443588 0.4645492 0.4401116 0.4684621 0.5257760 0.4897610 0.5017455 0.5243274 0.5060985 0.5331160 0.5328093 0.5658422 0.5645135 0.5672224 
taxon2     0.2104799 0.1206797 0.0000000 0.0574981 0.4094877 0.3934087 0.4389390 0.4543482 0.4141035 0.4472963 0.4833952 0.4768443 0.4684215 0.4665181 0.4559014 0.5366819 0.5363799 0.5556032 0.5417676 0.5627360 
taxon3     0.1971094 0.1201167 0.0574981 0.0000000 0.3938270 0.3740659 0.4400958 0.4593862 0.4142809 0.4428286 0.4776083 0.4704387 0.4542157 0.4738484 0.4556795 0.5306163 0.5303107 0.5498353 0.5362949 0.5551787 
taxon4     0.3515079 0.3965682 0.4094877 0.3938270 0.0000000 0.1258592 0.3205001 0.3748022 0.4512035 0.3715290 0.4321584 0.4242987 0.4535314 0.4732806 0.4487461 0.4418281 0.4357568 0.5386851 0.5025875 0.5162926 
taxon5     0.3032098 0.3492563 0.3934087 0.3740659 0.1258592 0.0000000 0.3017485 0.3448387 0.4448672 0.3438362 0.4135734 0.4013913 0.4360491 0.4511267 0.4205954 0.3981450 0.3921329 0.4889272 0.4671308 0.4679168 
taxon6     0.4177019 0.4443588 0.4389390 0.4400958 0.3205001 0.3017485 0.0000000 0.1347528 0.2398725 0.2082527 0.2288081 0.2317253 0.2986842 0.3374513 0.3113520 0.2280952 0.2214926 0.3626397 0.3197540 0.3271460 
taxon7     0.4283356 0.4645492 0.4543482 0.4593862 0.3748022 0.3448387 0.1347528 0.0000000 0.1665030 0.2479795 0.2780202 0.2788985 0.3204227 0.3623254 0.3451383 0.3090888 0.3014149 0.4131975 0.3951636 0.3809146 
taxon8     0.4002167 0.4401116 0.4141035 0.4142809 0.4512035 0.4448672 0.2398725 0.1665030 0.0000000 0.3130394 0.3207700 0.3185472 0.2804784 0.3246507 0.3041506 0.3346652 0.3338201 0.4014315 0.3755142 0.3820072 
taxon9     0.4220600 0.4684621 0.4472963 0.4428286 0.3715290 0.3438362 0.2082527 0.2479795 0.3130394 0.0000000 0.1475942 0.1540018 0.2233125 0.2616390 0.2378023 0.1739074 0.1868452 0.3060121 0.2661548 0.2555571 
taxon10    0.4498879 0.5257760 0.4833952 0.4776083 0.4321584 0.4135734 0.2288081 0.2780202 0.3207700 0.1475942 0.0000000 0.0937840 0.2554847 0.2979282 0.2884507 0.2314977 0.2324145 0.3545997 0.2928945 0.3050594 
taxon11    0.4458869 0.4897610 0.4768443 0.4704387 0.4242987 0.4013913 0.2317253 0.2788985 0.3185472 0.1540018 0.0937840 0.0000000 0.2698413 0.3148149 0.2883030 0.2401936 0.2411494 0.3503576 0.3022551 0.3181721 
taxon12    0.4182299 0.5017455 0.4684215 0.4542157 0.4535314 0.4360491 0.2986842 0.3204227 0.2804784 0.2233125 0.2554847 0.2698413 0.0000000 0.0800473 0.0917158 0.1772533 0.1778137 0.2512833 0.2275635 0.2363434 
taxon13    0.4640212 0.5243274 0.4665181 0.4738484 0.4732806 0.4511267 0.3374513 0.3623254 0.3246507 0.2616390 0.2979282 0.3148149 0.0800473 0.0000000 0.0515965 0.2161634 0.2168683 0.2804615 0.2562544 0.2672116 
taxon14    0.4493481 0.5060985 0.4559014 0.4556795 0.4487461 0.4205954 0.3113520 0.3451383 0.3041506 0.2378023 0.2884507 0.2883030 0.0917158 0.0515965 0.0000000 0.2000316 0.2006774 0.2828868 0.2579507 0.2688500 
taxon15    0.4958437 0.5331160 0.5366819 0.5306163 0.4418281 0.3981450 0.2280952 0.3090888 0.3346652 0.1739074 0.2314977 0.2401936 0.1772533 0.2161634 0.2000316 0.0000000 0.0100422 0.1381389 0.1032353 0.1012786 
taxon16    0.5053468 0.5328093 0.5363799 0.5303107 0.4357568 0.3921329 0.2214926 0.3014149 0.3338201 0.1868452 0.2324145 0.2411494 0.1778137 0.2168683 0.2006774 0.0100422 0.0000000 0.1445057 0.1036011 0.1016316 
taxon17    0.5121415 0.5658422 0.5556032 0.5498353 0.5386851 0.4889272 0.3626397 0.4131975 0.4014315 0.3060121 0.3545997 0.3503576 0.2512833 0.2804615 0.2828868 0.1381389 0.1445057 0.0000000 0.1149932 0.1274301 
taxon18    0.4847937 0.5645135 0.5417676 0.5362949 0.5025875 0.4671308 0.3197540 0.3951636 0.3755142 0.2661548 0.2928945 0.3022551 0.2275635 0.2562544 0.2579507 0.1032353 0.1036011 0.1149932 0.0000000 0.0580972 
taxon19    0.5208713 0.5672224 0.5627360 0.5551787 0.5162926 0.4679168 0.3271460 0.3809146 0.3820072 0.2555571 0.3050594 0.3181721 0.2363434 0.2672116 0.2688500 0.1012786 0.1016316 0.1274301 0.0580972 0.0000000 
