20
taxon0     0.0000000 0.0244456 0.0399131 0.0297161 0.0350575 0.0398233 0.0500560 0.0503773 0.0556233 0.0453263 0.0503846 0.1794341 0.1544705 0.1484223 0.1484223 0.1557637 0.1534799 0.1532129 0.1533381 0.1539342 
taxon1     0.0244456 0.0000000 0.0459515 0.0198537 0.0300920 0.0197335 0.0401327 0.0451253 0.0501724 0.0500960 0.0449935 0.1555421 0.1365461 0.1364353 0.1364353 0.1494635 0.1414690 0.1538901 0.1593786 0.1472182 
taxon2     0.0399131 0.0459515 0.0000000 0.0301609 0.0348482 0.0456427 0.0513883 0.0504200 0.0609178 0.0449324 0.0556410 0.1783247 0.1432474 0.1510007 0.1510007 0.1567021 0.1634122 0.1631264 0.1603331 0.1609591 
taxon3     0.0297161 0.0198537 0.0301609 0.0000000 0.0097873 0.0197150 0.0351016 0.0400395 0.0450738 0.0450058 0.0399228 0.1568458 0.1307471 0.1306411 0.1306411 0.1435716 0.1426420 0.1423898 0.1476096 0.1481841 
taxon4     0.0350575 0.0300920 0.0348482 0.0097873 0.0000000 0.0298848 0.0456015 0.0455068 0.0454522 0.0453830 0.0402579 0.1555543 0.1318744 0.1430126 0.1430126 0.1369024 0.1552285 0.1549565 0.1488746 0.1494581 
taxon5     0.0398233 0.0197335 0.0456427 0.0197150 0.0298848 0.0000000 0.0453617 0.0503762 0.0554506 0.0553652 0.0502284 0.1619151 0.1357471 0.1356374 0.1356374 0.1486027 0.1476469 0.1483345 0.1654298 0.1531773 
taxon6     0.0500560 0.0401327 0.0513883 0.0351016 0.0456015 0.0453617 0.0000000 0.0348828 0.0398942 0.0398346 0.0347815 0.1505019 0.1485890 0.1484673 0.1484673 0.1617724 0.1364927 0.1362503 0.1471972 0.1477685 
taxon7     0.0503773 0.0451253 0.0504200 0.0400395 0.0455068 0.0503762 0.0348828 0.0000000 0.0196410 0.0146127 0.0146778 0.1499979 0.1425937 0.1367529 0.1367529 0.1376591 0.1249198 0.1371423 0.1426549 0.1306506 
taxon8     0.0556233 0.0501724 0.0609178 0.0450738 0.0454522 0.0554506 0.0398942 0.0196410 0.0000000 0.0195896 0.0048659 0.1556383 0.1424214 0.1423052 0.1423052 0.1499003 0.1304261 0.1427114 0.1309239 0.1304923 
taxon9     0.0453263 0.0500960 0.0449324 0.0450058 0.0453830 0.0553652 0.0398346 0.0146127 0.0195896 0.0000000 0.0146397 0.1553418 0.1421574 0.1420417 0.1420417 0.1496168 0.1301893 0.1424463 0.1422181 0.1302552 
taxon10    0.0503846 0.0449935 0.0556410 0.0399228 0.0402579 0.0502284 0.0347815 0.0146778 0.0048659 0.0146397 0.0000000 0.1495152 0.1364298 0.1363189 0.1363189 0.1438049 0.1245261 0.1367058 0.1250000 0.1245883 
taxon11    0.1794341 0.1555421 0.1783247 0.1568458 0.1555543 0.1619151 0.1505019 0.1499979 0.1556383 0.1553418 0.1495152 0.0000000 0.0298148 0.0297928 0.0297928 0.0296579 0.0197268 0.0298674 0.0398474 0.0296634 
taxon12    0.1544705 0.1365461 0.1432474 0.1307471 0.1318744 0.1357471 0.1485890 0.1425937 0.1424214 0.1421574 0.1364298 0.0298148 0.0000000 0.0096710 0.0096710 0.0147059 0.0194858 0.0295017 0.0244992 0.0145907 
taxon13    0.1484223 0.1364353 0.1510007 0.1306411 0.1430126 0.1356374 0.1484673 0.1367529 0.1423052 0.1420417 0.1363189 0.0297928 0.0096710 0.0000000 0.0000010 0.0097783 0.0097149 0.0196108 0.0244815 0.0145802 
taxon14    0.1484223 0.1364353 0.1510007 0.1306411 0.1430126 0.1356374 0.1484673 0.1367529 0.1423052 0.1420417 0.1363189 0.0297928 0.0096710 0.0000010 0.0000000 0.0097783 0.0097149 0.0196108 0.0244815 0.0145802 
taxon15    0.1557637 0.1494635 0.1567021 0.1435716 0.1369024 0.1486027 0.1617724 0.1376591 0.1499003 0.1496168 0.1438049 0.0296579 0.0147059 0.0097783 0.0097783 0.0000000 0.0197024 0.0298309 0.0297835 0.0197082 
taxon16    0.1534799 0.1414690 0.1634122 0.1426420 0.1552285 0.1476469 0.1364927 0.1249198 0.1304261 0.1301893 0.1245261 0.0197268 0.0194858 0.0097149 0.0097149 0.0197024 0.0000000 0.0097385 0.0194905 0.0096734 
taxon17    0.1532129 0.1538901 0.1631264 0.1423898 0.1549565 0.1483345 0.1362503 0.1371423 0.1427114 0.1424463 0.1367058 0.0298674 0.0295017 0.0196108 0.0196108 0.0298309 0.0097385 0.0000000 0.0194540 0.0195265 
taxon18    0.1533381 0.1593786 0.1603331 0.1476096 0.1488746 0.1654298 0.1471972 0.1426549 0.1309239 0.1422181 0.1250000 0.0398474 0.0244992 0.0244815 0.0244815 0.0297835 0.0194905 0.0194540 0.0000000 0.0097147 
taxon19    0.1539342 0.1472182 0.1609591 0.1481841 0.1494581 0.1531773 0.1477685 0.1306506 0.1304923 0.1302552 0.1245883 0.0296634 0.0145907 0.0145802 0.0145802 0.0197082 0.0096734 0.0195265 0.0097147 0.0000000 
