20
taxon0     0.0000000 0.0499173 0.0606353 0.0662054 0.0555774 0.0605857 0.0976861 0.0761066 0.0596796 0.0857628 0.0651696 0.1020866 0.0863716 0.0768562 0.0872006 0.0870244 0.1136393 0.1201007 0.3319694 0.3420993 
taxon1     0.0499173 0.0000000 0.0924695 0.0932824 0.0822570 0.0872847 0.1200641 0.1032097 0.0964047 0.1129508 0.1023645 0.1340251 0.1179969 0.1142880 0.1035305 0.1359819 0.1526018 0.1596196 0.3525177 0.3491962 
taxon2     0.0606353 0.0924695 0.0000000 0.0343625 0.0243528 0.0392266 0.0646555 0.0441811 0.0699640 0.0647697 0.0650258 0.0746826 0.0697069 0.0653632 0.0755470 0.0755965 0.0912691 0.0973729 0.3278718 0.3066366 
taxon3     0.0662054 0.0932824 0.0343625 0.0000000 0.0096957 0.0244006 0.0596164 0.0392308 0.0755096 0.0702357 0.0705150 0.0748846 0.0698959 0.0762030 0.0760725 0.0971360 0.1131615 0.1195923 0.3244461 0.3228790 
taxon4     0.0555774 0.0822570 0.0243528 0.0096957 0.0000000 0.0145265 0.0492880 0.0291931 0.0649266 0.0597281 0.0599642 0.0643884 0.0594381 0.0655470 0.0654359 0.0862485 0.1020890 0.1083510 0.3222369 0.3080338 
taxon5     0.0605857 0.0872847 0.0392266 0.0244006 0.0145265 0.0000000 0.0341325 0.0144423 0.0594181 0.0751665 0.0754648 0.0797885 0.0748051 0.0811732 0.0810342 0.0912437 0.1071004 0.1134114 0.3430138 0.3285683 
taxon6     0.0976861 0.1200641 0.0646555 0.0596164 0.0492880 0.0341325 0.0000000 0.0193509 0.0957960 0.0962107 0.0965951 0.1006161 0.1012001 0.1080053 0.1185161 0.1073385 0.1234232 0.1363760 0.3638957 0.3487551 
taxon7     0.0761066 0.1032097 0.0441811 0.0392308 0.0291931 0.0144423 0.0193509 0.0000000 0.0746413 0.0802748 0.0805936 0.0848805 0.0798905 0.0863356 0.0966661 0.0964172 0.1123248 0.1187010 0.3569832 0.3352272 
taxon8     0.0596796 0.0964047 0.0699640 0.0755096 0.0649266 0.0594181 0.0957960 0.0746413 0.0000000 0.0539751 0.0341331 0.0850979 0.0697563 0.0654105 0.0755555 0.0755521 0.0805036 0.0914813 0.3413170 0.3514842 
taxon9     0.0857628 0.1129508 0.0647697 0.0702357 0.0597281 0.0751665 0.0962107 0.0802748 0.0539751 0.0000000 0.0194477 0.0645740 0.0543870 0.0499651 0.0600543 0.0808898 0.0755401 0.0864764 0.3400696 0.3295614 
taxon10    0.0651696 0.1023645 0.0650258 0.0705150 0.0599642 0.0754648 0.0965951 0.0805936 0.0341331 0.0194477 0.0000000 0.0648615 0.0546283 0.0501884 0.0705721 0.0812546 0.0862396 0.0973680 0.3282877 0.3310712 
taxon11    0.1020866 0.1340251 0.0746826 0.0748846 0.0643884 0.0797885 0.1006161 0.0848805 0.0850979 0.0645740 0.0648615 0.0000000 0.0144122 0.0297383 0.0497671 0.0601521 0.0754169 0.0863323 0.3457441 0.3473437 
taxon12    0.0863716 0.1179969 0.0697069 0.0698959 0.0594381 0.0748051 0.1012001 0.0798905 0.0697563 0.0543870 0.0546283 0.0144122 0.0000000 0.0148173 0.0347090 0.0449432 0.0601019 0.0708180 0.3310549 0.3325431 
taxon13    0.0768562 0.1142880 0.0653632 0.0762030 0.0655470 0.0811732 0.1080053 0.0863356 0.0654105 0.0499651 0.0501884 0.0297383 0.0148173 0.0000000 0.0192705 0.0291239 0.0438538 0.0541512 0.3278949 0.3293655 
taxon14    0.0872006 0.1035305 0.0755470 0.0760725 0.0654359 0.0810342 0.1185161 0.0966661 0.0755555 0.0600543 0.0705721 0.0497671 0.0347090 0.0192705 0.0000000 0.0488000 0.0537118 0.0641332 0.3389748 0.3343336 
taxon15    0.0870244 0.1359819 0.0755965 0.0971360 0.0862485 0.0912437 0.1073385 0.0964172 0.0755521 0.0808898 0.0812546 0.0601521 0.0449432 0.0291239 0.0488000 0.0000000 0.0288223 0.0392017 0.3548695 0.3633108 
taxon16    0.1136393 0.1526018 0.0912691 0.1131615 0.1020890 0.1071004 0.1234232 0.1123248 0.0805036 0.0755401 0.0862396 0.0754169 0.0601019 0.0438538 0.0537118 0.0288223 0.0000000 0.0144448 0.3553489 0.3502520 
taxon17    0.1201007 0.1596196 0.0973729 0.1195923 0.1083510 0.1134114 0.1363760 0.1187010 0.0914813 0.0864764 0.0973680 0.0863323 0.0708180 0.0541512 0.0641332 0.0392017 0.0144448 0.0000000 0.3814142 0.3647601 
taxon18    0.3319694 0.3525177 0.3278718 0.3244461 0.3222369 0.3430138 0.3638957 0.3569832 0.3413170 0.3400696 0.3282877 0.3457441 0.3310549 0.3278949 0.3389748 0.3548695 0.3553489 0.3814142 0.0000000 0.0303093 
taxon19    0.3420993 0.3491962 0.3066366 0.3228790 0.3080338 0.3285683 0.3487551 0.3352272 0.3514842 0.3295614 0.3310712 0.3473437 0.3325431 0.3293655 0.3343336 0.3633108 0.3502520 0.3647601 0.0303093 0.0000000 
