20
taxon0     0.0000000 0.1411439 0.1982422 0.2135994 0.1970834 0.4476689 0.5360754 0.5339646 0.5976085 0.5589627 0.5146402 0.5585543 0.6036884 0.6328261 0.5910349 0.4331754 0.4860042 0.4612802 0.4523412 0.5281078 
taxon1     0.1411439 0.0000000 0.1586834 0.2801361 0.2552830 0.4821340 0.5496278 0.5435847 0.6144811 0.5785961 0.5214822 0.5495727 0.6141658 0.6297152 0.5860671 0.4686895 0.4851336 0.5013132 0.4867937 0.5164901 
taxon2     0.1982422 0.1586834 0.0000000 0.3021335 0.2887996 0.5242256 0.5830556 0.5513559 0.6112414 0.5875181 0.5999984 0.6320723 0.6555289 0.6855202 0.6796650 0.5245058 0.5637073 0.5469343 0.5204706 0.6148801 
taxon3     0.2135994 0.2801361 0.3021335 0.0000000 0.0610128 0.4169725 0.4957478 0.4905884 0.5546327 0.5309480 0.4481479 0.4655859 0.4956310 0.5390214 0.5251313 0.4476981 0.4413710 0.4025887 0.4159623 0.4750640 
taxon4     0.1970834 0.2552830 0.2887996 0.0610128 0.0000000 0.3910736 0.4840598 0.4724782 0.5284959 0.5064947 0.4385180 0.4422072 0.4584250 0.5329712 0.5076829 0.4356813 0.4508132 0.3933616 0.4111755 0.4716509 
taxon5     0.4476689 0.4821340 0.5242256 0.4169725 0.3910736 0.0000000 0.1270540 0.1199365 0.2267461 0.2005294 0.1899952 0.1862717 0.2561555 0.2878513 0.2961753 0.3598655 0.4057676 0.3875466 0.3486700 0.3947855 
taxon6     0.5360754 0.5496278 0.5830556 0.4957478 0.4840598 0.1270540 0.0000000 0.0828384 0.1882498 0.1635688 0.2132483 0.2346592 0.3161690 0.3274037 0.3588700 0.4111657 0.4318170 0.4347892 0.4218321 0.4424958 
taxon7     0.5339646 0.5435847 0.5513559 0.4905884 0.4724782 0.1199365 0.0828384 0.0000000 0.1175003 0.0951652 0.2338097 0.2599939 0.3162185 0.3458107 0.3604296 0.4080884 0.4535891 0.4335631 0.3872154 0.4622427 
taxon8     0.5976085 0.6144811 0.6112414 0.5546327 0.5284959 0.2267461 0.1882498 0.1175003 0.0000000 0.0665509 0.3152293 0.3439371 0.4146659 0.4166075 0.4604360 0.4694580 0.5160197 0.5000913 0.4535695 0.5022467 
taxon9     0.5589627 0.5785961 0.5875181 0.5309480 0.5064947 0.2005294 0.1635688 0.0951652 0.0665509 0.0000000 0.2588470 0.3087441 0.3819575 0.4044048 0.4236263 0.4789199 0.5025011 0.4993245 0.4360000 0.4627697 
taxon10    0.5146402 0.5214822 0.5999984 0.4481479 0.4385180 0.1899952 0.2132483 0.2338097 0.3152293 0.2588470 0.0000000 0.0911663 0.1969287 0.2254817 0.2374618 0.4308454 0.3213023 0.4091226 0.4019759 0.3318182 
taxon11    0.5585543 0.5495727 0.6320723 0.4655859 0.4422072 0.1862717 0.2346592 0.2599939 0.3439371 0.3087441 0.0911663 0.0000000 0.1965083 0.2415552 0.2541653 0.4368551 0.3741244 0.4375029 0.3958904 0.4138029 
taxon12    0.6036884 0.6141658 0.6555289 0.4956310 0.4584250 0.2561555 0.3161690 0.3162185 0.4146659 0.3819575 0.1969287 0.1965083 0.0000000 0.1590970 0.1807015 0.4776765 0.4682345 0.4751735 0.4672489 0.4700725 
taxon13    0.6328261 0.6297152 0.6855202 0.5390214 0.5329712 0.2878513 0.3274037 0.3458107 0.4166075 0.4044048 0.2254817 0.2415552 0.1590970 0.0000000 0.0790706 0.5412177 0.4903464 0.4896579 0.5109985 0.4954185 
taxon14    0.5910349 0.5860671 0.6796650 0.5251313 0.5076829 0.2961753 0.3588700 0.3604296 0.4604360 0.4236263 0.2374618 0.2541653 0.1807015 0.0790706 0.0000000 0.5243808 0.5003258 0.5118779 0.5145582 0.4730571 
taxon15    0.4331754 0.4686895 0.5245058 0.4476981 0.4356813 0.3598655 0.4111657 0.4080884 0.4694580 0.4789199 0.4308454 0.4368551 0.4776765 0.5412177 0.5243808 0.0000000 0.2555000 0.2063106 0.2139121 0.3248105 
taxon16    0.4860042 0.4851336 0.5637073 0.4413710 0.4508132 0.4057676 0.4318170 0.4535891 0.5160197 0.5025011 0.3213023 0.3741244 0.4682345 0.4903464 0.5003258 0.2555000 0.0000000 0.1726025 0.2639983 0.2115308 
taxon17    0.4612802 0.5013132 0.5469343 0.4025887 0.3933616 0.3875466 0.4347892 0.4335631 0.5000913 0.4993245 0.4091226 0.4375029 0.4751735 0.4896579 0.5118779 0.2063106 0.1726025 0.0000000 0.2307214 0.3132591 
taxon18    0.4523412 0.4867937 0.5204706 0.4159623 0.4111755 0.3486700 0.4218321 0.3872154 0.4535695 0.4360000 0.4019759 0.3958904 0.4672489 0.5109985 0.5145582 0.2139121 0.2639983 0.2307214 0.0000000 0.2443628 
taxon19    0.5281078 0.5164901 0.6148801 0.4750640 0.4716509 0.3947855 0.4424958 0.4622427 0.5022467 0.4627697 0.3318182 0.4138029 0.4700725 0.4954185 0.4730571 0.3248105 0.2115308 0.3132591 0.2443628 0.0000000 
