20
taxon0     0.0000000 0.1561603 0.1251393 0.1431069 0.1564077 0.1723785 0.2968370 0.2661465 0.2663180 0.2979273 0.2777751 0.3035705 0.2733065 0.2619895 0.3170707 0.3698020 0.3388694 0.3434410 0.3498767 0.3164629 
taxon1     0.1561603 0.0000000 0.0664422 0.2369261 0.2459430 0.2441619 0.3664246 0.3653016 0.3406854 0.3557780 0.3575969 0.3589348 0.3384897 0.3496062 0.3789554 0.4031819 0.3902385 0.4184618 0.4216450 0.3746855 
taxon2     0.1251393 0.0664422 0.0000000 0.2099974 0.2368276 0.2400084 0.3608911 0.3415694 0.3182289 0.3487621 0.3327517 0.3509519 0.3215628 0.3259206 0.3534032 0.3690507 0.3689669 0.3883837 0.3991203 0.3405958 
taxon3     0.1431069 0.2369261 0.2099974 0.0000000 0.1118951 0.1154148 0.3139856 0.2995390 0.2649875 0.3303784 0.3116257 0.3322554 0.3023907 0.2883221 0.3242621 0.3651868 0.3662894 0.3617810 0.3757927 0.3352307 
taxon4     0.1564077 0.2459430 0.2368276 0.1118951 0.0000000 0.0443121 0.3249013 0.3013994 0.2639176 0.3215904 0.3090284 0.3179710 0.2952444 0.2736841 0.3350598 0.3850048 0.3360349 0.3512247 0.3377700 0.3004398 
taxon5     0.1723785 0.2441619 0.2400084 0.1154148 0.0443121 0.0000000 0.3100721 0.2871595 0.2625402 0.3131685 0.2935577 0.3148765 0.2889899 0.2675173 0.3209134 0.3578392 0.3539642 0.3618938 0.3459389 0.3094300 
taxon6     0.2968370 0.3664246 0.3608911 0.3139856 0.3249013 0.3100721 0.0000000 0.0610248 0.1537220 0.2117062 0.2003268 0.1948407 0.2216757 0.2330405 0.2771641 0.2990521 0.4309044 0.4453340 0.4168245 0.4093544 
taxon7     0.2661465 0.3653016 0.3415694 0.2995390 0.3013994 0.2871595 0.0610248 0.0000000 0.1422746 0.1942377 0.1829771 0.2036908 0.2337543 0.2446011 0.2751588 0.3210771 0.3810256 0.4144238 0.3881624 0.3689343 
taxon8     0.2663180 0.3406854 0.3182289 0.2649875 0.2639176 0.2625402 0.1537220 0.1422746 0.0000000 0.1312936 0.1206156 0.1333380 0.2097590 0.2133535 0.2537196 0.2807657 0.3731904 0.4138051 0.3707299 0.3631663 
taxon9     0.2979273 0.3557780 0.3487621 0.3303784 0.3215904 0.3131685 0.2117062 0.1942377 0.1312936 0.0000000 0.1012352 0.1249220 0.2424648 0.2403594 0.2848743 0.3062958 0.4104328 0.4474582 0.4406356 0.4053192 
taxon10    0.2777751 0.3575969 0.3327517 0.3116257 0.3090284 0.2935577 0.2003268 0.1829771 0.1206156 0.1012352 0.0000000 0.0462847 0.2597372 0.2587839 0.2985823 0.3220735 0.3791717 0.4189182 0.4100383 0.3706160 
taxon11    0.3035705 0.3589348 0.3509519 0.3322554 0.3179710 0.3148765 0.1948407 0.2036908 0.1333380 0.1249220 0.0462847 0.0000000 0.2750401 0.2746640 0.2912270 0.3201794 0.4077530 0.4440495 0.4373106 0.3927448 
taxon12    0.2733065 0.3384897 0.3215628 0.3023907 0.2952444 0.2889899 0.2216757 0.2337543 0.2097590 0.2424648 0.2597372 0.2750401 0.0000000 0.0348462 0.1454130 0.1619402 0.3951133 0.4246832 0.4174033 0.3606983 
taxon13    0.2619895 0.3496062 0.3259206 0.2883221 0.2736841 0.2675173 0.2330405 0.2446011 0.2133535 0.2403594 0.2587839 0.2746640 0.0348462 0.0000000 0.1461183 0.1684063 0.3864799 0.4078549 0.3849247 0.3524936 
taxon14    0.3170707 0.3789554 0.3534032 0.3242621 0.3350598 0.3209134 0.2771641 0.2751588 0.2537196 0.2848743 0.2985823 0.2912270 0.1454130 0.1461183 0.0000000 0.1309155 0.4103597 0.3935412 0.4306251 0.3995707 
taxon15    0.3698020 0.4031819 0.3690507 0.3651868 0.3850048 0.3578392 0.2990521 0.3210771 0.2807657 0.3062958 0.3220735 0.3201794 0.1619402 0.1684063 0.1309155 0.0000000 0.4508558 0.4730763 0.4704033 0.4224183 
taxon16    0.3388694 0.3902385 0.3689669 0.3662894 0.3360349 0.3539642 0.4309044 0.3810256 0.3731904 0.4104328 0.3791717 0.4077530 0.3951133 0.3864799 0.4103597 0.4508558 0.0000000 0.0914830 0.2083576 0.1471697 
taxon17    0.3434410 0.4184618 0.3883837 0.3617810 0.3512247 0.3618938 0.4453340 0.4144238 0.4138051 0.4474582 0.4189182 0.4440495 0.4246832 0.4078549 0.3935412 0.4730763 0.0914830 0.0000000 0.1968984 0.1567656 
taxon18    0.3498767 0.4216450 0.3991203 0.3757927 0.3377700 0.3459389 0.4168245 0.3881624 0.3707299 0.4406356 0.4100383 0.4373106 0.4174033 0.3849247 0.4306251 0.4704033 0.2083576 0.1968984 0.0000000 0.1212235 
taxon19    0.3164629 0.3746855 0.3405958 0.3352307 0.3004398 0.3094300 0.4093544 0.3689343 0.3631663 0.4053192 0.3706160 0.3927448 0.3606983 0.3524936 0.3995707 0.4224183 0.1471697 0.1567656 0.1212235 0.0000000 
