20
taxon0     0.0000000 0.0052677 0.0000010 0.0158416 0.0212672 0.0212236 0.0329820 0.0432128 0.0324224 0.0380971 0.0503124 0.0502997 0.0503711 0.0504792 0.0435580 0.0380307 0.0435518 0.0433597 0.0433462 0.0377804 
taxon1     0.0052677 0.0000000 0.0052677 0.0212074 0.0266915 0.0266372 0.0386231 0.0488051 0.0379731 0.0437099 0.0561011 0.0446161 0.0446793 0.0447752 0.0491947 0.0436332 0.0491888 0.0489712 0.0378315 0.0433460 
taxon2     0.0000010 0.0052677 0.0000000 0.0158416 0.0212672 0.0212236 0.0329820 0.0432128 0.0324224 0.0380971 0.0503124 0.0502997 0.0503711 0.0504792 0.0435580 0.0380307 0.0435518 0.0433597 0.0433462 0.0377804 
taxon3     0.0158416 0.0212074 0.0158416 0.0000000 0.0052937 0.0105680 0.0385612 0.0487282 0.0379132 0.0436405 0.0560101 0.0559968 0.0560765 0.0561968 0.0491166 0.0435640 0.0491107 0.0488937 0.0488788 0.0432777 
taxon4     0.0212672 0.0266915 0.0212672 0.0052937 0.0000000 0.0159613 0.0443596 0.0545020 0.0436184 0.0436335 0.0560309 0.0619865 0.0620754 0.0622090 0.0490605 0.0493362 0.0549318 0.0546878 0.0546714 0.0490112 
taxon5     0.0212236 0.0266372 0.0212236 0.0105680 0.0159613 0.0000000 0.0442701 0.0543965 0.0435317 0.0493260 0.0618791 0.0618652 0.0619538 0.0620869 0.0548302 0.0492390 0.0548248 0.0545817 0.0545654 0.0489151 
taxon6     0.0329820 0.0386231 0.0329820 0.0385612 0.0443596 0.0442701 0.0000000 0.0210750 0.0052342 0.0213916 0.0268730 0.0268648 0.0269014 0.0269576 0.0210886 0.0157790 0.0212457 0.0210575 0.0212407 0.0157248 
taxon7     0.0432128 0.0488051 0.0432128 0.0487282 0.0545020 0.0543965 0.0210750 0.0000000 0.0210858 0.0317738 0.0372638 0.0372536 0.0265631 0.0373811 0.0156671 0.0104201 0.0159103 0.0157976 0.0156723 0.0104645 
taxon8     0.0324224 0.0379731 0.0324224 0.0379132 0.0436184 0.0435317 0.0052342 0.0210858 0.0000000 0.0211511 0.0265716 0.0265636 0.0265994 0.0266544 0.0210093 0.0157198 0.0210691 0.0157325 0.0210034 0.0104431 
taxon9     0.0380971 0.0437099 0.0380971 0.0436405 0.0436335 0.0493260 0.0213916 0.0317738 0.0211511 0.0000000 0.0161545 0.0215447 0.0215741 0.0216193 0.0263650 0.0264178 0.0265233 0.0264769 0.0264204 0.0264133 
taxon10    0.0503124 0.0561011 0.0503124 0.0560101 0.0560309 0.0618791 0.0268730 0.0372638 0.0265716 0.0161545 0.0000000 0.0210253 0.0210533 0.0210965 0.0319339 0.0318676 0.0319955 0.0319391 0.0318708 0.0318622 
taxon11    0.0502997 0.0446161 0.0502997 0.0559968 0.0619865 0.0618652 0.0268648 0.0372536 0.0265636 0.0215447 0.0210253 0.0000000 0.0104533 0.0104746 0.0372564 0.0318584 0.0319862 0.0319299 0.0210986 0.0318530 
taxon12    0.0503711 0.0446793 0.0503711 0.0560765 0.0620754 0.0619538 0.0269014 0.0265631 0.0265994 0.0215741 0.0210533 0.0104533 0.0000000 0.0104885 0.0265656 0.0212021 0.0212870 0.0212497 0.0211268 0.0318959 
taxon13    0.0504792 0.0447752 0.0504792 0.0561968 0.0622090 0.0620869 0.0269576 0.0373811 0.0266544 0.0216193 0.0210965 0.0104746 0.0104885 0.0000000 0.0373839 0.0319672 0.0320959 0.0320392 0.0211703 0.0319617 
taxon14    0.0435580 0.0491947 0.0435580 0.0491166 0.0490605 0.0548302 0.0210886 0.0156671 0.0210093 0.0263650 0.0319339 0.0372564 0.0265656 0.0373839 0.0000000 0.0052183 0.0157651 0.0157397 0.0262591 0.0209598 
taxon15    0.0380307 0.0436332 0.0380307 0.0435640 0.0493362 0.0492390 0.0157790 0.0104201 0.0157198 0.0264178 0.0318676 0.0318584 0.0212021 0.0319672 0.0052183 0.0000000 0.0104852 0.0104684 0.0209576 0.0156828 
taxon16    0.0435518 0.0491888 0.0435518 0.0491107 0.0549318 0.0548248 0.0212457 0.0159103 0.0210691 0.0265233 0.0319955 0.0319862 0.0212870 0.0320959 0.0157651 0.0104852 0.0000000 0.0052303 0.0263522 0.0210194 
taxon17    0.0433597 0.0489712 0.0433597 0.0488937 0.0546878 0.0545817 0.0210575 0.0157976 0.0157325 0.0264769 0.0319391 0.0319299 0.0212497 0.0320392 0.0157397 0.0104684 0.0052303 0.0000000 0.0263064 0.0156955 
taxon18    0.0433462 0.0378315 0.0433462 0.0488788 0.0546714 0.0545654 0.0212407 0.0156723 0.0210034 0.0264204 0.0318708 0.0210986 0.0211268 0.0211703 0.0262591 0.0209576 0.0263522 0.0263064 0.0000000 0.0104230 
taxon19    0.0377804 0.0433460 0.0377804 0.0432777 0.0490112 0.0489151 0.0157248 0.0104645 0.0104431 0.0264133 0.0318622 0.0318530 0.0318959 0.0319617 0.0209598 0.0156828 0.0210194 0.0156955 0.0104230 0.0000000 
