20
taxon0     0.0000000 0.0096388 0.0394757 0.0445634 0.0545172 0.0549331 0.0449577 0.0395600 0.0496510 0.0550879 0.0497427 0.2543361 0.2749338 0.2640152 0.2689915 0.2634335 0.2563970 0.2896362 0.2686688 0.2747314 
taxon1     0.0096388 0.0000000 0.0293752 0.0443609 0.0442527 0.0445907 0.0447518 0.0294380 0.0494251 0.0653759 0.0599403 0.2400526 0.2603338 0.2626280 0.2544960 0.2492252 0.2550748 0.2748436 0.2541722 0.2601764 
taxon2     0.0394757 0.0293752 0.0000000 0.0349606 0.0246986 0.0244555 0.0347110 0.0197681 0.0391478 0.0547636 0.0494515 0.2349705 0.2618533 0.2514247 0.2559338 0.2387143 0.2451171 0.2652695 0.2591537 0.2506213 
taxon3     0.0445634 0.0443609 0.0349606 0.0000000 0.0193506 0.0345486 0.0503626 0.0394324 0.0545939 0.0706999 0.0652067 0.2569076 0.2652178 0.2507000 0.2683440 0.2716614 0.2434625 0.2761817 0.2631374 0.2764976 
taxon4     0.0545172 0.0442527 0.0246986 0.0193506 0.0000000 0.0146281 0.0501936 0.0244197 0.0543227 0.0703429 0.0648796 0.2563799 0.2641486 0.2654510 0.2699147 0.2508906 0.2425117 0.2613759 0.2697994 0.2616524 
taxon5     0.0549331 0.0445907 0.0244555 0.0345486 0.0146281 0.0000000 0.0345632 0.0193251 0.0388681 0.0543723 0.0490985 0.2414327 0.2725290 0.2564576 0.2609378 0.2454687 0.2433287 0.2673381 0.2607912 0.2527850 
taxon6     0.0449577 0.0447518 0.0347110 0.0503626 0.0501936 0.0345632 0.0000000 0.0343910 0.0394190 0.0445459 0.0393319 0.2502429 0.2899541 0.2588127 0.2765467 0.2527370 0.2386772 0.2689577 0.2613744 0.2543243 
taxon7     0.0395600 0.0294380 0.0197681 0.0394324 0.0244197 0.0193251 0.0343910 0.0000000 0.0289437 0.0441675 0.0389980 0.2208501 0.2496163 0.2412917 0.2334159 0.2368495 0.2427398 0.2520901 0.2456179 0.2378197 
taxon8     0.0496510 0.0494251 0.0391478 0.0545939 0.0543227 0.0388681 0.0394190 0.0289437 0.0000000 0.0243076 0.0193166 0.2397631 0.2638652 0.2521549 0.2570819 0.2618497 0.2554828 0.2712551 0.2710432 0.2567665 
taxon9     0.0550879 0.0653759 0.0547636 0.0706999 0.0703429 0.0543723 0.0445459 0.0441675 0.0243076 0.0000000 0.0047991 0.2698313 0.2951358 0.2830558 0.2879787 0.2927187 0.2862699 0.3027033 0.3025230 0.2876632 
taxon10    0.0497427 0.0599403 0.0494515 0.0652067 0.0648796 0.0490985 0.0393319 0.0389980 0.0193166 0.0047991 0.0000000 0.2618993 0.2868646 0.2748945 0.2798145 0.2845584 0.2781354 0.2943808 0.2941913 0.2794986 
taxon11    0.2543361 0.2400526 0.2349705 0.2569076 0.2563799 0.2414327 0.2502429 0.2208501 0.2397631 0.2698313 0.2618993 0.0000000 0.0299099 0.0510094 0.0509545 0.0666007 0.0767381 0.0829927 0.0717867 0.0770571 
taxon12    0.2749338 0.2603338 0.2618533 0.2652178 0.2641486 0.2725290 0.2899541 0.2496163 0.2638652 0.2951358 0.2868646 0.0299099 0.0000000 0.0726231 0.0671737 0.0718462 0.0876331 0.0777414 0.0831532 0.0829235 
taxon13    0.2640152 0.2626280 0.2514247 0.2507000 0.2654510 0.2564576 0.2588127 0.2412917 0.2521549 0.2830558 0.2748945 0.0510094 0.0726231 0.0000000 0.0243347 0.0507983 0.0624069 0.0559756 0.0452827 0.0503919 
taxon14    0.2689915 0.2544960 0.2559338 0.2683440 0.2699147 0.2609378 0.2765467 0.2334159 0.2570819 0.2879787 0.2798145 0.0509545 0.0671737 0.0243347 0.0000000 0.0501697 0.0723759 0.0554842 0.0449278 0.0499970 
taxon15    0.2634335 0.2492252 0.2387143 0.2716614 0.2508906 0.2454687 0.2527370 0.2368495 0.2618497 0.2927187 0.2845584 0.0666007 0.0718462 0.0507983 0.0501697 0.0000000 0.0396486 0.0447227 0.0496313 0.0443829 
taxon16    0.2563970 0.2550748 0.2451171 0.2434625 0.2425117 0.2433287 0.2386772 0.2427398 0.2554828 0.2862699 0.2781354 0.0767381 0.0876331 0.0624069 0.0723759 0.0396486 0.0000000 0.0559656 0.0607666 0.0555360 
taxon17    0.2896362 0.2748436 0.2652695 0.2761817 0.2613759 0.2673381 0.2689577 0.2520901 0.2712551 0.3027033 0.2943808 0.0829927 0.0777414 0.0559756 0.0554842 0.0447227 0.0559656 0.0000000 0.0296647 0.0196284 
taxon18    0.2686688 0.2541722 0.2591537 0.2631374 0.2697994 0.2607912 0.2613744 0.2456179 0.2710432 0.3025230 0.2941913 0.0717867 0.0831532 0.0452827 0.0449278 0.0496313 0.0607666 0.0296647 0.0000000 0.0096767 
taxon19    0.2747314 0.2601764 0.2506213 0.2764976 0.2616524 0.2527850 0.2543243 0.2378197 0.2567665 0.2876632 0.2794986 0.0770571 0.0829235 0.0503919 0.0499970 0.0443829 0.0555360 0.0196284 0.0096767 0.0000000 
