20
taxon0     0.0000000 0.0196097 0.0295369 0.0347038 0.0296099 0.0446877 0.0499803 0.0347050 0.0398881 0.0501934 0.0295372 0.0296492 0.0295746 0.0450469 0.3385884 0.3407278 0.3184030 0.3256856 0.2947340 0.2743995 
taxon1     0.0196097 0.0000000 0.0097836 0.0246892 0.0296013 0.0446746 0.0398227 0.0246903 0.0398763 0.0450089 0.0295286 0.0296406 0.0397685 0.0501251 0.3384559 0.3405938 0.2984757 0.3056522 0.3080219 0.2742985 
taxon2     0.0295369 0.0097836 0.0000000 0.0246329 0.0295339 0.0445724 0.0397313 0.0246340 0.0397847 0.0449052 0.0294615 0.0295730 0.0396773 0.0500093 0.3375277 0.3396564 0.2976631 0.3048181 0.3218270 0.2877582 
taxon3     0.0347038 0.0246892 0.0246329 0.0000000 0.0146962 0.0196020 0.0247121 0.0197341 0.0348371 0.0298098 0.0346148 0.0246621 0.0347654 0.0348309 0.3026951 0.3191495 0.2981662 0.3198548 0.3307981 0.2963235 
taxon4     0.0296099 0.0296013 0.0295339 0.0146962 0.0000000 0.0245295 0.0196654 0.0347017 0.0197277 0.0347912 0.0295342 0.0196398 0.0296993 0.0297550 0.2953746 0.3257346 0.3040075 0.3116910 0.3228859 0.2886861 
taxon5     0.0446877 0.0446746 0.0445724 0.0196020 0.0245295 0.0000000 0.0345471 0.0295590 0.0448593 0.0499465 0.0445730 0.0345791 0.0447673 0.0448517 0.3155545 0.3172468 0.3170902 0.3390439 0.3438710 0.3091386 
taxon6     0.0499803 0.0398227 0.0397313 0.0247121 0.0196654 0.0345471 0.0000000 0.0347811 0.0399584 0.0451351 0.0498515 0.0397792 0.0501326 0.0502277 0.3243531 0.3237480 0.3032368 0.3108991 0.3358197 0.3013767 
taxon7     0.0347050 0.0246903 0.0246340 0.0197341 0.0347017 0.0295590 0.0347811 0.0000000 0.0450797 0.0399723 0.0346160 0.0347480 0.0347666 0.0450720 0.3319227 0.3049952 0.3124965 0.3197619 0.3306981 0.2962466 
taxon8     0.0398881 0.0398763 0.0397847 0.0348371 0.0197277 0.0448593 0.0399584 0.0450797 0.0000000 0.0449974 0.0295431 0.0196460 0.0297082 0.0247849 0.3096415 0.3256902 0.3348761 0.3279888 0.3392959 0.3044778 
taxon9     0.0501934 0.0450089 0.0449052 0.0298098 0.0347912 0.0499465 0.0451351 0.0399723 0.0449974 0.0000000 0.0345628 0.0346944 0.0197420 0.0348443 0.3028018 0.3334353 0.3275232 0.3354507 0.3467172 0.3255232 
taxon10    0.0295372 0.0295286 0.0294615 0.0346148 0.0295342 0.0445730 0.0498515 0.0346160 0.0295431 0.0345628 0.0000000 0.0097207 0.0195614 0.0295818 0.3075188 0.3094931 0.3174359 0.3246936 0.3081706 0.2877783 
taxon11    0.0296492 0.0296406 0.0295730 0.0246621 0.0196398 0.0345791 0.0397792 0.0347480 0.0196460 0.0346944 0.0097207 0.0000000 0.0196350 0.0196716 0.2945039 0.2964178 0.3190034 0.3263042 0.3096779 0.2891707 
taxon12    0.0295746 0.0397685 0.0396773 0.0347654 0.0296993 0.0447673 0.0501326 0.0347666 0.0297082 0.0197420 0.0195614 0.0196350 0.0000000 0.0197191 0.2953383 0.3111438 0.3336996 0.3268407 0.3241917 0.3034315 
taxon13    0.0450469 0.0501251 0.0500093 0.0348309 0.0297550 0.0448517 0.0502277 0.0450720 0.0247849 0.0348443 0.0295818 0.0196716 0.0197191 0.0000000 0.2959908 0.3118357 0.3496828 0.3427159 0.3331534 0.3188410 
taxon14    0.3385884 0.3384559 0.3375277 0.3026951 0.2953746 0.3155545 0.3243531 0.3319227 0.3096415 0.3028018 0.3075188 0.2945039 0.2953383 0.2959908 0.0000000 0.0508291 0.0720368 0.0775111 0.0662707 0.0611129 
taxon15    0.3407278 0.3405938 0.3396564 0.3191495 0.3257346 0.3172468 0.3237480 0.3049952 0.3256902 0.3334353 0.3094931 0.2964178 0.3111438 0.3118357 0.0508291 0.0000000 0.0664479 0.0717751 0.0717330 0.0560156 
taxon16    0.3184030 0.2984757 0.2976631 0.2981662 0.3040075 0.3170902 0.3032368 0.3124965 0.3348761 0.3275232 0.3174359 0.3190034 0.3336996 0.3496828 0.0720368 0.0664479 0.0000000 0.0147756 0.0555950 0.0300176 
taxon17    0.3256856 0.3056522 0.3048181 0.3198548 0.3116910 0.3390439 0.3108991 0.3197619 0.3279888 0.3354507 0.3246936 0.3263042 0.3268407 0.3427159 0.0775111 0.0717751 0.0147756 0.0000000 0.0608291 0.0351228 
taxon18    0.2947340 0.3080219 0.3218270 0.3307981 0.3228859 0.3438710 0.3358197 0.3306981 0.3392959 0.3467172 0.3081706 0.3096779 0.3241917 0.3331534 0.0662707 0.0717330 0.0555950 0.0608291 0.0000000 0.0247122 
taxon19    0.2743995 0.2742985 0.2877582 0.2963235 0.2886861 0.3091386 0.3013767 0.2962466 0.3044778 0.3255232 0.2877783 0.2891707 0.3034315 0.3188410 0.0611129 0.0560156 0.0300176 0.0351228 0.0247122 0.0000000 
