20
taxon0     0.0000000 0.7979268 1.2239516 0.6749738 1.1571894 1.7126543 1.2166191 1.2171703 1.0673059 0.8625151 0.8262028 1.5785027 1.2055014 1.4020388 1.7589866 1.1879624 1.7778049 1.0565120 1.0048878 1.9006411 
taxon1     0.7979268 0.0000000 2.0116293 1.4513781 1.8802213 2.8486251 1.8976872 1.8678484 1.5810447 1.4955191 1.5112492 2.0899646 1.6212891 1.9884304 2.2831501 1.7708400 2.6789142 1.5512463 1.5289016 2.5725812 
taxon2     1.2239516 2.0116293 0.0000000 0.7967789 1.6884337 2.3809801 1.6955409 1.8531531 1.3960219 1.2186245 1.1182144 1.5867892 1.2680613 1.5624514 1.7736799 1.5572482 2.2259927 1.1757984 1.6364704 1.8588970 
taxon3     0.6749738 1.4513781 0.7967789 0.0000000 1.0489348 1.5525579 1.0126983 1.0902793 0.7211958 0.7005317 0.6348417 1.3266521 0.8114103 0.9250252 1.1615488 0.8327211 1.5235129 0.7455012 0.7940883 1.4161154 
taxon4     1.1571894 1.8802213 1.6884337 1.0489348 0.0000000 1.1782566 0.9430750 1.0657917 0.7477858 0.7867304 0.7601462 1.7186208 1.2251066 1.2616607 1.5487135 1.2385497 1.7749543 1.0485060 1.2299215 1.9202609 
taxon5     1.7126543 2.8486251 2.3809801 1.5525579 1.1782566 0.0000000 1.2640109 1.2243823 1.0072719 1.3879320 1.3255455 2.7177960 1.8242964 1.8702319 1.9374652 1.8347660 2.5352054 1.6817634 1.7897322 2.7057772 
taxon6     1.2166191 1.8976872 1.6955409 1.0126983 0.9430750 1.2640109 0.0000000 0.9473488 0.6512469 0.9613331 0.9570918 1.8702055 1.3561543 1.2874903 1.5534094 1.2462844 1.9481719 1.1194373 1.2808950 1.8473541 
taxon7     1.2171703 1.8678484 1.8531531 1.0902793 1.0657917 1.2243823 0.9473488 0.0000000 0.4159857 0.9716718 0.9607448 1.8210670 1.4167373 1.2504597 1.4802458 1.2538049 1.8569519 1.2188976 1.2234506 1.9644636 
taxon8     1.0673059 1.5810447 1.3960219 0.7211958 0.7477858 1.0072719 0.6512469 0.4159857 0.0000000 0.6302845 0.6720844 1.3107433 0.8806301 0.8813355 1.0504037 0.8982293 1.6307211 0.8706548 0.8030055 1.4695856 
taxon9     0.8625151 1.4955191 1.2186245 0.7005317 0.7867304 1.3879320 0.9613331 0.9716718 0.6302845 0.0000000 0.3470608 1.3314568 0.7693665 0.9031062 1.1366309 0.9464616 1.3505529 0.7711923 0.9150097 1.5355296 
taxon10    0.8262028 1.5112492 1.1182144 0.6348417 0.7601462 1.3255455 0.9570918 0.9607448 0.6720844 0.3470608 0.0000000 1.4077370 0.7878527 0.9575947 1.2141342 0.8758249 1.3084060 0.7663566 0.8706276 1.4076770 
taxon11    1.5785027 2.0899646 1.5867892 1.3266521 1.7186208 2.7177960 1.8702055 1.8210670 1.3107433 1.3314568 1.4077370 0.0000000 0.5900761 0.9072670 0.8869732 1.0592452 1.2409147 0.7611949 1.0552837 1.6126489 
taxon12    1.2055014 1.6212891 1.2680613 0.8114103 1.2251066 1.8242964 1.3561543 1.4167373 0.8806301 0.7693665 0.7878527 0.5900761 0.0000000 0.6975856 0.7968810 0.7998280 1.2056193 0.6363850 0.7729372 1.2181564 
taxon13    1.4020388 1.9884304 1.5624514 0.9250252 1.2616607 1.8702319 1.2874903 1.2504597 0.8813355 0.9031062 0.9575947 0.9072670 0.6975856 0.0000000 0.4406272 0.9745667 1.5796064 0.9149916 1.0365803 1.6542346 
taxon14    1.7589866 2.2831501 1.7736799 1.1615488 1.5487135 1.9374652 1.5534094 1.4802458 1.0504037 1.1366309 1.2141342 0.8869732 0.7968810 0.4406272 0.0000000 1.0514647 1.6057525 1.0727000 1.1510831 1.9855145 
taxon15    1.1879624 1.7708400 1.5572482 0.8327211 1.2385497 1.8347660 1.2462844 1.2538049 0.8982293 0.9464616 0.8758249 1.0592452 0.7998280 0.9745667 1.0514647 0.0000000 0.6007435 0.5624549 0.8392664 1.3924750 
taxon16    1.7778049 2.6789142 2.2259927 1.5235129 1.7749543 2.5352054 1.9481719 1.8569519 1.6307211 1.3505529 1.3084060 1.2409147 1.2056193 1.5796064 1.6057525 0.6007435 0.0000000 0.6766939 1.3173970 2.1522283 
taxon17    1.0565120 1.5512463 1.1757984 0.7455012 1.0485060 1.6817634 1.1194373 1.2188976 0.8706548 0.7711923 0.7663566 0.7611949 0.6363850 0.9149916 1.0727000 0.5624549 0.6766939 0.0000000 0.7320696 1.2322478 
taxon18    1.0048878 1.5289016 1.6364704 0.7940883 1.2299215 1.7897322 1.2808950 1.2234506 0.8030055 0.9150097 0.8706276 1.0552837 0.7729372 1.0365803 1.1510831 0.8392664 1.3173970 0.7320696 0.0000000 0.7345393 
taxon19    1.9006411 2.5725812 1.8588970 1.4161154 1.9202609 2.7057772 1.8473541 1.9644636 1.4695856 1.5355296 1.4076770 1.6126489 1.2181564 1.6542346 1.9855145 1.3924750 2.1522283 1.2322478 0.7345393 0.0000000 
