20
taxon0     0.0000000 0.0826380 0.2164030 0.2323031 0.2179746 0.1756484 0.3299063 0.3209832 0.2836329 0.2994105 0.3046006 0.2851073 0.2747608 0.3315783 0.3334639 0.4028540 0.3261262 0.3342941 0.3629335 0.3851995 
taxon1     0.0826380 0.0000000 0.2285509 0.2383313 0.2555162 0.2070833 0.3499542 0.3213854 0.3009207 0.3168876 0.3179397 0.3010703 0.2797702 0.3435897 0.3525672 0.4034352 0.3320311 0.3309247 0.3668115 0.3983780 
taxon2     0.2164030 0.2285509 0.0000000 0.0463114 0.1272250 0.1037336 0.3554249 0.3664137 0.3241675 0.3431262 0.3232967 0.3302125 0.3305233 0.3624741 0.3777472 0.4167667 0.3348910 0.3573014 0.3866541 0.4026348 
taxon3     0.2323031 0.2383313 0.0463114 0.0000000 0.1622163 0.1323644 0.3549008 0.3705011 0.3262362 0.3388990 0.3095429 0.3219934 0.3156543 0.3457731 0.3971531 0.4317804 0.3347458 0.3565393 0.3877810 0.4038586 
taxon4     0.2179746 0.2555162 0.1272250 0.1622163 0.0000000 0.0808372 0.3742491 0.3776548 0.3698389 0.3581165 0.3079928 0.3320130 0.3099712 0.3451953 0.3793382 0.4633290 0.3365553 0.3708169 0.3826617 0.3988995 
taxon5     0.1756484 0.2070833 0.1037336 0.1323644 0.0808372 0.0000000 0.3500038 0.3609859 0.3477709 0.3388201 0.3373604 0.3167238 0.3116498 0.3647792 0.3645364 0.4248482 0.3322637 0.3285939 0.3799130 0.3872916 
taxon6     0.3299063 0.3499542 0.3554249 0.3549008 0.3742491 0.3500038 0.0000000 0.0602408 0.1690493 0.1545272 0.3026757 0.2958759 0.2984537 0.3294762 0.4827060 0.4523135 0.4083144 0.4169818 0.4359986 0.4484512 
taxon7     0.3209832 0.3213854 0.3664137 0.3705011 0.3776548 0.3609859 0.0602408 0.0000000 0.1469776 0.1366319 0.2955629 0.2829432 0.2893229 0.3218300 0.4793339 0.4566901 0.4156628 0.4304654 0.4607467 0.4737526 
taxon8     0.2836329 0.3009207 0.3241675 0.3262362 0.3698389 0.3477709 0.1690493 0.1469776 0.0000000 0.0621496 0.2811668 0.2673986 0.2418711 0.2917744 0.4521554 0.4470630 0.3716683 0.3848102 0.4261695 0.4571088 
taxon9     0.2994105 0.3168876 0.3431262 0.3388990 0.3581165 0.3388201 0.1545272 0.1366319 0.0621496 0.0000000 0.2650134 0.2518154 0.2448161 0.2855693 0.4738140 0.5019759 0.3933369 0.3990501 0.4489105 0.4806739 
taxon10    0.3046006 0.3179397 0.3232967 0.3095429 0.3079928 0.3373604 0.3026757 0.2955629 0.2811668 0.2650134 0.0000000 0.0550356 0.1228359 0.1560344 0.4621822 0.4388507 0.3938092 0.3923114 0.4221578 0.4426448 
taxon11    0.2851073 0.3010703 0.3302125 0.3219934 0.3320130 0.3167238 0.2958759 0.2829432 0.2673986 0.2518154 0.0550356 0.0000000 0.1168636 0.1551945 0.4594948 0.4433155 0.4082666 0.3906714 0.4407491 0.4471508 
taxon12    0.2747608 0.2797702 0.3305233 0.3156543 0.3099712 0.3116498 0.2984537 0.2893229 0.2418711 0.2448161 0.1228359 0.1168636 0.0000000 0.0843872 0.4420051 0.4418403 0.3781052 0.3556595 0.4181314 0.4127289 
taxon13    0.3315783 0.3435897 0.3624741 0.3457731 0.3451953 0.3647792 0.3294762 0.3218300 0.2917744 0.2855693 0.1560344 0.1551945 0.0843872 0.0000000 0.4734202 0.4446167 0.4171424 0.4088682 0.4492321 0.4672724 
taxon14    0.3334639 0.3525672 0.3777472 0.3971531 0.3793382 0.3645364 0.4827060 0.4793339 0.4521554 0.4738140 0.4621822 0.4594948 0.4420051 0.4734202 0.0000000 0.1289861 0.1498482 0.1777547 0.2332034 0.2217611 
taxon15    0.4028540 0.4034352 0.4167667 0.4317804 0.4633290 0.4248482 0.4523135 0.4566901 0.4470630 0.5019759 0.4388507 0.4433155 0.4418403 0.4446167 0.1289861 0.0000000 0.2394945 0.2259564 0.2259337 0.2753582 
taxon16    0.3261262 0.3320311 0.3348910 0.3347458 0.3365553 0.3322637 0.4083144 0.4156628 0.3716683 0.3933369 0.3938092 0.4082666 0.3781052 0.4171424 0.1498482 0.2394945 0.0000000 0.0937716 0.1381877 0.1381899 
taxon17    0.3342941 0.3309247 0.3573014 0.3565393 0.3708169 0.3285939 0.4169818 0.4304654 0.3848102 0.3990501 0.3923114 0.3906714 0.3556595 0.4088682 0.1777547 0.2259564 0.0937716 0.0000000 0.0808055 0.0931648 
taxon18    0.3629335 0.3668115 0.3866541 0.3877810 0.3826617 0.3799130 0.4359986 0.4607467 0.4261695 0.4489105 0.4221578 0.4407491 0.4181314 0.4492321 0.2332034 0.2259337 0.1381877 0.0808055 0.0000000 0.0872718 
taxon19    0.3851995 0.3983780 0.4026348 0.4038586 0.3988995 0.3872916 0.4484512 0.4737526 0.4571088 0.4806739 0.4426448 0.4471508 0.4127289 0.4672724 0.2217611 0.2753582 0.1381899 0.0931648 0.0872718 0.0000000 
