20
taxon0     0.0000000 0.0296682 0.0297875 0.0246906 0.0446252 0.0446689 0.0194275 0.0445124 0.0393398 0.0445679 0.0245882 0.0345397 0.2646346 0.2807704 0.2647159 0.2647159 0.2564324 0.2734474 0.2845882 0.2851679 
taxon1     0.0296682 0.0000000 0.0196221 0.0146385 0.0553151 0.0553682 0.0342938 0.0500370 0.0449415 0.0502847 0.0447323 0.0394827 0.2958521 0.2971643 0.2807143 0.2807143 0.2940592 0.2874373 0.3234518 0.3000048 
taxon2     0.0297875 0.0196221 0.0000000 0.0048282 0.0447806 0.0448246 0.0344305 0.0502416 0.0451246 0.0398077 0.0344253 0.0396415 0.2801648 0.2814127 0.2653251 0.2653251 0.2784851 0.2719504 0.3073570 0.2843922 
taxon3     0.0246906 0.0146385 0.0048282 0.0000000 0.0395920 0.0396313 0.0293548 0.0449759 0.0398976 0.0346474 0.0293501 0.0345018 0.2723453 0.2735604 0.2576599 0.2576599 0.2707220 0.2642337 0.2993224 0.2766067 
taxon4     0.0446252 0.0553151 0.0447806 0.0395920 0.0000000 0.0294913 0.0244737 0.0396022 0.0345422 0.0293838 0.0245516 0.0345078 0.2859245 0.2936697 0.2774235 0.2774235 0.2911931 0.2687359 0.2851408 0.2892281 
taxon5     0.0446689 0.0553682 0.0448246 0.0396313 0.0294913 0.0000000 0.0244989 0.0394639 0.0396163 0.0344024 0.0245770 0.0446732 0.3020630 0.2794813 0.2775781 0.2775781 0.2833673 0.2750611 0.2985539 0.2956369 
taxon6     0.0194275 0.0342938 0.0344305 0.0293548 0.0244737 0.0244989 0.0000000 0.0244128 0.0194194 0.0244433 0.0147723 0.0244968 0.2865686 0.2785325 0.2626305 0.2626305 0.2706810 0.2712795 0.2857011 0.2829097 
taxon7     0.0445124 0.0500370 0.0502416 0.0449759 0.0396022 0.0394639 0.0244128 0.0000000 0.0097106 0.0146670 0.0345734 0.0393122 0.3190311 0.3105678 0.2939264 0.2939264 0.3004862 0.2914577 0.3005370 0.2975463 
taxon8     0.0393398 0.0449415 0.0451246 0.0398976 0.0345422 0.0396163 0.0194194 0.0097106 0.0000000 0.0048297 0.0299009 0.0347027 0.3092619 0.3009438 0.2845564 0.2845564 0.2993136 0.2915599 0.2993641 0.2963966 
taxon9     0.0445679 0.0502847 0.0398077 0.0346474 0.0293838 0.0344024 0.0244433 0.0146670 0.0048297 0.0000000 0.0247297 0.0399371 0.3004164 0.2922320 0.2760794 0.2760794 0.2906607 0.2830096 0.2907100 0.2878457 
taxon10    0.0245882 0.0447323 0.0344253 0.0293501 0.0245516 0.0245770 0.0147723 0.0345734 0.0299009 0.0247297 0.0000000 0.0294876 0.2724643 0.2812417 0.2651772 0.2651772 0.2632957 0.2703186 0.2781479 0.2921613 
taxon11    0.0345397 0.0394827 0.0396415 0.0345018 0.0345078 0.0446732 0.0244968 0.0393122 0.0347027 0.0399371 0.0294876 0.0000000 0.3102147 0.3095284 0.2929200 0.2929200 0.3079166 0.2837463 0.3088570 0.2942895 
taxon12    0.2646346 0.2958521 0.2801648 0.2723453 0.2859245 0.3020630 0.2865686 0.3190311 0.3092619 0.3004164 0.2724643 0.3102147 0.0000000 0.0252418 0.0149501 0.0149501 0.0249777 0.0407890 0.0455325 0.0456231 
taxon13    0.2807704 0.2971643 0.2814127 0.2735604 0.2936697 0.2794813 0.2785325 0.3105678 0.3009438 0.2922320 0.2812417 0.3095284 0.0252418 0.0000000 0.0099230 0.0099230 0.0302665 0.0355244 0.0510834 0.0403652 
taxon14    0.2647159 0.2807143 0.2653251 0.2576599 0.2774235 0.2775781 0.2626305 0.2939264 0.2845564 0.2760794 0.2651772 0.2929200 0.0149501 0.0099230 0.0000000 0.0000010 0.0199188 0.0250484 0.0403410 0.0298868 
taxon15    0.2647159 0.2807143 0.2653251 0.2576599 0.2774235 0.2775781 0.2626305 0.2939264 0.2845564 0.2760794 0.2651772 0.2929200 0.0149501 0.0099230 0.0000010 0.0000000 0.0199188 0.0250484 0.0403410 0.0298868 
taxon16    0.2564324 0.2940592 0.2784851 0.2707220 0.2911931 0.2833673 0.2706810 0.3004862 0.2993136 0.2906607 0.2632957 0.3079166 0.0249777 0.0302665 0.0199188 0.0199188 0.0000000 0.0200553 0.0197606 0.0197997 
taxon17    0.2734474 0.2874373 0.2719504 0.2642337 0.2687359 0.2750611 0.2712795 0.2914577 0.2915599 0.2830096 0.2703186 0.2837463 0.0407890 0.0355244 0.0250484 0.0250484 0.0200553 0.0000000 0.0302789 0.0199414 
taxon18    0.2845882 0.3234518 0.3073570 0.2993224 0.2851408 0.2985539 0.2857011 0.3005370 0.2993641 0.2907100 0.2781479 0.3088570 0.0455325 0.0510834 0.0403410 0.0403410 0.0197606 0.0302789 0.0000000 0.0298939 
taxon19    0.2851679 0.3000048 0.2843922 0.2766067 0.2892281 0.2956369 0.2829097 0.2975463 0.2963966 0.2878457 0.2921613 0.2942895 0.0456231 0.0403652 0.0298868 0.0298868 0.0197997 0.0199414 0.0298939 0.0000000 
