20
taxon0     0.0000000 0.2170893 0.3658337 0.3725556 0.3940430 0.4882577 0.4799333 0.3322766 0.2858015 0.3584704 0.3091684 0.2864641 0.4931756 0.5126776 0.6374427 0.5124167 0.5493509 0.5483099 0.6780696 0.5616643 
taxon1     0.2170893 0.0000000 0.3404638 0.3759191 0.3621506 0.4456225 0.4253112 0.2920094 0.2440433 0.2911291 0.2996669 0.2341860 0.5075101 0.5797890 0.6261756 0.5387957 0.5690827 0.5086071 0.5995860 0.4971777 
taxon2     0.3658337 0.3404638 0.0000000 0.3631885 0.3620384 0.4554333 0.4516509 0.3042832 0.2841463 0.2980477 0.3496886 0.3116590 0.5993762 0.6550549 0.7154203 0.6096936 0.5810570 0.5436938 0.6192167 0.5440736 
taxon3     0.3725556 0.3759191 0.3631885 0.0000000 0.2790211 0.3342243 0.3130092 0.3340541 0.3458656 0.3665014 0.3150364 0.3089068 0.6176493 0.5871921 0.6422576 0.5947437 0.4873199 0.5483136 0.6303699 0.5655939 
taxon4     0.3940430 0.3621506 0.3620384 0.2790211 0.0000000 0.3422883 0.3280441 0.4016434 0.3571548 0.3823727 0.4032617 0.3674653 0.6036857 0.6319788 0.7253226 0.6442696 0.5901854 0.6360515 0.6889780 0.6127887 
taxon5     0.4882577 0.4456225 0.4554333 0.3342243 0.3422883 0.0000000 0.1878001 0.4444769 0.4092900 0.4717086 0.3966086 0.4276589 0.6747654 0.6932238 0.6990517 0.6236170 0.5995589 0.6673713 0.6744166 0.6823184 
taxon6     0.4799333 0.4253112 0.4516509 0.3130092 0.3280441 0.1878001 0.0000000 0.4121857 0.3899585 0.4462913 0.4208467 0.4197560 0.6612948 0.6722488 0.7051425 0.6340231 0.6146718 0.6808104 0.6534323 0.6233523 
taxon7     0.3322766 0.2920094 0.3042832 0.3340541 0.4016434 0.4444769 0.4121857 0.0000000 0.1651672 0.2150007 0.1952840 0.2063077 0.5707950 0.6309483 0.6640144 0.6060871 0.5586917 0.5528361 0.6737743 0.5694649 
taxon8     0.2858015 0.2440433 0.2841463 0.3458656 0.3571548 0.4092900 0.3899585 0.1651672 0.0000000 0.2120727 0.2151949 0.1844908 0.5855717 0.6334098 0.7013786 0.6265478 0.5294847 0.5522635 0.6202883 0.5718616 
taxon9     0.3584704 0.2911291 0.2980477 0.3665014 0.3823727 0.4717086 0.4462913 0.2150007 0.2120727 0.0000000 0.2397439 0.2052665 0.5758736 0.6427208 0.7115574 0.6540342 0.5920064 0.5359661 0.5947151 0.5211397 
taxon10    0.3091684 0.2996669 0.3496886 0.3150364 0.4032617 0.3966086 0.4208467 0.1952840 0.2151949 0.2397439 0.0000000 0.1507000 0.5699041 0.5513481 0.6269851 0.5977473 0.5699797 0.6194385 0.6796597 0.5886853 
taxon11    0.2864641 0.2341860 0.3116590 0.3089068 0.3674653 0.4276589 0.4197560 0.2063077 0.1844908 0.2052665 0.1507000 0.0000000 0.5635196 0.5269683 0.6584956 0.5480727 0.5613305 0.5724980 0.6465573 0.5623067 
taxon12    0.4931756 0.5075101 0.5993762 0.6176493 0.6036857 0.6747654 0.6612948 0.5707950 0.5855717 0.5758736 0.5699041 0.5635196 0.0000000 0.1296013 0.2326917 0.2633424 0.3974508 0.4598443 0.5931264 0.4768064 
taxon13    0.5126776 0.5797890 0.6550549 0.5871921 0.6319788 0.6932238 0.6722488 0.6309483 0.6334098 0.6427208 0.5513481 0.5269683 0.1296013 0.0000000 0.2600431 0.2473404 0.4320954 0.5078883 0.5819455 0.5030033 
taxon14    0.6374427 0.6261756 0.7154203 0.6422576 0.7253226 0.6990517 0.7051425 0.6640144 0.7013786 0.7115574 0.6269851 0.6584956 0.2326917 0.2600431 0.0000000 0.3106649 0.4998334 0.4928936 0.5805642 0.4896742 
taxon15    0.5124167 0.5387957 0.6096936 0.5947437 0.6442696 0.6236170 0.6340231 0.6060871 0.6265478 0.6540342 0.5977473 0.5480727 0.2633424 0.2473404 0.3106649 0.0000000 0.4614680 0.5489535 0.5751837 0.4813131 
taxon16    0.5493509 0.5690827 0.5810570 0.4873199 0.5901854 0.5995589 0.6146718 0.5586917 0.5294847 0.5920064 0.5699797 0.5613305 0.3974508 0.4320954 0.4998334 0.4614680 0.0000000 0.2967493 0.4475248 0.4205379 
taxon17    0.5483099 0.5086071 0.5436938 0.5483136 0.6360515 0.6673713 0.6808104 0.5528361 0.5522635 0.5359661 0.6194385 0.5724980 0.4598443 0.5078883 0.4928936 0.5489535 0.2967493 0.0000000 0.2894885 0.2181684 
taxon18    0.6780696 0.5995860 0.6192167 0.6303699 0.6889780 0.6744166 0.6534323 0.6737743 0.6202883 0.5947151 0.6796597 0.6465573 0.5931264 0.5819455 0.5805642 0.5751837 0.4475248 0.2894885 0.0000000 0.2376299 
taxon19    0.5616643 0.4971777 0.5440736 0.5655939 0.6127887 0.6823184 0.6233523 0.5694649 0.5718616 0.5211397 0.5886853 0.5623067 0.4768064 0.5030033 0.4896742 0.4813131 0.4205379 0.2181684 0.2376299 0.0000000 
