20
taxon0     0.0000000 0.1652553 0.1466974 0.1507238 0.3042695 0.2459466 0.5767553 0.5984345 0.5671236 0.6071341 0.6258943 0.6415003 0.6004700 0.5854634 0.5577832 0.6819476 0.7612718 0.7913770 0.5657206 0.5709785 
taxon1     0.1652553 0.0000000 0.1141894 0.2842710 0.4394500 0.3925919 0.6760246 0.6985218 0.6953811 0.7148162 0.7562390 0.7374224 0.6968096 0.6622758 0.6394407 0.7619596 0.7943153 0.7904570 0.6530972 0.6521012 
taxon2     0.1466974 0.1141894 0.0000000 0.2484723 0.3859743 0.3814474 0.6440983 0.6666390 0.6477220 0.6636068 0.7122125 0.6986699 0.6233468 0.5938804 0.6038814 0.7304899 0.8011706 0.8135184 0.6152486 0.6210660 
taxon3     0.1507238 0.2842710 0.2484723 0.0000000 0.2711305 0.2294829 0.5451479 0.5687368 0.5488776 0.5715200 0.5795001 0.5957005 0.5583098 0.5325341 0.4722760 0.6316022 0.6867484 0.7121218 0.5260007 0.5449931 
taxon4     0.3042695 0.4394500 0.3859743 0.2711305 0.0000000 0.1156388 0.5177406 0.5073313 0.4930369 0.5722956 0.5243581 0.5284585 0.5026559 0.5036182 0.5345693 0.6993018 0.7267384 0.7458305 0.5233156 0.5487606 
taxon5     0.2459466 0.3925919 0.3814474 0.2294829 0.1156388 0.0000000 0.4891190 0.5170718 0.4986950 0.5865550 0.5120523 0.5491319 0.5403113 0.5514525 0.5863288 0.7368660 0.7709733 0.7540846 0.5486118 0.5682878 
taxon6     0.5767553 0.6760246 0.6440983 0.5451479 0.5177406 0.4891190 0.0000000 0.1613761 0.1923235 0.3415629 0.3849086 0.3441234 0.3609191 0.3784816 0.4056710 0.5152894 0.5899589 0.5816743 0.3665062 0.4019909 
taxon7     0.5984345 0.6985218 0.6666390 0.5687368 0.5073313 0.5170718 0.1613761 0.0000000 0.0824957 0.3390686 0.3744627 0.3635521 0.3805846 0.4184097 0.4561257 0.5801906 0.6437408 0.6366702 0.4260202 0.4647458 
taxon8     0.5671236 0.6953811 0.6477220 0.5488776 0.4930369 0.4986950 0.1923235 0.0824957 0.0000000 0.3593089 0.3904895 0.3735955 0.3781859 0.4073558 0.4402159 0.5566933 0.6669888 0.6539287 0.3820633 0.4255148 
taxon9     0.6071341 0.7148162 0.6636068 0.5715200 0.5722956 0.5865550 0.3415629 0.3390686 0.3593089 0.0000000 0.1481275 0.1478165 0.2953987 0.3171199 0.3038206 0.3748259 0.4881452 0.5052438 0.2947103 0.3218305 
taxon10    0.6258943 0.7562390 0.7122125 0.5795001 0.5243581 0.5120523 0.3849086 0.3744627 0.3904895 0.1481275 0.0000000 0.1077210 0.3211753 0.3484744 0.3506992 0.4290495 0.5413723 0.5469147 0.3483672 0.3681823 
taxon11    0.6415003 0.7374224 0.6986699 0.5957005 0.5284585 0.5491319 0.3441234 0.3635521 0.3735955 0.1478165 0.1077210 0.0000000 0.3014026 0.3136636 0.3314245 0.3878338 0.4916967 0.5090668 0.3250750 0.3396094 
taxon12    0.6004700 0.6968096 0.6233468 0.5583098 0.5026559 0.5403113 0.3609191 0.3805846 0.3781859 0.2953987 0.3211753 0.3014026 0.0000000 0.0780765 0.2635347 0.3691992 0.4180103 0.4214437 0.2628764 0.2858554 
taxon13    0.5854634 0.6622758 0.5938804 0.5325341 0.5036182 0.5514525 0.3784816 0.4184097 0.4073558 0.3171199 0.3484744 0.3136636 0.0780765 0.0000000 0.2564770 0.3855037 0.4480952 0.4516198 0.2794112 0.3084806 
taxon14    0.5577832 0.6394407 0.6038814 0.4722760 0.5345693 0.5863288 0.4056710 0.4561257 0.4402159 0.3038206 0.3506992 0.3314245 0.2635347 0.2564770 0.0000000 0.1238242 0.2019744 0.2118689 0.1236214 0.1424965 
taxon15    0.6819476 0.7619596 0.7304899 0.6316022 0.6993018 0.7368660 0.5152894 0.5801906 0.5566933 0.3748259 0.4290495 0.3878338 0.3691992 0.3855037 0.1238242 0.0000000 0.1446577 0.1460705 0.2306169 0.2461898 
taxon16    0.7612718 0.7943153 0.8011706 0.6867484 0.7267384 0.7709733 0.5899589 0.6437408 0.6669888 0.4881452 0.5413723 0.4916967 0.4180103 0.4480952 0.2019744 0.1446577 0.0000000 0.0638080 0.3234110 0.3339492 
taxon17    0.7913770 0.7904570 0.8135184 0.7121218 0.7458305 0.7540846 0.5816743 0.6366702 0.6539287 0.5052438 0.5469147 0.5090668 0.4214437 0.4516198 0.2118689 0.1460705 0.0638080 0.0000000 0.3305623 0.3554784 
taxon18    0.5657206 0.6530972 0.6152486 0.5260007 0.5233156 0.5486118 0.3665062 0.4260202 0.3820633 0.2947103 0.3483672 0.3250750 0.2628764 0.2794112 0.1236214 0.2306169 0.3234110 0.3305623 0.0000000 0.0637121 
taxon19    0.5709785 0.6521012 0.6210660 0.5449931 0.5487606 0.5682878 0.4019909 0.4647458 0.4255148 0.3218305 0.3681823 0.3396094 0.2858554 0.3084806 0.1424965 0.2461898 0.3339492 0.3554784 0.0637121 0.0000000 
