20
taxon0     0.0000000 0.0048613 0.0146590 0.0097219 0.0097493 0.0445889 0.0344679 0.0546607 0.0602116 0.0500245 0.0709872 0.0763099 0.0395039 0.0444388 0.2394450 0.2732666 0.2390557 0.2324919 0.2472836 0.2333968 
taxon1     0.0048613 0.0000000 0.0097022 0.0048261 0.0048396 0.0393461 0.0293299 0.0493293 0.0547909 0.0446957 0.0654340 0.0706993 0.0343152 0.0496400 0.2317428 0.2651955 0.2462965 0.2396804 0.2394650 0.2406125 
taxon2     0.0146590 0.0097022 0.0000000 0.0145524 0.0145934 0.0345127 0.0343989 0.0545524 0.0600919 0.0497655 0.0706174 0.0759117 0.0293934 0.0446456 0.2263820 0.2598129 0.2409020 0.2470306 0.2468057 0.2479912 
taxon3     0.0097219 0.0048261 0.0145524 0.0000000 0.0096785 0.0442624 0.0342164 0.0492762 0.0547314 0.0396163 0.0602245 0.0654564 0.0392152 0.0546007 0.2374785 0.2584217 0.2520907 0.2330380 0.2328305 0.2339462 
taxon4     0.0097493 0.0048396 0.0145934 0.0096785 0.0000000 0.0443904 0.0343144 0.0442820 0.0496821 0.0498007 0.0602452 0.0654787 0.0393281 0.0547608 0.2383432 0.2720186 0.2530232 0.2463667 0.2461431 0.2473230 
taxon5     0.0445889 0.0393461 0.0345127 0.0442624 0.0443904 0.0000000 0.0096929 0.0293398 0.0345664 0.0654781 0.0867932 0.0922059 0.0446312 0.0602603 0.2381989 0.2590063 0.2528771 0.2662218 0.2589912 0.2602312 
taxon6     0.0344679 0.0293299 0.0343989 0.0342164 0.0343144 0.0096929 0.0000000 0.0194418 0.0245418 0.0550702 0.0761093 0.0814507 0.0444827 0.0600562 0.2372270 0.2579337 0.2518311 0.2525616 0.2454495 0.2466238 
taxon7     0.0546607 0.0493293 0.0545524 0.0492762 0.0442820 0.0293398 0.0194418 0.0000000 0.0146317 0.0706488 0.0710133 0.0763349 0.0648364 0.0808141 0.2631016 0.2781459 0.2781577 0.2727854 0.2655034 0.2667740 
taxon8     0.0602116 0.0547909 0.0600919 0.0547314 0.0496821 0.0345664 0.0245418 0.0146317 0.0000000 0.0764256 0.0873181 0.0927604 0.0704988 0.0866938 0.2715141 0.2867672 0.2867848 0.2813935 0.2740119 0.2753282 
taxon9     0.0500245 0.0446957 0.0497655 0.0396163 0.0498007 0.0654781 0.0550702 0.0706488 0.0764256 0.0000000 0.0294720 0.0344944 0.0292697 0.0444545 0.2409420 0.2497963 0.2557448 0.2427064 0.2341492 0.2352749 
taxon10    0.0709872 0.0654340 0.0706174 0.0602245 0.0602452 0.0867932 0.0761093 0.0710133 0.0873181 0.0294720 0.0000000 0.0048706 0.0494430 0.0547723 0.2558311 0.2774812 0.2709883 0.2705265 0.2615500 0.2628095 
taxon11    0.0763099 0.0706993 0.0759117 0.0654564 0.0654787 0.0922059 0.0814507 0.0763349 0.0927604 0.0344944 0.0048706 0.0000000 0.0545653 0.0599488 0.2628104 0.2846414 0.2781135 0.2776522 0.2685623 0.2698569 
taxon12    0.0395039 0.0343152 0.0293934 0.0392152 0.0393281 0.0446312 0.0444827 0.0648364 0.0704988 0.0292697 0.0494430 0.0545653 0.0000000 0.0146915 0.2205722 0.2538757 0.2350115 0.2470664 0.2384954 0.2396353 
taxon13    0.0444388 0.0496400 0.0446456 0.0546007 0.0547608 0.0602603 0.0600562 0.0808141 0.0866938 0.0444545 0.0547723 0.0599488 0.0146915 0.0000000 0.2413259 0.2753944 0.2409316 0.2530117 0.2595677 0.2455394 
taxon14    0.2394450 0.2317428 0.2263820 0.2374785 0.2383432 0.2381989 0.2372270 0.2631016 0.2715141 0.2409420 0.2558311 0.2628104 0.2205722 0.2413259 0.0000000 0.0242778 0.0096612 0.0390247 0.0339979 0.0341481 
taxon15    0.2732666 0.2651955 0.2598129 0.2584217 0.2720186 0.2590063 0.2579337 0.2781459 0.2867672 0.2497963 0.2774812 0.2846414 0.2538757 0.2753944 0.0242778 0.0000000 0.0243936 0.0543732 0.0492131 0.0494317 
taxon16    0.2390557 0.2462965 0.2409020 0.2520907 0.2530232 0.2528771 0.2518311 0.2781577 0.2867848 0.2557448 0.2709883 0.2781135 0.2350115 0.2409316 0.0096612 0.0243936 0.0000000 0.0389612 0.0441904 0.0340923 
taxon17    0.2324919 0.2396804 0.2470306 0.2330380 0.2463667 0.2662218 0.2525616 0.2727854 0.2813935 0.2427064 0.2705265 0.2776522 0.2470664 0.2530117 0.0390247 0.0543732 0.0389612 0.0000000 0.0097073 0.0096711 
taxon18    0.2472836 0.2394650 0.2468057 0.2328305 0.2461431 0.2589912 0.2454495 0.2655034 0.2740119 0.2341492 0.2615500 0.2685623 0.2384954 0.2595677 0.0339979 0.0492131 0.0441904 0.0097073 0.0000000 0.0096505 
taxon19    0.2333968 0.2406125 0.2479912 0.2339462 0.2473230 0.2602312 0.2466238 0.2667740 0.2753282 0.2352749 0.2628095 0.2698569 0.2396353 0.2455394 0.0341481 0.0494317 0.0340923 0.0096711 0.0096505 0.0000000 
