20
taxon0     0.0000000 0.1419437 0.2322012 0.2197001 0.2644020 0.2277695 0.2578311 0.2362174 0.3158859 0.3111413 0.3550067 0.4806448 0.4945965 0.4769395 0.4429543 0.5375615 0.5676431 0.5165525 0.4739874 0.5198950 
taxon1     0.1419437 0.0000000 0.1738731 0.1362232 0.1900737 0.2048586 0.2290386 0.2081772 0.2807988 0.3129555 0.3341732 0.4433748 0.4399468 0.4263756 0.4377864 0.5179882 0.5520146 0.5144541 0.4691239 0.4797768 
taxon2     0.2322012 0.1738731 0.0000000 0.1443616 0.1789136 0.2976261 0.2740024 0.2698809 0.3082298 0.3444785 0.3615259 0.4487782 0.4250947 0.3915626 0.3857706 0.5118197 0.4923407 0.4557065 0.4521744 0.5270365 
taxon3     0.2197001 0.1362232 0.1443616 0.0000000 0.0880617 0.2807487 0.2682925 0.2332407 0.3060603 0.3350007 0.3519084 0.4380747 0.4011292 0.3907815 0.3904090 0.5113316 0.5221175 0.4747701 0.4145671 0.5039014 
taxon4     0.2644020 0.1900737 0.1789136 0.0880617 0.0000000 0.2978754 0.3033649 0.2848364 0.3385679 0.3212045 0.3967218 0.4845083 0.4845547 0.4480951 0.4314854 0.5577203 0.5451262 0.5250417 0.4434607 0.5503657 
taxon5     0.2277695 0.2048586 0.2976261 0.2807487 0.2978754 0.0000000 0.0593418 0.1195626 0.2319998 0.2705240 0.2496797 0.4995716 0.5360767 0.5257182 0.5081951 0.5026341 0.5337001 0.5191206 0.4695153 0.4888551 
taxon6     0.2578311 0.2290386 0.2740024 0.2682925 0.3033649 0.0593418 0.0000000 0.1091189 0.2222951 0.2557008 0.2447787 0.4639476 0.5263158 0.5021814 0.5117252 0.5012808 0.5331670 0.4989795 0.4613018 0.5141722 
taxon7     0.2362174 0.2081772 0.2698809 0.2332407 0.2848364 0.1195626 0.1091189 0.0000000 0.1796573 0.2796985 0.2403444 0.4481346 0.4813597 0.4621675 0.4741073 0.4332430 0.4906602 0.4449425 0.4124808 0.4803961 
taxon8     0.3158859 0.2807988 0.3082298 0.3060603 0.3385679 0.2319998 0.2222951 0.1796573 0.0000000 0.2641462 0.2398440 0.4871189 0.5249855 0.5199783 0.5270062 0.4652670 0.5145845 0.4818581 0.4459825 0.4968808 
taxon9     0.3111413 0.3129555 0.3444785 0.3350007 0.3212045 0.2705240 0.2557008 0.2796985 0.2641462 0.0000000 0.2188874 0.5121814 0.5721953 0.4886051 0.4776945 0.5578603 0.5659838 0.5394492 0.4647655 0.5375190 
taxon10    0.3550067 0.3341732 0.3615259 0.3519084 0.3967218 0.2496797 0.2447787 0.2403444 0.2398440 0.2188874 0.0000000 0.5701228 0.5458933 0.5299172 0.5743675 0.5507911 0.5807768 0.5447865 0.5125578 0.5505854 
taxon11    0.4806448 0.4433748 0.4487782 0.4380747 0.4845083 0.4995716 0.4639476 0.4481346 0.4871189 0.5121814 0.5701228 0.0000000 0.2992369 0.3239654 0.2858952 0.3628028 0.3731713 0.3361050 0.2932064 0.3530024 
taxon12    0.4945965 0.4399468 0.4250947 0.4011292 0.4845547 0.5360767 0.5263158 0.4813597 0.5249855 0.5721953 0.5458933 0.2992369 0.0000000 0.3422950 0.3214248 0.4627373 0.4191132 0.4151593 0.3919353 0.4071444 
taxon13    0.4769395 0.4263756 0.3915626 0.3907815 0.4480951 0.5257182 0.5021814 0.4621675 0.5199783 0.4886051 0.5299172 0.3239654 0.3422950 0.0000000 0.1050788 0.3828332 0.3656871 0.3479603 0.3083914 0.3314175 
taxon14    0.4429543 0.4377864 0.3857706 0.3904090 0.4314854 0.5081951 0.5117252 0.4741073 0.5270062 0.4776945 0.5743675 0.2858952 0.3214248 0.1050788 0.0000000 0.3515955 0.3404543 0.3295244 0.2829797 0.3096121 
taxon15    0.5375615 0.5179882 0.5118197 0.5113316 0.5577203 0.5026341 0.5012808 0.4332430 0.4652670 0.5578603 0.5507911 0.3628028 0.4627373 0.3828332 0.3515955 0.0000000 0.2326488 0.3651034 0.3612949 0.3395725 
taxon16    0.5676431 0.5520146 0.4923407 0.5221175 0.5451262 0.5337001 0.5331670 0.4906602 0.5145845 0.5659838 0.5807768 0.3731713 0.4191132 0.3656871 0.3404543 0.2326488 0.0000000 0.3050657 0.3150413 0.3298726 
taxon17    0.5165525 0.5144541 0.4557065 0.4747701 0.5250417 0.5191206 0.4989795 0.4449425 0.4818581 0.5394492 0.5447865 0.3361050 0.4151593 0.3479603 0.3295244 0.3651034 0.3050657 0.0000000 0.1584237 0.3009520 
taxon18    0.4739874 0.4691239 0.4521744 0.4145671 0.4434607 0.4695153 0.4613018 0.4124808 0.4459825 0.4647655 0.5125578 0.2932064 0.3919353 0.3083914 0.2829797 0.3612949 0.3150413 0.1584237 0.0000000 0.2864578 
taxon19    0.5198950 0.4797768 0.5270365 0.5039014 0.5503657 0.4888551 0.5141722 0.4803961 0.4968808 0.5375190 0.5505854 0.3530024 0.4071444 0.3314175 0.3096121 0.3395725 0.3298726 0.3009520 0.2864578 0.0000000 
