20
taxon0     0.0000000 0.0253044 0.0202296 0.0303806 0.0355338 0.0406981 0.0514686 0.0358040 0.0350401 0.0456160 0.0456160 0.2073364 0.2006954 0.2078491 0.2185478 0.2323717 0.2389296 0.2460271 0.2365064 0.2293079 
taxon1     0.0253044 0.0000000 0.0149303 0.0249179 0.0299787 0.0350533 0.0455967 0.0515550 0.0512967 0.0508402 0.0508402 0.2268643 0.2200933 0.2273989 0.2256667 0.2522191 0.2499151 0.2570597 0.2737415 0.2661993 
taxon2     0.0202296 0.0149303 0.0000000 0.0151235 0.0202135 0.0253205 0.0358577 0.0463705 0.0414992 0.0411225 0.0411225 0.2208472 0.2141011 0.2175126 0.2283342 0.2424151 0.2401722 0.2472991 0.2639191 0.2563812 
taxon3     0.0303806 0.0249179 0.0151235 0.0000000 0.0049421 0.0099080 0.0200462 0.0567397 0.0460322 0.0456216 0.0456216 0.2329186 0.2261189 0.2208070 0.2315339 0.2455269 0.2432782 0.2503674 0.2669068 0.2594127 
taxon4     0.0355338 0.0299787 0.0202135 0.0049421 0.0000000 0.0049342 0.0149739 0.0620551 0.0512774 0.0508212 0.0508212 0.2394995 0.2326557 0.2273330 0.2380747 0.2521519 0.2498484 0.2569926 0.2736737 0.2661316 
taxon5     0.0406981 0.0350533 0.0253205 0.0099080 0.0049342 0.0000000 0.0200094 0.0673712 0.0565278 0.0560265 0.0560265 0.2459706 0.2390880 0.2337581 0.2445073 0.2586568 0.2563014 0.2634947 0.2803018 0.2727187 
taxon6     0.0514686 0.0455967 0.0358577 0.0200462 0.0149739 0.0200094 0.0000000 0.0786504 0.0622739 0.0617191 0.0617191 0.2522444 0.2453284 0.2399944 0.2507447 0.2649553 0.2546273 0.2617669 0.2867068 0.2790887 
taxon7     0.0358040 0.0515550 0.0463705 0.0567397 0.0620551 0.0673712 0.0786504 0.0000000 0.0353563 0.0350413 0.0350413 0.2052303 0.1954073 0.2025487 0.2132798 0.2445064 0.2511202 0.2583036 0.2509617 0.2436302 
taxon8     0.0350401 0.0512967 0.0414992 0.0460322 0.0512774 0.0565278 0.0622739 0.0353563 0.0000000 0.0099556 0.0099556 0.2058687 0.2009819 0.1956889 0.2063997 0.2325336 0.2390960 0.2461986 0.2224252 0.2153551 
taxon9     0.0456160 0.0508402 0.0411225 0.0456216 0.0508212 0.0560265 0.0617191 0.0350413 0.0099556 0.0000000 0.0098667 0.2040617 0.1992034 0.1939481 0.2045844 0.2181676 0.2246204 0.2315751 0.2245115 0.2173790 
taxon10    0.0456160 0.0508402 0.0411225 0.0456216 0.0508212 0.0560265 0.0617191 0.0350413 0.0099556 0.0098667 0.0000000 0.2040617 0.1992034 0.1939481 0.2045844 0.2305095 0.2370188 0.2440599 0.2368879 0.2296820 
taxon11    0.2073364 0.2268643 0.2208472 0.2329186 0.2394995 0.2459706 0.2522444 0.2052303 0.2058687 0.2040617 0.2040617 0.0000000 0.0148882 0.0248610 0.0298313 0.0553779 0.0657295 0.0658951 0.0555500 0.0555552 
taxon12    0.2006954 0.2200933 0.2141011 0.2261189 0.2326557 0.2390880 0.2453284 0.1954073 0.2009819 0.1992034 0.1992034 0.0148882 0.0000000 0.0098894 0.0148331 0.0607622 0.0711973 0.0713778 0.0712314 0.0609556 
taxon13    0.2078491 0.2273989 0.2175126 0.2208070 0.2273330 0.2337581 0.2399944 0.2025487 0.1956889 0.1939481 0.1939481 0.0248610 0.0098894 0.0000000 0.0148096 0.0504320 0.0607793 0.0609326 0.0608130 0.0608565 
taxon14    0.2185478 0.2256667 0.2283342 0.2315339 0.2380747 0.2445073 0.2507447 0.2132798 0.2063997 0.2045844 0.2045844 0.0298313 0.0148331 0.0148096 0.0000000 0.0657143 0.0761543 0.0763472 0.0761879 0.0659210 
taxon15    0.2323717 0.2522191 0.2424151 0.2455269 0.2521519 0.2586568 0.2649553 0.2445064 0.2325336 0.2181676 0.2305095 0.0553779 0.0607622 0.0504320 0.0657143 0.0000000 0.0195418 0.0195891 0.0296516 0.0296725 
taxon16    0.2389296 0.2499151 0.2401722 0.2432782 0.2498484 0.2563014 0.2546273 0.2511202 0.2390960 0.2246204 0.2370188 0.0657295 0.0711973 0.0607793 0.0761543 0.0195418 0.0000000 0.0096807 0.0296507 0.0296715 
taxon17    0.2460271 0.2570597 0.2472991 0.2503674 0.2569926 0.2634947 0.2617669 0.2583036 0.2461986 0.2315751 0.2440599 0.0658951 0.0713778 0.0609326 0.0763472 0.0195891 0.0096807 0.0000000 0.0397989 0.0398271 
taxon18    0.2365064 0.2737415 0.2639191 0.2669068 0.2736737 0.2803018 0.2867068 0.2509617 0.2224252 0.2245115 0.2368879 0.0555500 0.0712314 0.0608130 0.0761879 0.0296516 0.0296507 0.0397989 0.0000000 0.0096481 
taxon19    0.2293079 0.2661993 0.2563812 0.2594127 0.2661316 0.2727187 0.2790887 0.2436302 0.2153551 0.2173790 0.2296820 0.0555552 0.0609556 0.0608565 0.0659210 0.0296725 0.0296715 0.0398271 0.0096481 0.0000000 
