20
taxon0     0.0000000 0.0542634 0.0391012 0.0441730 0.0540570 0.0546206 0.0798341 0.0748108 0.0752450 0.0960263 0.0694299 0.0642649 0.0961455 0.0804779 0.0594272 0.0645594 0.3120497 0.3303812 0.3288027 0.2926716 
taxon1     0.0542634 0.0000000 0.0496229 0.0548104 0.0445222 0.0699258 0.0746896 0.0696867 0.0753236 0.0857984 0.0594634 0.0543414 0.0859153 0.0703540 0.0595105 0.0646422 0.2685747 0.2603561 0.2512683 0.2687573 
taxon2     0.0391012 0.0496229 0.0000000 0.0048028 0.0144256 0.0652053 0.0698433 0.0648261 0.0602558 0.0704935 0.0546027 0.0494747 0.0810391 0.0654531 0.0446075 0.0497008 0.3304227 0.3338082 0.3037515 0.3031906 
taxon3     0.0441730 0.0548104 0.0048028 0.0000000 0.0193132 0.0705233 0.0751536 0.0701124 0.0655577 0.0758557 0.0598211 0.0546536 0.0864738 0.0707878 0.0497748 0.0549047 0.3381200 0.3414709 0.3112262 0.3106628 
taxon4     0.0540570 0.0445222 0.0144256 0.0193132 0.0000000 0.0701435 0.0747506 0.0697370 0.0652046 0.0652442 0.0494779 0.0443835 0.0652298 0.0498835 0.0495108 0.0546124 0.3358668 0.3266855 0.2967634 0.3087822 
taxon5     0.0546206 0.0699258 0.0652053 0.0705233 0.0701435 0.0000000 0.0390321 0.0291372 0.0705650 0.0803176 0.0647765 0.0495270 0.0749950 0.0596319 0.0446553 0.0497536 0.2972055 0.3162457 0.3012585 0.2919495 
taxon6     0.0798341 0.0746896 0.0698433 0.0751536 0.0747506 0.0390321 0.0000000 0.0095767 0.0856112 0.0799009 0.0796606 0.0541883 0.0795682 0.0642565 0.0493506 0.0544352 0.3252293 0.3285993 0.3136317 0.3199662 
taxon7     0.0748108 0.0696867 0.0648261 0.0701124 0.0697370 0.0291372 0.0095767 0.0000000 0.0805414 0.0798533 0.0746488 0.0492405 0.0745621 0.0592874 0.0443960 0.0494645 0.3118345 0.3152777 0.3003160 0.3065627 
taxon8     0.0752450 0.0753236 0.0602558 0.0655577 0.0652046 0.0705650 0.0856112 0.0805414 0.0000000 0.0601296 0.0344317 0.0494669 0.0706397 0.0654363 0.0343340 0.0393448 0.3067487 0.2973422 0.2891754 0.3087281 
taxon9     0.0960263 0.0857984 0.0704935 0.0758557 0.0652442 0.0803176 0.0799009 0.0798533 0.0601296 0.0000000 0.0294419 0.0494937 0.0757087 0.0602104 0.0546590 0.0597929 0.3350201 0.3258843 0.3046695 0.3372317 
taxon10    0.0694299 0.0594634 0.0546027 0.0598211 0.0494779 0.0647765 0.0796606 0.0746488 0.0344317 0.0294419 0.0000000 0.0341614 0.0649429 0.0496644 0.0391954 0.0442148 0.3192763 0.3103518 0.2892604 0.3213534 
taxon11    0.0642649 0.0543414 0.0494747 0.0546536 0.0443835 0.0495270 0.0541883 0.0492405 0.0494669 0.0494937 0.0341614 0.0000000 0.0294919 0.0146622 0.0145477 0.0194484 0.3193989 0.3104740 0.3026659 0.3214769 
taxon12    0.0961455 0.0859153 0.0810391 0.0864738 0.0652298 0.0749950 0.0795682 0.0745621 0.0706397 0.0757087 0.0649429 0.0294919 0.0000000 0.0144482 0.0446773 0.0497742 0.3371264 0.3150596 0.3204101 0.3249925 
taxon13    0.0804779 0.0703540 0.0654531 0.0707878 0.0498835 0.0596319 0.0642565 0.0592874 0.0654363 0.0602104 0.0496644 0.0146622 0.0144482 0.0000000 0.0296144 0.0346411 0.3332657 0.3241673 0.3164433 0.3210617 
taxon14    0.0594272 0.0595105 0.0446075 0.0497748 0.0495108 0.0446553 0.0493506 0.0443960 0.0343340 0.0546590 0.0391954 0.0145477 0.0446773 0.0296144 0.0000000 0.0048211 0.2989067 0.3024226 0.2945930 0.3008193 
taxon15    0.0645594 0.0646422 0.0497008 0.0549047 0.0546124 0.0497536 0.0544352 0.0494645 0.0393448 0.0597929 0.0442148 0.0194484 0.0497742 0.0346411 0.0048211 0.0000000 0.3058031 0.3092862 0.3014930 0.3077725 
taxon16    0.3120497 0.2685747 0.3304227 0.3381200 0.3358668 0.2972055 0.3252293 0.3118345 0.3067487 0.3350201 0.3192763 0.3193989 0.3371264 0.3332657 0.2989067 0.3058031 0.0000000 0.0240389 0.0492630 0.0288899 
taxon17    0.3303812 0.2603561 0.3338082 0.3414709 0.3266855 0.3162457 0.3285993 0.3152777 0.2973422 0.3258843 0.3103518 0.3104740 0.3150596 0.3241673 0.3024226 0.3092862 0.0240389 0.0000000 0.0439301 0.0536674 
taxon18    0.3288027 0.2512683 0.3037515 0.3112262 0.2967634 0.3012585 0.3136317 0.3003160 0.2891754 0.3046695 0.2892604 0.3026659 0.3204101 0.3164433 0.2945930 0.3014930 0.0492630 0.0439301 0.0000000 0.0492712 
taxon19    0.2926716 0.2687573 0.3031906 0.3106628 0.3087822 0.2919495 0.3199662 0.3065627 0.3087281 0.3372317 0.3213534 0.3214769 0.3249925 0.3210617 0.3008193 0.3077725 0.0288899 0.0536674 0.0492712 0.0000000 
