20
taxon0     0.0000000 1.1109175 0.9001306 1.4239009 1.6877294 2.3431185 1.7236028 2.1142914 1.6391170 1.4823203 1.6572124 1.5761063 1.6939701 1.6932846 2.3238166 1.8353663 1.4419854 2.5200279 2.4289876 2.2315419 
taxon1     1.1109175 0.0000000 0.6467536 1.8918154 2.6131472 2.1595875 2.0777714 2.2669418 2.0806667 2.2248794 2.1842992 2.1013711 2.1473826 2.4313252 2.8893536 2.8664677 1.7698649 5.4559749 4.0898558 3.8618536 
taxon2     0.9001306 0.6467536 0.0000000 1.6743849 2.1767992 2.1077249 1.6515480 2.1397066 1.8506935 1.9979991 1.6273354 1.8695948 1.7395909 1.8584325 2.3765455 2.2931542 1.4544202 2.9945620 3.4090266 2.3384961 
taxon3     1.4239009 1.8918154 1.6743849 0.0000000 0.5308108 2.1754131 2.1430654 2.5114301 2.1491322 2.6275005 2.2289899 2.3480079 2.1992672 2.5385069 2.9021268 2.2346275 1.8180387 3.0422828 3.2590837 2.7573169 
taxon4     1.6877294 2.6131472 2.1767992 0.5308108 0.0000000 2.7111472 2.7285256 2.9471875 3.2197644 3.1753640 2.5071874 2.8344310 2.6626016 2.3257312 2.7794629 2.9739115 2.2083932 3.2070665 4.4973840 2.8797021 
taxon5     2.3431185 2.1595875 2.1077249 2.1754131 2.7111472 0.0000000 1.0438342 1.0503025 2.1089783 1.9367961 2.5608006 2.3234657 2.2420426 2.2894952 3.4178368 3.5551934 1.9710768 2.8446280 4.2232640 2.7781869 
taxon6     1.7236028 2.0777714 1.6515480 2.1430654 2.7285256 1.0438342 0.0000000 0.8068927 1.5426180 1.7098675 2.1928182 2.1440760 1.7665405 1.9252004 2.6531457 2.2998239 1.3710533 3.4541115 3.8288592 2.7637791 
taxon7     2.1142914 2.2669418 2.1397066 2.5114301 2.9471875 1.0503025 0.8068927 0.0000000 1.7864445 1.8696686 2.1677779 2.3213118 2.0160495 2.4684419 3.4096428 3.5798812 2.0355009 3.9062428 3.3321605 2.8476439 
taxon8     1.6391170 2.0806667 1.8506935 2.1491322 3.2197644 2.1089783 1.5426180 1.7864445 0.0000000 1.2483104 1.1881985 1.6807210 1.8589213 2.4210608 3.3693042 2.8477520 2.0598750 3.9304568 3.7997411 3.7202668 
taxon9     1.4823203 2.2248794 1.9979991 2.6275005 3.1753640 1.9367961 1.7098675 1.8696686 1.2483104 0.0000000 1.2272560 1.8497372 2.0925470 2.5697734 4.1232260 2.7574850 1.9776710 3.1202066 3.0882362 3.1460067 
taxon10    1.6572124 2.1842992 1.6273354 2.2289899 2.5071874 2.5608006 2.1928182 2.1677779 1.1881985 1.2272560 0.0000000 1.7416195 2.0425896 2.9934860 2.9944785 2.6403778 1.9625279 3.3632366 3.5980090 4.0433386 
taxon11    1.5761063 2.1013711 1.8695948 2.3480079 2.8344310 2.3234657 2.1440760 2.3213118 1.6807210 1.8497372 1.7416195 0.0000000 1.0235166 2.4957306 3.8290838 2.5348044 1.6720674 3.5964393 3.3439111 2.9421461 
taxon12    1.6939701 2.1473826 1.7395909 2.1992672 2.6626016 2.2420426 1.7665405 2.0160495 1.8589213 2.0925470 2.0425896 1.0235166 0.0000000 2.1845083 2.4179262 2.1516602 1.5954280 2.7930810 3.8015051 2.6163992 
taxon13    1.6932846 2.4313252 1.8584325 2.5385069 2.3257312 2.2894952 1.9252004 2.4684419 2.4210608 2.5697734 2.9934860 2.4957306 2.1845083 0.0000000 0.9675865 2.1214259 1.6179713 2.2402795 3.4031588 2.9916204 
taxon14    2.3238166 2.8893536 2.3765455 2.9021268 2.7794629 3.4178368 2.6531457 3.4096428 3.3693042 4.1232260 2.9944785 3.8290838 2.4179262 0.9675865 0.0000000 2.4545022 1.6374012 3.3573766 3.9580558 3.8858619 
taxon15    1.8353663 2.8664677 2.2931542 2.2346275 2.9739115 3.5551934 2.2998239 3.5798812 2.8477520 2.7574850 2.6403778 2.5348044 2.1516602 2.1214259 2.4545022 0.0000000 0.7772441 2.2573135 2.1670249 2.0559851 
taxon16    1.4419854 1.7698649 1.4544202 1.8180387 2.2083932 1.9710768 1.3710533 2.0355009 2.0598750 1.9776710 1.9625279 1.6720674 1.5954280 1.6179713 1.6374012 0.7772441 0.0000000 1.5000929 1.8053509 1.4581044 
taxon17    2.5200279 5.4559749 2.9945620 3.0422828 3.2070665 2.8446280 3.4541115 3.9062428 3.9304568 3.1202066 3.3632366 3.5964393 2.7930810 2.2402795 3.3573766 2.2573135 1.5000929 0.0000000 1.4430848 1.2025996 
taxon18    2.4289876 4.0898558 3.4090266 3.2590837 4.4973840 4.2232640 3.8288592 3.3321605 3.7997411 3.0882362 3.5980090 3.3439111 3.8015051 3.4031588 3.9580558 2.1670249 1.8053509 1.4430848 0.0000000 0.7189163 
taxon19    2.2315419 3.8618536 2.3384961 2.7573169 2.8797021 2.7781869 2.7637791 2.8476439 3.7202668 3.1460067 4.0433386 2.9421461 2.6163992 2.9916204 3.8858619 2.0559851 1.4581044 1.2025996 0.7189163 0.0000000 
