20
taxon0     0.0000000 0.0656855 0.1285662 0.1650847 0.3112500 0.2905949 0.2894174 0.3198245 0.2931873 0.2781921 0.2923873 0.3003517 0.3542110 0.3646475 0.3481998 0.3856562 0.3571035 0.4162924 0.3722149 0.3591017 
taxon1     0.0656855 0.0000000 0.1094525 0.1327564 0.2784137 0.2585630 0.2575318 0.3194652 0.3006531 0.2855111 0.2561612 0.2637325 0.3158295 0.3256183 0.3099356 0.3701771 0.3184183 0.3648710 0.3329361 0.3058721 
taxon2     0.1285662 0.1094525 0.0000000 0.0492191 0.3254687 0.3172551 0.3159562 0.3702021 0.3361699 0.3256516 0.3213822 0.3167712 0.3721838 0.3964956 0.3793024 0.4154037 0.3752567 0.4156738 0.3908410 0.3662819 
taxon3     0.1650847 0.1327564 0.0492191 0.0000000 0.3204874 0.3124023 0.3111357 0.3796182 0.3312049 0.3350879 0.3263089 0.3119252 0.3666478 0.3906293 0.3736768 0.4092504 0.3696537 0.3951512 0.3672799 0.3607974 
taxon4     0.3112500 0.2784137 0.3254687 0.3204874 0.0000000 0.0241669 0.0240831 0.0907454 0.0544661 0.0494488 0.0439581 0.0290598 0.0741894 0.0901459 0.0792773 0.1244959 0.0747955 0.1374317 0.0853724 0.0750845 
taxon5     0.2905949 0.2585630 0.3172551 0.3124023 0.0241669 0.0000000 0.0095776 0.0904401 0.0542925 0.0492922 0.0391332 0.0340139 0.0687245 0.0744181 0.0638142 0.1198978 0.0692842 0.1311044 0.0797409 0.0695484 
taxon6     0.2894174 0.2575318 0.3159562 0.3111357 0.0240831 0.0095776 0.0000000 0.0901184 0.0541014 0.0491187 0.0389962 0.0338955 0.0736902 0.0693147 0.0587849 0.1251913 0.0742874 0.1256201 0.0746056 0.0745724 
taxon7     0.3198245 0.3194652 0.3702021 0.3796182 0.0907454 0.0904401 0.0901184 0.0000000 0.0491932 0.0390063 0.0901295 0.0744707 0.1054122 0.1160404 0.1106321 0.1642314 0.1062629 0.1772896 0.1172080 0.1066920 
taxon8     0.2931873 0.3006531 0.3361699 0.3312049 0.0544661 0.0542925 0.0541014 0.0491932 0.0000000 0.0096567 0.0594807 0.0442360 0.0745283 0.0905502 0.0796366 0.1361345 0.0751392 0.1495860 0.0857596 0.0754308 
taxon9     0.2781921 0.2855111 0.3256516 0.3350879 0.0494488 0.0492922 0.0491187 0.0390063 0.0096567 0.0000000 0.0491277 0.0341034 0.0640154 0.0797641 0.0690589 0.1244888 0.0645401 0.1376331 0.0749922 0.0647856 
taxon10    0.2923873 0.2561612 0.3213822 0.3263089 0.0439581 0.0391332 0.0389962 0.0901295 0.0594807 0.0491277 0.0000000 0.0143629 0.0635978 0.0692178 0.0587047 0.1037087 0.0541444 0.1259998 0.0644398 0.0543465 
taxon11    0.3003517 0.2637325 0.3167712 0.3119252 0.0290598 0.0340139 0.0338955 0.0744707 0.0442360 0.0341034 0.0143629 0.0000000 0.0485131 0.0638463 0.0534565 0.1019239 0.0489102 0.1199754 0.0591048 0.0490906 
taxon12    0.3542110 0.3158295 0.3721838 0.3666478 0.0741894 0.0687245 0.0736902 0.1054122 0.0745283 0.0640154 0.0635978 0.0485131 0.0000000 0.0339578 0.0240016 0.0967683 0.0339244 0.1034054 0.0439239 0.0391567 
taxon13    0.3646475 0.3256183 0.3964956 0.3906293 0.0901459 0.0744181 0.0693147 0.1160404 0.0905502 0.0797641 0.0692178 0.0638463 0.0339578 0.0000000 0.0096428 0.1094699 0.0490607 0.1096233 0.0492731 0.0545087 
taxon14    0.3481998 0.3099356 0.3793024 0.3736768 0.0792773 0.0638142 0.0587849 0.1106321 0.0796366 0.0690589 0.0587047 0.0534565 0.0240016 0.0096428 0.0000000 0.0980040 0.0388364 0.0981554 0.0390041 0.0441265 
taxon15    0.3856562 0.3701771 0.4154037 0.4092504 0.1244959 0.1198978 0.1251913 0.1642314 0.1361345 0.1244888 0.1037087 0.1019239 0.0967683 0.1094699 0.0980040 0.0000000 0.0759803 0.1395819 0.0867200 0.0709739 
taxon16    0.3571035 0.3184183 0.3752567 0.3696537 0.0747955 0.0692842 0.0742874 0.1062629 0.0751392 0.0645401 0.0541444 0.0489102 0.0339244 0.0490607 0.0388364 0.0759803 0.0000000 0.0765753 0.0192638 0.0194758 
taxon17    0.4162924 0.3648710 0.4156738 0.3951512 0.1374317 0.1311044 0.1256201 0.1772896 0.1495860 0.1376331 0.1259998 0.1199754 0.1034054 0.1096233 0.0981554 0.1395819 0.0765753 0.0000000 0.0612859 0.0827556 
taxon18    0.3722149 0.3329361 0.3908410 0.3672799 0.0853724 0.0797409 0.0746056 0.1172080 0.0857596 0.0749922 0.0644398 0.0591048 0.0439239 0.0492731 0.0390041 0.0867200 0.0192638 0.0612859 0.0000000 0.0294202 
taxon19    0.3591017 0.3058721 0.3662819 0.3607974 0.0750845 0.0695484 0.0745724 0.1066920 0.0754308 0.0647856 0.0543465 0.0490906 0.0391567 0.0545087 0.0441265 0.0709739 0.0194758 0.0827556 0.0294202 0.0000000 
