20
taxon0     0.0000000 0.0294776 0.0453210 0.0402483 0.2552214 0.2723342 0.2782433 0.2852238 0.2783507 0.2635868 0.2924893 0.2561039 0.2573184 0.2808073 0.2565632 0.2562560 0.2562792 0.2498685 0.2414009 0.2656663 
taxon1     0.0294776 0.0000000 0.0661268 0.0505654 0.2552752 0.2868364 0.2918439 0.2844876 0.3061577 0.2909217 0.3206912 0.2693773 0.2707954 0.2805467 0.2837103 0.2695357 0.2689486 0.2624958 0.2538616 0.2785287 
taxon2     0.0453210 0.0661268 0.0000000 0.0350140 0.2615330 0.2788001 0.2717221 0.2635556 0.2568255 0.2571915 0.2574769 0.2775510 0.2788684 0.2720002 0.2629046 0.2711777 0.2562287 0.2561800 0.2632957 0.2720992 
taxon3     0.0402483 0.0505654 0.0350140 0.0000000 0.2420572 0.2502608 0.2731609 0.2801294 0.2732691 0.2736654 0.2873749 0.2712837 0.2423336 0.2503332 0.2567126 0.2649286 0.2649510 0.2500082 0.2699240 0.2490869 
taxon4     0.2552214 0.2552752 0.2615330 0.2420572 0.0000000 0.0344256 0.0491347 0.0441686 0.0491728 0.0593952 0.0648482 0.0341354 0.0293002 0.0445382 0.0290715 0.0341734 0.0444631 0.0342076 0.0388987 0.0342807 
taxon5     0.2723342 0.2868364 0.2788001 0.2502608 0.0344256 0.0000000 0.0553839 0.0552853 0.0554269 0.0659181 0.0715395 0.0393773 0.0243610 0.0394995 0.0394482 0.0344382 0.0396260 0.0293972 0.0443079 0.0193059 
taxon6     0.2782433 0.2918439 0.2717221 0.2731609 0.0491347 0.0553839 0.0000000 0.0242999 0.0193893 0.0292726 0.0243786 0.0392823 0.0449545 0.0503406 0.0391773 0.0343551 0.0549283 0.0444538 0.0392063 0.0398881 
taxon7     0.2852238 0.2844876 0.2635556 0.2801294 0.0441686 0.0552853 0.0242999 0.0000000 0.0144376 0.0242181 0.0292905 0.0544928 0.0501121 0.0552621 0.0442246 0.0495120 0.0393523 0.0393429 0.0341571 0.0347564 
taxon8     0.2783507 0.3061577 0.2568255 0.2732691 0.0491728 0.0554269 0.0193893 0.0144376 0.0000000 0.0096207 0.0145451 0.0494089 0.0449904 0.0501140 0.0392085 0.0444446 0.0444996 0.0444890 0.0392376 0.0399204 
taxon9     0.2635868 0.2909217 0.2571915 0.2736654 0.0593952 0.0659181 0.0292726 0.0242181 0.0096207 0.0000000 0.0243984 0.0492425 0.0448373 0.0605164 0.0493304 0.0492717 0.0493321 0.0547314 0.0391062 0.0502106 
taxon10    0.2924893 0.3206912 0.2574769 0.2873749 0.0648482 0.0715395 0.0243786 0.0292905 0.0145451 0.0243984 0.0000000 0.0651631 0.0608305 0.0660687 0.0546889 0.0601166 0.0601903 0.0601762 0.0547318 0.0556600 
taxon11    0.2561039 0.2693773 0.2775510 0.2712837 0.0341354 0.0393773 0.0392823 0.0544928 0.0494089 0.0492425 0.0651631 0.0000000 0.0193374 0.0344444 0.0292095 0.0095793 0.0292355 0.0243107 0.0290255 0.0243625 
taxon12    0.2573184 0.2707954 0.2788684 0.2423336 0.0293002 0.0243610 0.0449545 0.0501121 0.0449904 0.0448373 0.0608305 0.0193374 0.0000000 0.0243099 0.0293441 0.0193489 0.0293704 0.0244230 0.0291585 0.0144354 
taxon13    0.2808073 0.2805467 0.2720002 0.2503332 0.0445382 0.0394995 0.0503406 0.0552621 0.0501140 0.0605164 0.0660687 0.0344444 0.0243099 0.0000000 0.0446060 0.0295101 0.0396077 0.0395982 0.0547137 0.0292545 
taxon14    0.2565632 0.2837103 0.2629046 0.2567126 0.0290715 0.0394482 0.0391773 0.0442246 0.0392085 0.0493304 0.0546889 0.0292095 0.0293441 0.0446060 0.0000000 0.0243298 0.0344698 0.0243544 0.0290773 0.0244064 
taxon15    0.2562560 0.2695357 0.2711777 0.2649286 0.0341734 0.0344382 0.0343551 0.0495120 0.0444446 0.0492717 0.0601166 0.0095793 0.0193489 0.0295101 0.0243298 0.0000000 0.0194252 0.0194400 0.0290427 0.0194815 
taxon16    0.2562792 0.2689486 0.2562287 0.2649510 0.0444631 0.0396260 0.0549283 0.0393523 0.0444996 0.0493321 0.0601903 0.0292355 0.0293704 0.0396077 0.0344698 0.0194252 0.0000000 0.0096483 0.0291635 0.0195642 
taxon17    0.2498685 0.2624958 0.2561800 0.2500082 0.0342076 0.0293972 0.0444538 0.0393429 0.0444890 0.0547314 0.0601762 0.0243107 0.0244230 0.0395982 0.0243544 0.0194400 0.0096483 0.0000000 0.0242506 0.0096762 
taxon18    0.2414009 0.2538616 0.2632957 0.2699240 0.0388987 0.0443079 0.0392063 0.0341571 0.0392376 0.0391062 0.0547318 0.0290255 0.0291585 0.0547137 0.0290773 0.0290427 0.0291635 0.0242506 0.0000000 0.0243022 
taxon19    0.2656663 0.2785287 0.2720992 0.2490869 0.0342807 0.0193059 0.0398881 0.0347564 0.0399204 0.0502106 0.0556600 0.0243625 0.0144354 0.0292545 0.0244064 0.0194815 0.0195642 0.0096762 0.0243022 0.0000000 
