20
taxon0     0.0000000 0.0297681 0.1178061 0.1526603 0.1972036 0.1668112 0.1590883 0.1464179 0.1359822 0.2975761 0.2780864 0.3330140 0.3327408 0.3465660 0.3018346 0.3113032 0.2867803 0.3380774 0.3054432 0.3102466 
taxon1     0.0297681 0.0000000 0.1457983 0.1814554 0.2023672 0.1770332 0.1691887 0.1628341 0.1409546 0.2886834 0.2640098 0.3236618 0.3377411 0.3515529 0.3068165 0.3163015 0.2781161 0.3098317 0.2964525 0.3012244 
taxon2     0.1178061 0.1457983 0.0000000 0.0406338 0.1556740 0.0931198 0.1209020 0.1236350 0.1053256 0.2494401 0.2640619 0.3219415 0.3463206 0.3287032 0.3162492 0.3365662 0.2947012 0.3484077 0.3083865 0.3134138 
taxon3     0.1526603 0.1814554 0.0406338 0.0000000 0.1201865 0.0709141 0.1096787 0.1356273 0.1052387 0.2599302 0.2878764 0.3037208 0.3273171 0.3100650 0.3116610 0.3316635 0.2905546 0.3433805 0.3054020 0.3103840 
taxon4     0.1972036 0.2023672 0.1556740 0.1201865 0.0000000 0.0808780 0.1070480 0.1680576 0.1418173 0.2734655 0.2523974 0.2898200 0.2855732 0.2815579 0.3079070 0.3168686 0.3000116 0.2944136 0.2971755 0.3138900 
taxon5     0.1668112 0.1770332 0.0931198 0.0709141 0.0808780 0.0000000 0.0494122 0.1465133 0.1320996 0.2640963 0.2726442 0.3076650 0.3119694 0.2867545 0.2878629 0.3038325 0.2760493 0.3277198 0.3024008 0.3142983 
taxon6     0.1590883 0.1691887 0.1209020 0.1096787 0.1070480 0.0494122 0.0000000 0.1466695 0.1322816 0.2886448 0.2901144 0.3202024 0.3156246 0.2905502 0.2794630 0.3075675 0.2938932 0.3312720 0.3207330 0.3327047 
taxon7     0.1464179 0.1628341 0.1236350 0.1356273 0.1680576 0.1465133 0.1466695 0.0000000 0.0723633 0.2769654 0.2707049 0.2908075 0.2650700 0.2793525 0.2733940 0.2606938 0.2818734 0.2868847 0.2783999 0.3006730 
taxon8     0.1359822 0.1409546 0.1053256 0.1052387 0.1418173 0.1320996 0.1322816 0.0723633 0.0000000 0.2461184 0.2497852 0.2515188 0.2346845 0.2684748 0.2704737 0.2703620 0.2558891 0.2753683 0.2656827 0.2819120 
taxon9     0.2975761 0.2886834 0.2494401 0.2599302 0.2734655 0.2640963 0.2886448 0.2769654 0.2461184 0.0000000 0.0718101 0.1180905 0.1531255 0.1319100 0.1479588 0.1496562 0.0880657 0.1339841 0.0796353 0.0793160 
taxon10    0.2780864 0.2640098 0.2640619 0.2878764 0.2523974 0.2726442 0.2901144 0.2707049 0.2497852 0.0718101 0.0000000 0.1210838 0.1573896 0.1532517 0.1410330 0.1603079 0.0929474 0.1156717 0.0992312 0.1113603 
taxon11    0.3330140 0.3236618 0.3219415 0.3037208 0.2898200 0.3076650 0.3202024 0.2908075 0.2515188 0.1180905 0.1210838 0.0000000 0.0865584 0.0929010 0.1252560 0.1328215 0.0763651 0.1032424 0.0649303 0.0863735 
taxon12    0.3327408 0.3377411 0.3463206 0.3273171 0.2855732 0.3119694 0.3156246 0.2650700 0.2346845 0.1531255 0.1573896 0.0865584 0.0000000 0.0542821 0.0802417 0.0759556 0.1209620 0.1320700 0.0910857 0.0977080 
taxon13    0.3465660 0.3515529 0.3287032 0.3100650 0.2815579 0.2867545 0.2905502 0.2793525 0.2684748 0.1319100 0.1532517 0.0929010 0.0542821 0.0000000 0.0703977 0.0547263 0.1167119 0.1334353 0.0868119 0.0985234 
taxon14    0.3018346 0.3068165 0.3162492 0.3116610 0.3079070 0.2878629 0.2794630 0.2733940 0.2704737 0.1479588 0.1410330 0.1252560 0.0802417 0.0703977 0.0000000 0.0294013 0.1225920 0.1458429 0.1028924 0.1201402 
taxon15    0.3113032 0.3163015 0.3365662 0.3316635 0.3168686 0.3038325 0.3075675 0.2606938 0.2703620 0.1496562 0.1603079 0.1328215 0.0759556 0.0547263 0.0294013 0.0000000 0.1302384 0.1417738 0.1100174 0.1276514 
taxon16    0.2867803 0.2781161 0.2947012 0.2905546 0.3000116 0.2760493 0.2938932 0.2818734 0.2558891 0.0880657 0.0929474 0.0763651 0.1209620 0.1167119 0.1225920 0.1302384 0.0000000 0.0449456 0.0560767 0.0710944 
taxon17    0.3380774 0.3098317 0.3484077 0.3433805 0.2944136 0.3277198 0.3312720 0.2868847 0.2753683 0.1339841 0.1156717 0.1032424 0.1320700 0.1334353 0.1458429 0.1417738 0.0449456 0.0000000 0.0880689 0.1157361 
taxon18    0.3054432 0.2964525 0.3083865 0.3054020 0.2971755 0.3024008 0.3207330 0.2783999 0.2656827 0.0796353 0.0992312 0.0649303 0.0910857 0.0868119 0.1028924 0.1100174 0.0560767 0.0880689 0.0000000 0.0297879 
taxon19    0.3102466 0.3012244 0.3134138 0.3103840 0.3138900 0.3142983 0.3327047 0.3006730 0.2819120 0.0793160 0.1113603 0.0863735 0.0977080 0.0985234 0.1201402 0.1276514 0.0710944 0.1157361 0.0297879 0.0000000 
