20
taxon0     0.0000000 0.0482776 0.1069994 0.0965494 0.1028839 0.1070887 0.1322375 0.1256998 0.1311244 0.1369232 0.1372345 0.1347996 0.1390978 0.1452180 0.1518254 0.1459049 0.1337055 0.1728338 0.1255870 0.1141524 
taxon1     0.0482776 0.0000000 0.1093043 0.1087613 0.1275471 0.1134362 0.1500464 0.1433938 0.1516844 0.1576231 0.1643611 0.1672369 0.1598057 0.1667011 0.1735402 0.1644841 0.1659717 0.2065744 0.1370862 0.1256300 
taxon2     0.1069994 0.1093043 0.0000000 0.0418580 0.0752531 0.0647506 0.0990118 0.1102507 0.0991882 0.1105863 0.1051009 0.1121745 0.1060533 0.1068753 0.1072544 0.1328788 0.1209060 0.1591323 0.1350844 0.1237706 
taxon3     0.0965494 0.1087613 0.0418580 0.0000000 0.0582932 0.0537571 0.0754578 0.0864216 0.0927648 0.1040578 0.0981803 0.1050737 0.1052073 0.1054044 0.1104806 0.1254308 0.1135741 0.1513704 0.1100573 0.1121498 
taxon4     0.1028839 0.1275471 0.0752531 0.0582932 0.0000000 0.0257097 0.0579088 0.0628767 0.0632156 0.0740254 0.0689579 0.0752808 0.0698495 0.0782620 0.0832646 0.0938774 0.0825087 0.1255242 0.1285232 0.1184673 
taxon5     0.1070887 0.1134362 0.0647506 0.0537571 0.0257097 0.0000000 0.0680585 0.0729623 0.0733536 0.0841493 0.0796529 0.0861196 0.0806781 0.0885435 0.0934699 0.1039976 0.0926688 0.1357460 0.1301675 0.1131733 
taxon6     0.1322375 0.1500464 0.0990118 0.0754578 0.0579088 0.0680585 0.0000000 0.0204835 0.0258594 0.0363296 0.0467939 0.0527020 0.0582195 0.0650330 0.0806386 0.0762135 0.0650726 0.0937473 0.1662979 0.1619978 
taxon7     0.1256998 0.1433938 0.1102507 0.0864216 0.0628767 0.0729623 0.0204835 0.0000000 0.0203147 0.0254353 0.0518072 0.0413090 0.0632856 0.0700942 0.0856211 0.0694982 0.0585740 0.0994073 0.1713461 0.1670852 
taxon8     0.1311244 0.1516844 0.0991882 0.0927648 0.0632156 0.0733536 0.0258594 0.0203147 0.0000000 0.0100638 0.0411446 0.0356764 0.0518640 0.0530030 0.0683345 0.0525314 0.0418606 0.0813892 0.1723209 0.1680414 
taxon9     0.1369232 0.1576231 0.1105863 0.1040578 0.0740254 0.0841493 0.0363296 0.0254353 0.0100638 0.0000000 0.0516171 0.0415180 0.0624667 0.0637956 0.0791343 0.0632483 0.0524981 0.0925481 0.1789306 0.1744508 
taxon10    0.1372345 0.1643611 0.1051009 0.0981803 0.0689579 0.0796529 0.0467939 0.0518072 0.0411446 0.0516171 0.0000000 0.0306389 0.0358965 0.0583268 0.0638426 0.0692328 0.0583496 0.0878018 0.1763449 0.1681486 
taxon11    0.1347996 0.1672369 0.1121745 0.1050737 0.0752808 0.0861196 0.0527020 0.0413090 0.0356764 0.0415180 0.0306389 0.0000000 0.0359410 0.0584062 0.0693038 0.0470505 0.0364524 0.0755929 0.1925934 0.1844056 
taxon12    0.1390978 0.1598057 0.1060533 0.1052073 0.0698495 0.0806781 0.0582195 0.0632856 0.0518640 0.0624667 0.0358965 0.0359410 0.0000000 0.0478086 0.0642960 0.0698804 0.0531661 0.0937359 0.1866160 0.1783689 
taxon13    0.1452180 0.1667011 0.1068753 0.1054044 0.0782620 0.0885435 0.0650330 0.0700942 0.0530030 0.0637956 0.0583268 0.0584062 0.0478086 0.0000000 0.0414498 0.0537506 0.0371297 0.0768577 0.1803769 0.1760972 
taxon14    0.1518254 0.1735402 0.1072544 0.1104806 0.0832646 0.0934699 0.0806386 0.0856211 0.0683345 0.0791343 0.0638426 0.0693038 0.0642960 0.0414498 0.0000000 0.0692575 0.0583737 0.0946697 0.1754287 0.1591366 
taxon15    0.1459049 0.1644841 0.1328788 0.1254308 0.0938774 0.1039976 0.0762135 0.0694982 0.0525314 0.0632483 0.0692328 0.0470505 0.0698804 0.0537506 0.0692575 0.0000000 0.0204160 0.0582522 0.2029035 0.1986459 
taxon16    0.1337055 0.1659717 0.1209060 0.1135741 0.0825087 0.0926688 0.0650726 0.0585740 0.0418606 0.0524981 0.0583496 0.0364524 0.0531661 0.0371297 0.0583737 0.0204160 0.0000000 0.0364209 0.1901866 0.1858811 
taxon17    0.1728338 0.2065744 0.1591323 0.1513704 0.1255242 0.1357460 0.0937473 0.0994073 0.0813892 0.0925481 0.0878018 0.0755929 0.0937359 0.0768577 0.0946697 0.0582522 0.0364209 0.0000000 0.2316398 0.2274317 
taxon18    0.1255870 0.1370862 0.1350844 0.1100573 0.1285232 0.1301675 0.1662979 0.1713461 0.1723209 0.1789306 0.1763449 0.1925934 0.1866160 0.1803769 0.1754287 0.2029035 0.1901866 0.2316398 0.0000000 0.0469303 
taxon19    0.1141524 0.1256300 0.1237706 0.1121498 0.1184673 0.1131733 0.1619978 0.1670852 0.1680414 0.1744508 0.1681486 0.1844056 0.1783689 0.1760972 0.1591366 0.1986459 0.1858811 0.2274317 0.0469303 0.0000000 
