20
taxon0     0.0000000 0.0398809 0.0346592 0.0498406 0.1083366 0.1187050 0.1492233 0.1318519 0.1898748 0.2025968 0.2226801 0.2146076 0.2227607 0.2610416 0.2452170 0.2364060 0.2158867 0.2236172 0.2303288 0.2424401 
taxon1     0.0398809 0.0000000 0.0400457 0.0453252 0.1377571 0.1494609 0.1738778 0.1441205 0.2238233 0.2261233 0.2290859 0.2277826 0.2422860 0.2638459 0.2651840 0.2563882 0.2354198 0.2430170 0.2499895 0.2567607 
taxon2     0.0346592 0.0400457 0.0000000 0.0294224 0.1377071 0.1424648 0.1625521 0.1501857 0.2217003 0.2349051 0.2396415 0.2314044 0.2397306 0.2689512 0.2625956 0.2538655 0.2331145 0.2406691 0.2475700 0.2597603 
taxon3     0.0498406 0.0453252 0.0294224 0.0000000 0.1536744 0.1591441 0.1912679 0.1666157 0.2283884 0.2182470 0.2246055 0.2164586 0.2353029 0.2767400 0.2727312 0.2639300 0.2427692 0.2503272 0.2573642 0.2643091 
taxon4     0.1083366 0.1377571 0.1377071 0.1536744 0.0000000 0.0700878 0.1558999 0.1500044 0.1988843 0.2177557 0.2395840 0.2648669 0.2452304 0.2901461 0.2630166 0.2590176 0.2567960 0.2590541 0.2605744 0.2604225 
taxon5     0.1187050 0.1494609 0.1424648 0.1591441 0.0700878 0.0000000 0.1378972 0.1381763 0.2040527 0.2297193 0.2356867 0.2604136 0.2446514 0.2806408 0.2528117 0.2496094 0.2538753 0.2611182 0.2505116 0.2628486 
taxon6     0.1492233 0.1738778 0.1625521 0.1912679 0.1558999 0.1378972 0.0000000 0.0517698 0.1442330 0.1639027 0.1673960 0.2228000 0.1872312 0.2058016 0.1828316 0.2011739 0.2069655 0.1793777 0.1684123 0.1801285 
taxon7     0.1318519 0.1441205 0.1501857 0.1666157 0.1500044 0.1381763 0.0517698 0.0000000 0.1494989 0.1611881 0.1835375 0.2403136 0.2040008 0.2228693 0.1994412 0.2182035 0.2117539 0.1837067 0.1846363 0.1966074 
taxon8     0.1898748 0.2238233 0.2217003 0.2283884 0.1988843 0.2040527 0.1442330 0.1494989 0.0000000 0.0740392 0.1634517 0.2055411 0.1640617 0.2087035 0.1755379 0.1858705 0.2007986 0.1733459 0.1747921 0.1855752 
taxon9     0.2025968 0.2261233 0.2349051 0.2182470 0.2177557 0.2297193 0.1639027 0.1611881 0.0740392 0.0000000 0.1610973 0.1978239 0.1709408 0.2035697 0.1627314 0.1748775 0.1902886 0.1751486 0.1690751 0.1761157 
taxon10    0.2226801 0.2290859 0.2396415 0.2246055 0.2395840 0.2356867 0.1673960 0.1835375 0.1634517 0.1610973 0.0000000 0.0887755 0.0673178 0.1083445 0.0886748 0.1098821 0.1152308 0.0998475 0.0829838 0.0940078 
taxon11    0.2146076 0.2277826 0.2314044 0.2164586 0.2648669 0.2604136 0.2228000 0.2403136 0.2055411 0.1978239 0.0887755 0.0000000 0.0657377 0.1289397 0.1262438 0.1268085 0.1318544 0.1379239 0.1102156 0.1215643 
taxon12    0.2227607 0.2422860 0.2397306 0.2353029 0.2452304 0.2446514 0.1872312 0.2040008 0.1640617 0.1709408 0.0673178 0.0657377 0.0000000 0.1160638 0.0929050 0.1081975 0.1075112 0.1150621 0.0879759 0.1040665 
taxon13    0.2610416 0.2638459 0.2689512 0.2767400 0.2901461 0.2806408 0.2058016 0.2228693 0.2087035 0.2035697 0.1083445 0.1289397 0.1160638 0.0000000 0.0461834 0.0668560 0.0777125 0.0832395 0.0615476 0.0723505 
taxon14    0.2452170 0.2651840 0.2625956 0.2727312 0.2630166 0.2528117 0.1828316 0.1994412 0.1755379 0.1627314 0.0886748 0.1262438 0.0929050 0.0461834 0.0000000 0.0348507 0.0451598 0.0663017 0.0452704 0.0606839 
taxon15    0.2364060 0.2563882 0.2538655 0.2639300 0.2590176 0.2496094 0.2011739 0.2182035 0.1858705 0.1748775 0.1098821 0.1268085 0.1081975 0.0668560 0.0348507 0.0000000 0.0249520 0.0818198 0.0605160 0.0760550 
taxon16    0.2158867 0.2354198 0.2331145 0.2427692 0.2567960 0.2538753 0.2069655 0.2117539 0.2007986 0.1902886 0.1152308 0.1318544 0.1075112 0.0777125 0.0451598 0.0249520 0.0000000 0.0822118 0.0711476 0.0868566 
taxon17    0.2236172 0.2430170 0.2406691 0.2503272 0.2590541 0.2611182 0.1793777 0.1837067 0.1733459 0.1751486 0.0998475 0.1379239 0.1150621 0.0832395 0.0663017 0.0818198 0.0822118 0.0000000 0.0400521 0.0553661 
taxon18    0.2303288 0.2499895 0.2475700 0.2573642 0.2605744 0.2505116 0.1684123 0.1846363 0.1747921 0.1690751 0.0829838 0.1102156 0.0879759 0.0615476 0.0452704 0.0605160 0.0711476 0.0400521 0.0000000 0.0146776 
taxon19    0.2424401 0.2567607 0.2597603 0.2643091 0.2604225 0.2628486 0.1801285 0.1966074 0.1855752 0.1761157 0.0940078 0.1215643 0.1040665 0.0723505 0.0606839 0.0760550 0.0868566 0.0553661 0.0146776 0.0000000 
