20
taxon0     0.0000000 0.0845863 0.0619023 0.0338829 0.0668336 0.0841922 0.1037029 0.0855996 0.0759257 0.0410603 0.0697845 0.0427983 0.0658331 0.0817512 0.1466031 0.1020385 0.0897326 0.0692488 0.0968077 0.0891293 
taxon1     0.0845863 0.0000000 0.0853810 0.1227271 0.1681430 0.1848684 0.1823805 0.1579681 0.2010057 0.1376305 0.1955431 0.1483039 0.1849999 0.2141270 0.2733938 0.2203566 0.2009884 0.1523358 0.1879788 0.1927471 
taxon2     0.0619023 0.0853810 0.0000000 0.0803748 0.1341201 0.1566005 0.1643928 0.1412001 0.1722340 0.1061760 0.1395668 0.1155616 0.1256737 0.1462759 0.2211659 0.1745714 0.1366608 0.1090243 0.1307212 0.1327716 
taxon3     0.0338829 0.1227271 0.0803748 0.0000000 0.0365951 0.0614951 0.0694311 0.0537284 0.0847430 0.0396129 0.0644286 0.0393837 0.0448805 0.0578088 0.1154706 0.0796199 0.0895852 0.0861507 0.0826276 0.0865943 
taxon4     0.0668336 0.1681430 0.1341201 0.0365951 0.0000000 0.0337425 0.0403698 0.0341307 0.1087477 0.0629744 0.0926677 0.0625050 0.0779039 0.0959831 0.1712417 0.1205095 0.1514807 0.1476167 0.1440640 0.1299113 
taxon5     0.0841922 0.1848684 0.1566005 0.0614951 0.0337425 0.0000000 0.0328622 0.0269830 0.1301891 0.0892425 0.1062346 0.0855305 0.0910890 0.1099072 0.1702465 0.1215228 0.1602584 0.1460534 0.1605447 0.1393510 
taxon6     0.1037029 0.1823805 0.1643928 0.0694311 0.0403698 0.0328622 0.0000000 0.0156922 0.1527181 0.0982395 0.1293572 0.0973317 0.0949737 0.1334452 0.1998184 0.1453337 0.1977303 0.1825113 0.1906717 0.1735022 
taxon7     0.0855996 0.1579681 0.1412001 0.0537284 0.0341307 0.0269830 0.0156922 0.0000000 0.1379527 0.0851448 0.1177781 0.0843979 0.1010144 0.1194376 0.1846291 0.1347043 0.1756098 0.1602090 0.1682883 0.1630635 
taxon8     0.0759257 0.2010057 0.1722340 0.0847430 0.1087477 0.1301891 0.1527181 0.1379527 0.0000000 0.0425214 0.0910917 0.0595438 0.1240800 0.1439138 0.2353529 0.1999662 0.1675587 0.1576593 0.1571325 0.1628216 
taxon9     0.0410603 0.1376305 0.1061760 0.0396129 0.0629744 0.0892425 0.0982395 0.0851448 0.0425214 0.0000000 0.0432224 0.0213889 0.0628955 0.0774068 0.1535157 0.1140354 0.1218471 0.1076236 0.1288233 0.1164474 
taxon10    0.0697845 0.1955431 0.1395668 0.0644286 0.0926677 0.1062346 0.1293572 0.1177781 0.0910917 0.0432224 0.0000000 0.0306606 0.0694930 0.0884029 0.1679570 0.1273903 0.1179383 0.1141156 0.1423639 0.1324286 
taxon11    0.0427983 0.1483039 0.1155616 0.0393837 0.0625050 0.0855305 0.0973317 0.0843979 0.0595438 0.0213889 0.0306606 0.0000000 0.0477954 0.0706640 0.1388895 0.1000611 0.1159908 0.1121332 0.1209593 0.1104256 
taxon12    0.0658331 0.1849999 0.1256737 0.0448805 0.0779039 0.0910890 0.0949737 0.1010144 0.1240800 0.0628955 0.0694930 0.0477954 0.0000000 0.0394246 0.0958205 0.0579075 0.0972503 0.0937533 0.0969944 0.0920389 
taxon13    0.0817512 0.2141270 0.1462759 0.0578088 0.0959831 0.1099072 0.1334452 0.1194376 0.1439138 0.0774068 0.0884029 0.0706640 0.0394246 0.0000000 0.1054940 0.0695408 0.1087910 0.1115915 0.1150825 0.1024465 
taxon14    0.1466031 0.2733938 0.2211659 0.1154706 0.1712417 0.1702465 0.1998184 0.1846291 0.2353529 0.1535157 0.1679570 0.1388895 0.0958205 0.1054940 0.0000000 0.0328424 0.1760710 0.1600847 0.1523740 0.1361964 
taxon15    0.1020385 0.2203566 0.1745714 0.0796199 0.1205095 0.1215228 0.1453337 0.1347043 0.1999662 0.1140354 0.1273903 0.1000611 0.0579075 0.0695408 0.0328424 0.0000000 0.1384241 0.1239609 0.1165458 0.0967221 
taxon16    0.0897326 0.2009884 0.1366608 0.0895852 0.1514807 0.1602584 0.1977303 0.1756098 0.1675587 0.1218471 0.1179383 0.1159908 0.0972503 0.1087910 0.1760710 0.1384241 0.0000000 0.0226275 0.0536839 0.0392925 
taxon17    0.0692488 0.1523358 0.1090243 0.0861507 0.1476167 0.1460534 0.1825113 0.1602090 0.1576593 0.1076236 0.1141156 0.1121332 0.0937533 0.1115915 0.1600847 0.1239609 0.0226275 0.0000000 0.0512054 0.0372819 
taxon18    0.0968077 0.1879788 0.1307212 0.0826276 0.1440640 0.1605447 0.1906717 0.1682883 0.1571325 0.1288233 0.1423639 0.1209593 0.0969944 0.1150825 0.1523740 0.1165458 0.0536839 0.0512054 0.0000000 0.0216834 
taxon19    0.0891293 0.1927471 0.1327716 0.0865943 0.1299113 0.1393510 0.1735022 0.1630635 0.1628216 0.1164474 0.1324286 0.1104256 0.0920389 0.1024465 0.1361964 0.0967221 0.0392925 0.0372819 0.0216834 0.0000000 
