20
taxon0     0.0000000 0.0363809 0.0633095 0.0302107 0.0409120 0.0463123 0.0511188 0.0453906 0.0718751 0.3053488 0.3150685 0.3301443 0.3104064 0.2931471 0.3255267 0.3071932 0.2718438 0.2868013 0.3086831 0.2790091 
taxon1     0.0363809 0.0000000 0.0252058 0.0258077 0.0366829 0.0360831 0.0688414 0.0518675 0.0790999 0.3184991 0.3426265 0.3581812 0.3237673 0.3060872 0.3172816 0.3040722 0.2841969 0.3132310 0.3357368 0.2773947 
taxon2     0.0633095 0.0252058 0.0000000 0.0523828 0.0637987 0.0628459 0.0968109 0.0789969 0.0840659 0.3216947 0.3456727 0.3611353 0.3269561 0.3093665 0.3204835 0.3073568 0.2809679 0.3261447 0.3488024 0.2742489 
taxon3     0.0302107 0.0258077 0.0523828 0.0000000 0.0202484 0.0254661 0.0512303 0.0351053 0.0612551 0.2746895 0.2975702 0.3122742 0.2958979 0.2789359 0.3108853 0.2928058 0.2580741 0.2862019 0.3080422 0.2514702 
taxon4     0.0409120 0.0366829 0.0637987 0.0202484 0.0000000 0.0049805 0.0624192 0.0458350 0.0725466 0.2879434 0.3111304 0.3260486 0.2784554 0.2619559 0.2931881 0.2897008 0.2605427 0.2747551 0.2772993 0.2402055 
taxon5     0.0463123 0.0360831 0.0628459 0.0254661 0.0049805 0.0000000 0.0680480 0.0512446 0.0782226 0.2962791 0.3197215 0.3348140 0.2867646 0.2700346 0.2905383 0.2980798 0.2685773 0.2829439 0.2854375 0.2480330 
taxon6     0.0511188 0.0688414 0.0968109 0.0512303 0.0624192 0.0680480 0.0000000 0.0251993 0.0512893 0.3276565 0.3518084 0.3673964 0.3330044 0.3152541 0.3336338 0.3151389 0.2790365 0.3076882 0.3299105 0.3005620 
taxon7     0.0453906 0.0518675 0.0789969 0.0351053 0.0458350 0.0512446 0.0251993 0.0000000 0.0351448 0.3101754 0.3338000 0.3490230 0.3152637 0.2980082 0.3159284 0.2978718 0.2766824 0.3051017 0.3210632 0.2838369 
taxon8     0.0718751 0.0790999 0.0840659 0.0612551 0.0725466 0.0782226 0.0512893 0.0351448 0.0000000 0.3223540 0.3461267 0.3614619 0.3134210 0.2962640 0.3142641 0.3100159 0.2819874 0.3267621 0.3325443 0.2891414 
taxon9     0.3053488 0.3184991 0.3216947 0.2746895 0.2879434 0.2962791 0.3276565 0.3101754 0.3223540 0.0000000 0.0200854 0.0303030 0.0565601 0.0456450 0.0520543 0.0460980 0.0627086 0.0843445 0.0883085 0.0681471 
taxon10    0.3150685 0.3426265 0.3456727 0.2975702 0.3111304 0.3197215 0.3518084 0.3338000 0.3461267 0.0200854 0.0000000 0.0197097 0.0554029 0.0447081 0.0509721 0.0451433 0.0722756 0.0830883 0.0870182 0.0776911 
taxon11    0.3301443 0.3581812 0.3611353 0.3122742 0.3260486 0.3348140 0.3673964 0.3490230 0.3614619 0.0303030 0.0197097 0.0000000 0.0658808 0.0549780 0.0615146 0.0555152 0.0830993 0.0940411 0.0978641 0.0885844 
taxon12    0.3104064 0.3237673 0.3269561 0.2958979 0.2784554 0.2867646 0.3330044 0.3152637 0.3134210 0.0565601 0.0554029 0.0658808 0.0000000 0.0098546 0.0460450 0.0506128 0.0674226 0.0668172 0.0820880 0.0621017 
taxon13    0.2931471 0.3060872 0.3093665 0.2789359 0.2619559 0.2700346 0.3152541 0.2980082 0.2962640 0.0456450 0.0447081 0.0549780 0.0098546 0.0000000 0.0353360 0.0399320 0.0562703 0.0667530 0.0708409 0.0510448 
taxon14    0.3255267 0.3172816 0.3204835 0.3108853 0.2931881 0.2905383 0.3336338 0.3159284 0.3142641 0.0520543 0.0509721 0.0615146 0.0460450 0.0353360 0.0000000 0.0252701 0.0737593 0.0792829 0.0833116 0.0683579 
taxon15    0.3071932 0.3040722 0.3073568 0.2928058 0.2897008 0.2980798 0.3151389 0.2978718 0.3100159 0.0460980 0.0451433 0.0555152 0.0506128 0.0399320 0.0252701 0.0000000 0.0674582 0.0837680 0.0877209 0.0728848 
taxon16    0.2718438 0.2841969 0.2809679 0.2580741 0.2605427 0.2685773 0.2790365 0.2766824 0.2819874 0.0627086 0.0722756 0.0830993 0.0674226 0.0562703 0.0737593 0.0674582 0.0000000 0.0351380 0.0508368 0.0147319 
taxon17    0.2868013 0.3132310 0.3261447 0.2862019 0.2747551 0.2829439 0.3076882 0.3051017 0.3267621 0.0843445 0.0830883 0.0940411 0.0668172 0.0667530 0.0792829 0.0837680 0.0351380 0.0000000 0.0351363 0.0402896 
taxon18    0.3086831 0.3357368 0.3488024 0.3080422 0.2772993 0.2854375 0.3299105 0.3210632 0.3325443 0.0883085 0.0870182 0.0978641 0.0820880 0.0708409 0.0833116 0.0877209 0.0508368 0.0351363 0.0000000 0.0561020 
taxon19    0.2790091 0.2773947 0.2742489 0.2514702 0.2402055 0.2480330 0.3005620 0.2838369 0.2891414 0.0681471 0.0776911 0.0885844 0.0621017 0.0510448 0.0683579 0.0728848 0.0147319 0.0402896 0.0561020 0.0000000 
