20
taxon0     0.0000000 0.0796369 0.0389710 0.0857110 0.0911312 0.0753765 0.0600690 0.0752873 0.0753156 0.0804197 0.0805452 0.0854682 0.2900621 0.2991254 0.3118638 0.3118638 0.3089151 0.3145076 0.3286696 0.3281940 
taxon1     0.0796369 0.0000000 0.0591096 0.1120991 0.1285085 0.1122282 0.0915221 0.1070691 0.1176977 0.1066708 0.1125098 0.1174680 0.2785916 0.2865828 0.2845758 0.2845758 0.2809594 0.2965911 0.3105187 0.3100679 
taxon2     0.0389710 0.0591096 0.0000000 0.0857552 0.0911801 0.0754125 0.0653968 0.0807080 0.0806891 0.0804595 0.0860098 0.0909513 0.2655933 0.2743827 0.2869724 0.2869724 0.2842350 0.3000870 0.3142144 0.3137536 
taxon3     0.0857110 0.1120991 0.0857552 0.0000000 0.0242846 0.0096446 0.0494288 0.0644327 0.0590682 0.0341771 0.0595378 0.0644185 0.3039753 0.2994035 0.3315871 0.3315871 0.3015555 0.2966336 0.3106317 0.3101785 
taxon4     0.0911312 0.1285085 0.0911801 0.0242846 0.0000000 0.0145245 0.0492678 0.0592872 0.0593127 0.0443165 0.0544581 0.0696604 0.3115388 0.3209346 0.3331807 0.3331807 0.3228834 0.3179219 0.3322219 0.3255836 
taxon5     0.0753765 0.1122282 0.0754125 0.0096446 0.0145245 0.0000000 0.0394151 0.0543404 0.0490617 0.0342147 0.0494507 0.0543272 0.2907151 0.2998163 0.3180564 0.3180564 0.3019668 0.2970385 0.3110589 0.3106046 
taxon6     0.0600690 0.0915221 0.0653968 0.0494288 0.0492678 0.0394151 0.0000000 0.0145205 0.0393833 0.0343964 0.0244471 0.0344339 0.3010910 0.3104168 0.3152173 0.3152173 0.2990285 0.3068282 0.3210636 0.3205927 
taxon7     0.0752873 0.1070691 0.0807080 0.0644327 0.0592872 0.0543404 0.0145205 0.0000000 0.0441837 0.0392016 0.0392178 0.0493202 0.3206248 0.3301941 0.3202694 0.3202694 0.3184461 0.3263394 0.3407847 0.3256132 
taxon8     0.0753156 0.1176977 0.0806891 0.0590682 0.0593127 0.0490617 0.0393833 0.0441837 0.0000000 0.0242324 0.0594057 0.0642755 0.3125098 0.3219431 0.3261519 0.3261519 0.3103869 0.3322188 0.3467087 0.3314789 
taxon9     0.0804197 0.1066708 0.0804595 0.0341771 0.0443165 0.0342147 0.0343964 0.0392016 0.0242324 0.0000000 0.0443858 0.0492557 0.3197257 0.3151642 0.3193727 0.3193727 0.3037355 0.2987808 0.3128901 0.2981249 
taxon10    0.0805452 0.1125098 0.0860098 0.0595378 0.0544581 0.0494507 0.0244471 0.0392178 0.0594057 0.0443858 0.0000000 0.0144952 0.3280052 0.3376882 0.3276340 0.3276340 0.3112877 0.3063200 0.3144943 0.3140323 
taxon11    0.0854682 0.1174680 0.0909513 0.0644185 0.0696604 0.0543272 0.0344339 0.0493202 0.0642755 0.0492557 0.0144952 0.0000000 0.3336428 0.3433701 0.3332610 0.3332610 0.3031610 0.2982208 0.3062932 0.3058440 
taxon12    0.2900621 0.2785916 0.2655933 0.3039753 0.3115388 0.2907151 0.3010910 0.3206248 0.3125098 0.3197257 0.3280052 0.3336428 0.0000000 0.0147168 0.0497752 0.0497752 0.0547333 0.0761790 0.0867593 0.0866375 
taxon13    0.2991254 0.2865828 0.2743827 0.2994035 0.3209346 0.2998163 0.3104168 0.3301941 0.3219431 0.3151642 0.3376882 0.3433701 0.0147168 0.0000000 0.0544704 0.0544704 0.0499878 0.0714440 0.0820485 0.0819325 
taxon14    0.3118638 0.2845758 0.2869724 0.3315871 0.3331807 0.3180564 0.3152173 0.3202694 0.3261519 0.3193727 0.3276340 0.3332610 0.0497752 0.0544704 0.0000000 0.0000010 0.0445979 0.0554134 0.0657982 0.0553174 
taxon15    0.3118638 0.2845758 0.2869724 0.3315871 0.3331807 0.3180564 0.3152173 0.3202694 0.3261519 0.3193727 0.3276340 0.3332610 0.0497752 0.0544704 0.0000010 0.0000000 0.0445979 0.0554134 0.0657982 0.0553174 
taxon16    0.3089151 0.2809594 0.2842350 0.3015555 0.3228834 0.3019668 0.2990285 0.3184461 0.3103869 0.3037355 0.3112877 0.3031610 0.0547333 0.0499878 0.0445979 0.0445979 0.0000000 0.0195853 0.0295142 0.0294729 
taxon17    0.3145076 0.2965911 0.3000870 0.2966336 0.3179219 0.2970385 0.3068282 0.3263394 0.3322188 0.2987808 0.3063200 0.2982208 0.0761790 0.0714440 0.0554134 0.0554134 0.0195853 0.0000000 0.0096074 0.0095941 
taxon18    0.3286696 0.3105187 0.3142144 0.3106317 0.3322219 0.3110589 0.3210636 0.3407847 0.3467087 0.3128901 0.3144943 0.3062932 0.0867593 0.0820485 0.0657982 0.0657982 0.0295142 0.0096074 0.0000000 0.0095838 
taxon19    0.3281940 0.3100679 0.3137536 0.3101785 0.3255836 0.3106046 0.3205927 0.3256132 0.3314789 0.2981249 0.3140323 0.3058440 0.0866375 0.0819325 0.0553174 0.0553174 0.0294729 0.0095941 0.0095838 0.0000000 
