20
taxon0     0.0000000 0.0532649 0.0384338 0.0438412 0.0584959 0.0789080 0.0839645 0.0888836 0.3078446 0.3315741 0.3293797 0.2800437 0.3448961 0.3367515 0.3481188 0.3441069 0.3390145 0.3064681 0.3224516 0.3218364 
taxon1     0.0532649 0.0000000 0.0735719 0.0795503 0.0839173 0.0997837 0.1042679 0.0988752 0.3023948 0.3260522 0.3096115 0.3031783 0.3376712 0.3295997 0.3422316 0.3369081 0.3318203 0.3270769 0.3434773 0.3428167 
taxon2     0.0384338 0.0735719 0.0000000 0.0192695 0.0289796 0.0643512 0.0587868 0.0636667 0.3403934 0.3639980 0.3615648 0.3095695 0.3059852 0.2981645 0.3089921 0.3053262 0.3065894 0.2826214 0.2982765 0.2836965 
taxon3     0.0438412 0.0795503 0.0192695 0.0000000 0.0390998 0.0751278 0.0693889 0.0743220 0.3354173 0.3589864 0.3565801 0.3197850 0.3220334 0.3140148 0.3251573 0.3213161 0.3226388 0.2981038 0.3141517 0.2992431 
taxon4     0.0584959 0.0839173 0.0289796 0.0390998 0.0000000 0.0339402 0.0287972 0.0335838 0.3111423 0.3481339 0.3629695 0.3414675 0.3054607 0.2976449 0.3084646 0.3053073 0.3198698 0.3043417 0.3204996 0.3055035 
taxon5     0.0789080 0.0997837 0.0643512 0.0751278 0.0339402 0.0000000 0.0240273 0.0288214 0.3035499 0.3402781 0.3550104 0.3483992 0.3095446 0.3017411 0.3199821 0.3093867 0.3107021 0.3226963 0.3391476 0.3239218 
taxon6     0.0839645 0.1042679 0.0587868 0.0693889 0.0287972 0.0240273 0.0000000 0.0142287 0.3176517 0.3548407 0.3697574 0.3481594 0.3237092 0.3157731 0.3343277 0.3235314 0.3248904 0.3225226 0.3389323 0.3237437 
taxon7     0.0888836 0.0988752 0.0636667 0.0743220 0.0335838 0.0288214 0.0142287 0.0000000 0.3163551 0.3534007 0.3682594 0.3467408 0.3079813 0.3002231 0.3183567 0.3078261 0.3091302 0.3202860 0.3365743 0.3214934 
taxon8     0.3078446 0.3023948 0.3403934 0.3354173 0.3111423 0.3035499 0.3176517 0.3163551 0.0000000 0.0500970 0.0604850 0.0558048 0.1275363 0.1216098 0.1221692 0.1275317 0.1337488 0.1271397 0.1392994 0.1390547 
taxon9     0.3315741 0.3260522 0.3639980 0.3589864 0.3481339 0.3402781 0.3548407 0.3534007 0.0500970 0.0000000 0.0097955 0.0764782 0.1492037 0.1322630 0.1220180 0.1270132 0.1332040 0.1489213 0.1613910 0.1494603 
taxon10    0.3293797 0.3096115 0.3615648 0.3565801 0.3629695 0.3550104 0.3697574 0.3682594 0.0604850 0.0097955 0.0000000 0.0760083 0.1608842 0.1437512 0.1334494 0.1384694 0.1447675 0.1538961 0.1663982 0.1544507 
taxon11    0.2800437 0.3031783 0.3095695 0.3197850 0.3414675 0.3483992 0.3481594 0.3467408 0.0558048 0.0764782 0.0760083 0.0000000 0.1449919 0.1389106 0.1506796 0.1336106 0.1399011 0.1155233 0.1274441 0.1272214 
taxon12    0.3448961 0.3376712 0.3059852 0.3220334 0.3054607 0.3095446 0.3237092 0.3079813 0.1275363 0.1492037 0.1608842 0.1449919 0.0000000 0.0148351 0.0354589 0.0299068 0.0300569 0.0400089 0.0505512 0.0401515 
taxon13    0.3367515 0.3295997 0.2981645 0.3140148 0.2976449 0.3017411 0.3157731 0.3002231 0.1216098 0.1322630 0.1437512 0.1389106 0.0148351 0.0000000 0.0201348 0.0148535 0.0149296 0.0348440 0.0452802 0.0349678 
taxon14    0.3481188 0.3422316 0.3089921 0.3251573 0.3084646 0.3199821 0.3343277 0.3183567 0.1221692 0.1220180 0.1334494 0.1506796 0.0354589 0.0201348 0.0000000 0.0355021 0.0356821 0.0560630 0.0669631 0.0562649 
taxon15    0.3441069 0.3369081 0.3053262 0.3213161 0.3053073 0.3093867 0.3235314 0.3078261 0.1275317 0.1270132 0.1384694 0.1336106 0.0299068 0.0148535 0.0355021 0.0000000 0.0199763 0.0399635 0.0504918 0.0401058 
taxon16    0.3390145 0.3318203 0.3065894 0.3226388 0.3198698 0.3107021 0.3248904 0.3091302 0.1337488 0.1332040 0.1447675 0.1399011 0.0300569 0.0149296 0.0356821 0.0199763 0.0000000 0.0401610 0.0507395 0.0403046 
taxon17    0.3064681 0.3270769 0.2826214 0.2981038 0.3043417 0.3226963 0.3225226 0.3202860 0.1271397 0.1489213 0.1538961 0.1155233 0.0400089 0.0348440 0.0560630 0.0399635 0.0401610 0.0000000 0.0197509 0.0197176 
taxon18    0.3224516 0.3434773 0.2982765 0.3141517 0.3204996 0.3391476 0.3389323 0.3365743 0.1392994 0.1613910 0.1663982 0.1274441 0.0505512 0.0452802 0.0669631 0.0504918 0.0507395 0.0197509 0.0000000 0.0197091 
taxon19    0.3218364 0.3428167 0.2836965 0.2992431 0.3055035 0.3239218 0.3237437 0.3214934 0.1390547 0.1494603 0.1544507 0.1272214 0.0401515 0.0349678 0.0562649 0.0401058 0.0403046 0.0197176 0.0197091 0.0000000 
