20
taxon0     0.0000000 0.0295633 0.0397193 0.0548160 0.0443315 0.0396958 0.0498271 0.0448650 0.0553045 0.0603249 0.0448610 0.0605927 0.0655800 0.2344240 0.2286944 0.2242170 0.2222514 0.2549502 0.2341426 0.2400029 
taxon1     0.0295633 0.0000000 0.0295178 0.0397201 0.0294484 0.0297358 0.0347583 0.0451127 0.0659454 0.0606583 0.0399129 0.0555936 0.0605259 0.2208704 0.2151829 0.2106814 0.2088210 0.2410875 0.2206018 0.2264163 
taxon2     0.0397193 0.0295178 0.0000000 0.0500797 0.0295243 0.0501493 0.0449505 0.0447147 0.0549721 0.0498014 0.0395610 0.0551033 0.0703053 0.2209804 0.2159817 0.2239201 0.2219571 0.2286574 0.2338397 0.2396956 
taxon3     0.0548160 0.0397201 0.0500797 0.0000000 0.0293256 0.0396152 0.0446547 0.0550978 0.0760537 0.0707279 0.0498519 0.0656581 0.0705730 0.2462712 0.2280517 0.2360985 0.2340508 0.2542259 0.2459806 0.2392802 
taxon4     0.0443315 0.0294484 0.0295243 0.0293256 0.0000000 0.0293724 0.0243787 0.0445618 0.0547842 0.0496312 0.0394258 0.0549146 0.0597907 0.2328786 0.2279094 0.2359511 0.2339054 0.2406620 0.2458290 0.2391325 
taxon5     0.0396958 0.0297358 0.0501493 0.0396152 0.0293724 0.0000000 0.0144846 0.0194704 0.0394040 0.0343603 0.0194067 0.0344035 0.0392425 0.2483743 0.2425953 0.2217439 0.2360650 0.2692324 0.2480792 0.2413258 
taxon6     0.0498271 0.0347583 0.0449505 0.0446547 0.0243787 0.0144846 0.0000000 0.0293029 0.0392995 0.0242885 0.0144714 0.0293177 0.0391408 0.2413229 0.2489548 0.2279849 0.2423951 0.2480472 0.2406500 0.2339665 
taxon7     0.0448650 0.0451127 0.0447147 0.0550978 0.0445618 0.0194704 0.0293029 0.0000000 0.0193243 0.0144447 0.0144196 0.0292143 0.0340674 0.2559720 0.2501576 0.2290945 0.2435701 0.2770428 0.2556707 0.2488506 
taxon8     0.0553045 0.0659454 0.0549721 0.0760537 0.0547842 0.0394040 0.0392995 0.0193243 0.0000000 0.0242141 0.0340468 0.0492790 0.0441768 0.2696797 0.2776508 0.2559279 0.2708892 0.2910900 0.2832426 0.2762130 
taxon9     0.0603249 0.0606583 0.0498014 0.0707279 0.0496312 0.0343603 0.0242885 0.0144447 0.0242141 0.0000000 0.0192388 0.0341066 0.0439750 0.2495142 0.2572665 0.2360153 0.2506285 0.2563274 0.2488201 0.2420493 
taxon10    0.0448610 0.0399129 0.0395610 0.0498519 0.0394258 0.0194067 0.0144714 0.0144196 0.0340468 0.0192388 0.0000000 0.0144273 0.0338559 0.2486897 0.2429109 0.2220554 0.2363798 0.2554769 0.2346737 0.2280244 
taxon11    0.0605927 0.0555936 0.0551033 0.0656581 0.0549146 0.0344035 0.0293177 0.0292143 0.0492790 0.0341066 0.0144273 0.0000000 0.0489974 0.2544213 0.2486413 0.2277151 0.2420952 0.2612309 0.2556780 0.2488613 
taxon12    0.0655800 0.0605259 0.0703053 0.0705730 0.0597907 0.0392425 0.0391408 0.0340674 0.0441768 0.0439750 0.0338559 0.0489974 0.0000000 0.2889057 0.2830034 0.2612720 0.2762461 0.2756444 0.2543987 0.2476180 
taxon13    0.2344240 0.2208704 0.2209804 0.2462712 0.2328786 0.2483743 0.2413229 0.2559720 0.2696797 0.2495142 0.2486897 0.2544213 0.2889057 0.0000000 0.0294675 0.0247237 0.0244915 0.0294499 0.0346174 0.0395724 
taxon14    0.2286944 0.2151829 0.2159817 0.2280517 0.2279094 0.2425953 0.2489548 0.2501576 0.2776508 0.2572665 0.2429109 0.2486413 0.2830034 0.0294675 0.0000000 0.0147002 0.0145615 0.0294013 0.0344698 0.0394048 
taxon15    0.2242170 0.2106814 0.2239201 0.2360985 0.2359511 0.2217439 0.2279849 0.2290945 0.2559279 0.2360153 0.2220554 0.2277151 0.2612720 0.0247237 0.0147002 0.0000000 0.0097747 0.0346499 0.0297450 0.0347099 
taxon16    0.2222514 0.2088210 0.2219571 0.2340508 0.2339054 0.2360650 0.2423951 0.2435701 0.2708892 0.2506285 0.2363798 0.2420952 0.2762461 0.0244915 0.0145615 0.0097747 0.0000000 0.0343283 0.0294668 0.0343873 
taxon17    0.2549502 0.2410875 0.2286574 0.2542259 0.2406620 0.2692324 0.2480472 0.2770428 0.2910900 0.2563274 0.2554769 0.2612309 0.2756444 0.0294499 0.0294013 0.0346499 0.0343283 0.0000000 0.0145869 0.0194542 
taxon18    0.2341426 0.2206018 0.2338397 0.2459806 0.2458290 0.2480792 0.2406500 0.2556707 0.2832426 0.2488201 0.2346737 0.2556780 0.2543987 0.0346174 0.0344698 0.0297450 0.0294668 0.0145869 0.0000000 0.0048050 
taxon19    0.2400029 0.2264163 0.2396956 0.2392802 0.2391325 0.2413258 0.2339665 0.2488506 0.2762130 0.2420493 0.2280244 0.2488613 0.2476180 0.0395724 0.0394048 0.0347099 0.0343873 0.0194542 0.0048050 0.0000000 
