20
taxon0     0.0000000 0.0298578 0.0250722 0.0198966 0.0198206 0.0253911 0.0459158 0.0459158 0.0406414 0.2070189 0.2012979 0.2070868 0.2008047 0.2082326 0.2148256 0.2147169 0.2256287 0.2369483 0.2357359 0.2374771 
taxon1     0.0298578 0.0000000 0.0399332 0.0146738 0.0196302 0.0353933 0.0351636 0.0351636 0.0300139 0.2139869 0.2082370 0.2140572 0.2207378 0.2348193 0.2416208 0.1943669 0.2170971 0.2412504 0.2426461 0.2284197 
taxon2     0.0250722 0.0399332 0.0000000 0.0248842 0.0301226 0.0359970 0.0511834 0.0511834 0.0458692 0.2231013 0.2295714 0.2311840 0.2167323 0.2244410 0.2312252 0.2275763 0.2108695 0.2219910 0.2366493 0.2224794 
taxon3     0.0198966 0.0146738 0.0248842 0.0000000 0.0196613 0.0354503 0.0352199 0.0352199 0.0300619 0.2147188 0.2089529 0.2147895 0.2214916 0.2234770 0.2302355 0.2071393 0.2178439 0.2424458 0.2438528 0.2295491 
taxon4     0.0198206 0.0196302 0.0301226 0.0196613 0.0000000 0.0150933 0.0304291 0.0304291 0.0252519 0.2033309 0.2019652 0.1958912 0.2100498 0.2240518 0.2308203 0.2002142 0.2063572 0.2430442 0.2444553 0.2301313 
taxon5     0.0253911 0.0353933 0.0359970 0.0354503 0.0150933 0.0000000 0.0247097 0.0247097 0.0297961 0.2122762 0.2108517 0.2047083 0.2059449 0.2256877 0.2324734 0.2090160 0.1963603 0.2303197 0.2451909 0.2308308 
taxon6     0.0459158 0.0351636 0.0511834 0.0352199 0.0304291 0.0247097 0.0000000 0.0000010 0.0048539 0.2160317 0.2224201 0.2239787 0.2228152 0.2369639 0.2437940 0.2204975 0.2001855 0.2473412 0.2487653 0.2344774 
taxon7     0.0459158 0.0351636 0.0511834 0.0352199 0.0304291 0.0247097 0.0000010 0.0000000 0.0048539 0.2160317 0.2224201 0.2239787 0.2228152 0.2369639 0.2437940 0.2204975 0.2001855 0.2473412 0.2487653 0.2344774 
taxon8     0.0406414 0.0300139 0.0458692 0.0300619 0.0252519 0.0297961 0.0048539 0.0048539 0.0000000 0.2230382 0.2294809 0.2310862 0.2298905 0.2441911 0.2510905 0.2274949 0.2070051 0.2546245 0.2560905 0.2416535 
taxon9     0.2070189 0.2139869 0.2231013 0.2147188 0.2033309 0.2122762 0.2160317 0.2160317 0.2230382 0.0000000 0.0048503 0.0048870 0.0097529 0.0196952 0.0246975 0.0146849 0.0306167 0.0663321 0.0400985 0.0507248 
taxon10    0.2012979 0.2082370 0.2295714 0.2089529 0.2019652 0.2108517 0.2224201 0.2224201 0.2294809 0.0048503 0.0000000 0.0048517 0.0146642 0.0246781 0.0297087 0.0097892 0.0357926 0.0716093 0.0452196 0.0559320 
taxon11    0.2070868 0.2140572 0.2311840 0.2147895 0.1958912 0.2047083 0.2239787 0.2239787 0.2310862 0.0048870 0.0048517 0.0000000 0.0147748 0.0248635 0.0299312 0.0146894 0.0360668 0.0721343 0.0455563 0.0563476 
taxon12    0.2008047 0.2207378 0.2167323 0.2214916 0.2100498 0.2059449 0.2228152 0.2228152 0.2298905 0.0097529 0.0146642 0.0147748 0.0000000 0.0146428 0.0195855 0.0246660 0.0358503 0.0612348 0.0505237 0.0560210 
taxon13    0.2082326 0.2348193 0.2244410 0.2234770 0.2240518 0.2256877 0.2369639 0.2369639 0.2441911 0.0196952 0.0246781 0.0248635 0.0146428 0.0000000 0.0048635 0.0348684 0.0465193 0.0668113 0.0509211 0.0564642 
taxon14    0.2148256 0.2416208 0.2312252 0.2302355 0.2308203 0.2324734 0.2437940 0.2437940 0.2510905 0.0246975 0.0297087 0.0299312 0.0195855 0.0048635 0.0000000 0.0399779 0.0518411 0.0668766 0.0509703 0.0565196 
taxon15    0.2147169 0.1943669 0.2275763 0.2071393 0.2002142 0.2090160 0.2204975 0.2204975 0.2274949 0.0146849 0.0097892 0.0146894 0.0246660 0.0348684 0.0399779 0.0000000 0.0354814 0.0606743 0.0454998 0.0452365 
taxon16    0.2256287 0.2170971 0.2108695 0.2178439 0.2063572 0.1963603 0.2001855 0.2001855 0.2070051 0.0306167 0.0357926 0.0360668 0.0358503 0.0465193 0.0518411 0.0354814 0.0000000 0.0554844 0.0454728 0.0350075 
taxon17    0.2369483 0.2412504 0.2219910 0.2424458 0.2430442 0.2303197 0.2473412 0.2473412 0.2546245 0.0663321 0.0716093 0.0721343 0.0612348 0.0668113 0.0668766 0.0606743 0.0554844 0.0000000 0.0247094 0.0196172 
taxon18    0.2357359 0.2426461 0.2366493 0.2438528 0.2444553 0.2451909 0.2487653 0.2487653 0.2560905 0.0400985 0.0452196 0.0455563 0.0505237 0.0509211 0.0509703 0.0454998 0.0454728 0.0247094 0.0000000 0.0098268 
taxon19    0.2374771 0.2284197 0.2224794 0.2295491 0.2301313 0.2308308 0.2344774 0.2344774 0.2416535 0.0507248 0.0559320 0.0563476 0.0560210 0.0564642 0.0565196 0.0452365 0.0350075 0.0196172 0.0098268 0.0000000 
