20
taxon0     0.0000000 0.0254370 0.0257060 0.0364710 0.0708144 0.0591659 0.0704805 0.0818756 0.2754281 0.2751172 0.2893436 0.3060366 0.3202276 0.3039641 0.3291420 0.3276327 0.3217284 0.3049681 0.3017705 0.3031069 
taxon1     0.0254370 0.0000000 0.0101256 0.0418669 0.0765073 0.0647521 0.0646369 0.0645049 0.2828856 0.2825650 0.2809394 0.2974202 0.3116978 0.2796703 0.3205073 0.3027168 0.2969356 0.2963723 0.2932677 0.2945629 
taxon2     0.0257060 0.0101256 0.0000000 0.0310993 0.0649571 0.0534465 0.0533460 0.0532484 0.2675046 0.2672040 0.2656665 0.2818307 0.2959314 0.2644257 0.3045756 0.3058730 0.3000416 0.2808165 0.2778679 0.2790938 
taxon3     0.0364710 0.0418669 0.0310993 0.0000000 0.0422271 0.0312647 0.0428393 0.0525986 0.2497345 0.2494582 0.2480311 0.2500253 0.2931679 0.2953728 0.3160213 0.3173421 0.3115017 0.2682190 0.2653853 0.2665598 
taxon4     0.0708144 0.0765073 0.0649571 0.0422271 0.0000000 0.0207667 0.0314441 0.0306137 0.2278429 0.2275941 0.2411370 0.2430757 0.2551343 0.2726064 0.2584617 0.2749282 0.2890779 0.2611195 0.2583530 0.2443848 
taxon5     0.0591659 0.0647521 0.0534465 0.0312647 0.0207667 0.0000000 0.0208134 0.0417885 0.2383239 0.2380599 0.2518464 0.2538927 0.2815870 0.2998592 0.2847503 0.3019432 0.2961656 0.2536959 0.2694611 0.2706653 
taxon6     0.0704805 0.0646369 0.0533460 0.0428393 0.0314441 0.0208134 0.0000000 0.0417738 0.2532450 0.2529619 0.2515031 0.2392493 0.2823069 0.2648779 0.2854677 0.2867005 0.3012712 0.2207593 0.2357931 0.2368354 
taxon7     0.0818756 0.0645049 0.0532484 0.0525986 0.0306137 0.0417885 0.0417738 0.0000000 0.2482283 0.2479551 0.2465430 0.2621491 0.2607036 0.2627249 0.2639722 0.2651226 0.2789061 0.2805238 0.2775866 0.2634928 
taxon8     0.2754281 0.2828856 0.2675046 0.2497345 0.2278429 0.2383239 0.2532450 0.2482283 0.0000000 0.0049297 0.0150113 0.0250292 0.0300407 0.0408466 0.0560060 0.0671807 0.0746783 0.0306398 0.0303244 0.0304442 
taxon9     0.2751172 0.2825650 0.2672040 0.2494582 0.2275941 0.2380599 0.2529619 0.2479551 0.0049297 0.0000000 0.0200609 0.0301037 0.0351279 0.0460536 0.0612382 0.0725131 0.0801738 0.0358236 0.0354567 0.0355958 
taxon10    0.2893436 0.2809394 0.2656665 0.2480311 0.2411370 0.2518464 0.2515031 0.2465430 0.0150113 0.0200609 0.0000000 0.0302670 0.0458452 0.0463014 0.0725180 0.0728950 0.0806029 0.0360207 0.0356492 0.0357894 
taxon11    0.3060366 0.2974202 0.2818307 0.2500253 0.2430757 0.2538927 0.2392493 0.2621491 0.0250292 0.0301037 0.0302670 0.0000000 0.0352836 0.0356413 0.0615081 0.0618310 0.0691566 0.0255013 0.0150659 0.0253370 
taxon12    0.3202276 0.3116978 0.2959314 0.2931679 0.2551343 0.2815870 0.2823069 0.2607036 0.0300407 0.0351279 0.0458452 0.0352836 0.0000000 0.0303098 0.0453269 0.0562270 0.0633358 0.0516761 0.0407051 0.0407221 
taxon13    0.3039641 0.2796703 0.2644257 0.2953728 0.2726064 0.2998592 0.2648779 0.2627249 0.0408466 0.0460536 0.0463014 0.0356413 0.0303098 0.0000000 0.0355786 0.0357734 0.0422696 0.0405934 0.0299748 0.0299868 
taxon14    0.3291420 0.3205073 0.3045756 0.3160213 0.2584617 0.2847503 0.2854677 0.2639722 0.0560060 0.0612382 0.0725180 0.0615081 0.0453269 0.0355786 0.0000000 0.0198505 0.0256663 0.0787877 0.0672329 0.0672623 
taxon15    0.3276327 0.3027168 0.3058730 0.3173421 0.2749282 0.3019432 0.2867005 0.2651226 0.0671807 0.0725131 0.0728950 0.0618310 0.0562270 0.0357734 0.0198505 0.0000000 0.0151868 0.0791972 0.0675842 0.0676148 
taxon16    0.3217284 0.2969356 0.3000416 0.3115017 0.2890779 0.2961656 0.3012712 0.2789061 0.0746783 0.0801738 0.0806029 0.0691566 0.0633358 0.0422696 0.0256663 0.0151868 0.0000000 0.0871703 0.0751264 0.0751605 
taxon17    0.3049681 0.2963723 0.2808165 0.2682190 0.2611195 0.2536959 0.2207593 0.2805238 0.0306398 0.0358236 0.0360207 0.0255013 0.0516761 0.0405934 0.0787877 0.0791972 0.0871703 0.0000000 0.0099796 0.0100190 
taxon18    0.3017705 0.2932677 0.2778679 0.2653853 0.2583530 0.2694611 0.2357931 0.2775866 0.0303244 0.0354567 0.0356492 0.0150659 0.0407051 0.0299748 0.0672329 0.0675842 0.0751264 0.0099796 0.0000000 0.0099158 
taxon19    0.3031069 0.2945629 0.2790938 0.2665598 0.2443848 0.2706653 0.2368354 0.2634928 0.0304442 0.0355958 0.0357894 0.0253370 0.0407221 0.0299868 0.0672623 0.0676148 0.0751605 0.0100190 0.0099158 0.0000000 
