20
taxon0     0.0000000 0.0049579 0.0049579 0.0100286 0.0099948 0.0100176 0.0201286 0.0639011 0.0694786 0.0639011 0.0690248 0.0690248 0.0745498 0.0691658 0.0639920 0.0639920 0.0697230 0.0639619 0.0643544 0.0697563 
taxon1     0.0049579 0.0000000 0.0000010 0.0150636 0.0150126 0.0099231 0.0251959 0.0693022 0.0749070 0.0693022 0.0744180 0.0744180 0.0799661 0.0745699 0.0693976 0.0693976 0.0751666 0.0693647 0.0697906 0.0752027 
taxon2     0.0049579 0.0000010 0.0000000 0.0150636 0.0150126 0.0099231 0.0251959 0.0693022 0.0749070 0.0693022 0.0744180 0.0744180 0.0799661 0.0745699 0.0693976 0.0693976 0.0751666 0.0693647 0.0697906 0.0752027 
taxon3     0.0100286 0.0150636 0.0150636 0.0000000 0.0100319 0.0202892 0.0099798 0.0754933 0.0811861 0.0754933 0.0806512 0.0806512 0.0862815 0.0808174 0.0755945 0.0755945 0.0699975 0.0755579 0.0646078 0.0700310 
taxon4     0.0099948 0.0150126 0.0150126 0.0100319 0.0000000 0.0100644 0.0100211 0.0697793 0.0754229 0.0697793 0.0749274 0.0749274 0.0805133 0.0750814 0.0698758 0.0698758 0.0643219 0.0698424 0.0589584 0.0643524 
taxon5     0.0100176 0.0099231 0.0099231 0.0202892 0.0100644 0.0000000 0.0202674 0.0699098 0.0755610 0.0699098 0.0750640 0.0750640 0.0806569 0.0752184 0.0700065 0.0700065 0.0758243 0.0699730 0.0704059 0.0758611 
taxon6     0.0201286 0.0251959 0.0251959 0.0099798 0.0100211 0.0202674 0.0000000 0.0810465 0.0867717 0.0810465 0.0862000 0.0862000 0.0918581 0.0863775 0.0811515 0.0811515 0.0755275 0.0811119 0.0701266 0.0755640 
taxon7     0.0639011 0.0693022 0.0693022 0.0754933 0.0697793 0.0699098 0.0810465 0.0000000 0.0049728 0.0000010 0.0149562 0.0149562 0.0200036 0.0149855 0.0202412 0.0202412 0.0254504 0.0202327 0.0203506 0.0254613 
taxon8     0.0694786 0.0749070 0.0749070 0.0811861 0.0754229 0.0755610 0.0867717 0.0049728 0.0000000 0.0049728 0.0200174 0.0200174 0.0250999 0.0200568 0.0253973 0.0253973 0.0306565 0.0253865 0.0255362 0.0306708 
taxon9     0.0639011 0.0693022 0.0693022 0.0754933 0.0697793 0.0699098 0.0810465 0.0000010 0.0049728 0.0000000 0.0149562 0.0149562 0.0200036 0.0149855 0.0202412 0.0202412 0.0254504 0.0202327 0.0203506 0.0254613 
taxon10    0.0690248 0.0744180 0.0744180 0.0806512 0.0749274 0.0750640 0.0862000 0.0149562 0.0200174 0.0149562 0.0000000 0.0000010 0.0148910 0.0099160 0.0150675 0.0150675 0.0304629 0.0252258 0.0253739 0.0202168 
taxon11    0.0690248 0.0744180 0.0744180 0.0806512 0.0749274 0.0750640 0.0862000 0.0149562 0.0200174 0.0149562 0.0000010 0.0000000 0.0148910 0.0099160 0.0150675 0.0150675 0.0304629 0.0252258 0.0253739 0.0202168 
taxon12    0.0745498 0.0799661 0.0799661 0.0862815 0.0805133 0.0806569 0.0918581 0.0200036 0.0250999 0.0200036 0.0148910 0.0148910 0.0000000 0.0049474 0.0201517 0.0201517 0.0356503 0.0303644 0.0305431 0.0253489 
taxon13    0.0691658 0.0745699 0.0745699 0.0808174 0.0750814 0.0752184 0.0863775 0.0149855 0.0200568 0.0149855 0.0099160 0.0099160 0.0049474 0.0000000 0.0150974 0.0150974 0.0305234 0.0252760 0.0254242 0.0202568 
taxon14    0.0639920 0.0693976 0.0693976 0.0755945 0.0698758 0.0700065 0.0811515 0.0202412 0.0253973 0.0202412 0.0150675 0.0150675 0.0201517 0.0150974 0.0000000 0.0000010 0.0149586 0.0099101 0.0099665 0.0049629 
taxon15    0.0639920 0.0693976 0.0693976 0.0755945 0.0698758 0.0700065 0.0811515 0.0202412 0.0253973 0.0202412 0.0150675 0.0150675 0.0201517 0.0150974 0.0000010 0.0000000 0.0149586 0.0099101 0.0099665 0.0049629 
taxon16    0.0697230 0.0751666 0.0751666 0.0699975 0.0643219 0.0758243 0.0755275 0.0254504 0.0306565 0.0254504 0.0304629 0.0304629 0.0356503 0.0305234 0.0149586 0.0149586 0.0000000 0.0049725 0.0049682 0.0099465 
taxon17    0.0639619 0.0693647 0.0693647 0.0755579 0.0698424 0.0699730 0.0811119 0.0202327 0.0253865 0.0202327 0.0252258 0.0252258 0.0303644 0.0252760 0.0099101 0.0099101 0.0049725 0.0000000 0.0099623 0.0149586 
taxon18    0.0643544 0.0697906 0.0697906 0.0646078 0.0589584 0.0704059 0.0701266 0.0203506 0.0255362 0.0203506 0.0253739 0.0253739 0.0305431 0.0254242 0.0099665 0.0099665 0.0049682 0.0099623 0.0000000 0.0049703 
taxon19    0.0697563 0.0752027 0.0752027 0.0700310 0.0643524 0.0758611 0.0755640 0.0254613 0.0306708 0.0254613 0.0202168 0.0202168 0.0253489 0.0202568 0.0049629 0.0049629 0.0099465 0.0149586 0.0049703 0.0000000 
