20
taxon0     0.0000000 0.0199999 0.0250758 0.0457780 0.0406303 0.0907320 0.1246872 0.0861104 0.1091416 0.1201650 0.0963108 0.0959292 0.2498075 0.2611417 0.2480985 0.2389616 0.2519973 0.2336472 0.2595521 0.2545831 
taxon1     0.0199999 0.0000000 0.0048945 0.0248172 0.0248217 0.0676816 0.0997179 0.0683787 0.0906544 0.1014181 0.0784139 0.0781074 0.2198230 0.2368515 0.2245819 0.2097605 0.2286114 0.2045693 0.2358761 0.2309619 
taxon2     0.0250758 0.0048945 0.0000000 0.0298721 0.0298774 0.0621155 0.0936857 0.0627612 0.0848313 0.0955274 0.0727613 0.0724770 0.2206902 0.2377703 0.2254557 0.2105894 0.2294859 0.2053863 0.2367707 0.2318483 
taxon3     0.0457780 0.0248172 0.0298721 0.0000000 0.0097497 0.0620536 0.0935236 0.0963184 0.0968032 0.1076621 0.0621366 0.0724032 0.2065056 0.2290192 0.2027815 0.1885397 0.2301013 0.2112885 0.2281231 0.2288990 
taxon4     0.0406303 0.0248217 0.0298774 0.0097497 0.0000000 0.0620643 0.0935395 0.0855025 0.0969132 0.1077847 0.0622040 0.0619619 0.2122855 0.2167811 0.1909813 0.1885660 0.2303893 0.2113167 0.2161895 0.2169306 
taxon5     0.0907320 0.0676816 0.0621155 0.0620536 0.0620643 0.0000000 0.0371148 0.0405477 0.0510585 0.0613371 0.0461820 0.0357009 0.1856170 0.1973771 0.1863979 0.1763854 0.2342898 0.2033911 0.2345679 0.2353650 
taxon6     0.1246872 0.0997179 0.0936857 0.0935236 0.0935395 0.0371148 0.0000000 0.0646201 0.0758223 0.0866000 0.0822502 0.0709503 0.2269726 0.2392399 0.2124235 0.2090383 0.2627347 0.2306598 0.2401459 0.2486673 
taxon7     0.0861104 0.0683787 0.0627612 0.0963184 0.0855025 0.0405477 0.0646201 0.0000000 0.0197927 0.0297284 0.0688639 0.0685913 0.2405443 0.2363197 0.2240891 0.2300080 0.2438852 0.2315818 0.2387262 0.2463881 
taxon8     0.1091416 0.0906544 0.0848313 0.0968032 0.0969132 0.0510585 0.0758223 0.0197927 0.0000000 0.0198205 0.0692096 0.0796989 0.2486352 0.2503240 0.2377120 0.2436616 0.2391755 0.2453175 0.2525870 0.2744364 
taxon9     0.1201650 0.1014181 0.0955274 0.1076621 0.1077847 0.0613371 0.0866000 0.0297284 0.0198205 0.0000000 0.0798968 0.0903771 0.2609366 0.2570857 0.2497943 0.2557364 0.2513003 0.2574543 0.2647937 0.2868324 
taxon10    0.0963108 0.0784139 0.0727613 0.0621366 0.0622040 0.0461820 0.0822502 0.0688639 0.0692096 0.0798968 0.0000000 0.0198807 0.2103323 0.2206004 0.2088256 0.2061812 0.2375325 0.2306038 0.2373297 0.2446855 
taxon11    0.0959292 0.0781074 0.0724770 0.0724032 0.0619619 0.0357009 0.0709503 0.0685913 0.0796989 0.0903771 0.0198807 0.0000000 0.2029737 0.2114405 0.2000017 0.1933909 0.2490599 0.2296614 0.2363594 0.2436827 
taxon12    0.2498075 0.2198230 0.2206902 0.2065056 0.2122855 0.1856170 0.2269726 0.2405443 0.2486352 0.2609366 0.2103323 0.2029737 0.0000000 0.0579282 0.0515497 0.0407042 0.1276154 0.0886113 0.1106268 0.1283156 
taxon13    0.2611417 0.2368515 0.2377703 0.2290192 0.2167811 0.1973771 0.2392399 0.2363197 0.2503240 0.2570857 0.2206004 0.2114405 0.0579282 0.0000000 0.0306052 0.0571310 0.1058222 0.0727992 0.0892925 0.1011350 
taxon14    0.2480985 0.2245819 0.2254557 0.2027815 0.1909813 0.1863979 0.2124235 0.2240891 0.2377120 0.2497943 0.2088256 0.2000017 0.0515497 0.0306052 0.0000000 0.0404713 0.1103217 0.0774279 0.0773469 0.0939798 
taxon15    0.2389616 0.2097605 0.2105894 0.1885397 0.1885660 0.1763854 0.2090383 0.2300080 0.2436616 0.2557364 0.2061812 0.1933909 0.0407042 0.0571310 0.0404713 0.0000000 0.1311448 0.0874347 0.0923212 0.1146775 
taxon16    0.2519973 0.2286114 0.2294859 0.2301013 0.2303893 0.2342898 0.2627347 0.2438852 0.2391755 0.2513003 0.2375325 0.2490599 0.1276154 0.1058222 0.1103217 0.1311448 0.0000000 0.0449144 0.0707777 0.0710143 
taxon17    0.2336472 0.2045693 0.2053863 0.2112885 0.2113167 0.2033911 0.2306598 0.2315818 0.2453175 0.2574543 0.2306038 0.2296614 0.0886113 0.0727992 0.0774279 0.0874347 0.0449144 0.0000000 0.0346845 0.0505670 
taxon18    0.2595521 0.2358761 0.2367707 0.2281231 0.2161895 0.2345679 0.2401459 0.2387262 0.2525870 0.2647937 0.2373297 0.2363594 0.1106268 0.0892925 0.0773469 0.0923212 0.0707777 0.0346845 0.0000000 0.0452322 
taxon19    0.2545831 0.2309619 0.2318483 0.2288990 0.2169306 0.2353650 0.2486673 0.2463881 0.2744364 0.2868324 0.2446855 0.2436827 0.1283156 0.1011350 0.0939798 0.1146775 0.0710143 0.0505670 0.0452322 0.0000000 
