20
taxon0     0.0000000 0.1181215 0.1847109 0.2013675 0.1418263 0.1900198 0.2402802 0.2270808 0.2480854 0.1938875 0.2202516 0.3050027 0.3216048 0.4181126 0.3535520 0.3738587 0.3993598 0.3783580 0.4442880 0.3829343 
taxon1     0.1181215 0.0000000 0.1287543 0.1944099 0.0875585 0.1424318 0.2021605 0.1720779 0.1915640 0.1203297 0.2029963 0.2580812 0.2838916 0.3890500 0.3282336 0.3314237 0.4140524 0.3800492 0.4961974 0.3561966 
taxon2     0.1847109 0.1287543 0.0000000 0.1875719 0.1284358 0.1458831 0.1639008 0.1737423 0.1694003 0.1352575 0.1725874 0.3279076 0.3380819 0.3492961 0.3278588 0.3189435 0.4015217 0.3600575 0.4584221 0.3716832 
taxon3     0.2013675 0.1944099 0.1875719 0.0000000 0.1364873 0.1960297 0.2129621 0.2107353 0.1953824 0.2279277 0.2475067 0.3681115 0.4011552 0.3569690 0.3655796 0.3415867 0.4218005 0.3520012 0.4481356 0.4228130 
taxon4     0.1418263 0.0875585 0.1284358 0.1364873 0.0000000 0.1439172 0.2041197 0.1725999 0.1620371 0.1439144 0.1901578 0.3101640 0.2786305 0.3710749 0.3384111 0.3286768 0.4014308 0.3502383 0.4708216 0.3915070 
taxon5     0.1900198 0.1424318 0.1458831 0.1960297 0.1439172 0.0000000 0.1228163 0.1162945 0.1236414 0.1795668 0.2219716 0.3367546 0.3584249 0.3727487 0.3609741 0.3444946 0.4170496 0.3868477 0.4624173 0.3510866 
taxon6     0.2402802 0.2021605 0.1639008 0.2129621 0.2041197 0.1228163 0.0000000 0.0804841 0.0607243 0.2232794 0.2227443 0.3263768 0.3777260 0.3296387 0.3243059 0.3264504 0.3851067 0.3678206 0.4099621 0.3816318 
taxon7     0.2270808 0.1720779 0.1737423 0.2107353 0.1725999 0.1162945 0.0804841 0.0000000 0.0593291 0.1991354 0.2158149 0.3041121 0.3536971 0.3440363 0.3238428 0.3230186 0.4050067 0.3512200 0.4411454 0.3748177 
taxon8     0.2480854 0.1915640 0.1694003 0.1953824 0.1620371 0.1236414 0.0607243 0.0593291 0.0000000 0.2157971 0.2134344 0.3281666 0.3697091 0.3391039 0.3284985 0.3186937 0.3758092 0.3621512 0.4424468 0.3671315 
taxon9     0.1938875 0.1203297 0.1352575 0.2279277 0.1439144 0.1795668 0.2232794 0.1991354 0.2157971 0.0000000 0.1691813 0.2966175 0.3093108 0.3614593 0.3158505 0.3353399 0.4176050 0.3623681 0.4697282 0.3792941 
taxon10    0.2202516 0.2029963 0.1725874 0.2475067 0.1901578 0.2219716 0.2227443 0.2158149 0.2134344 0.1691813 0.0000000 0.3235098 0.3670430 0.3689275 0.3497248 0.3569514 0.3926606 0.3476395 0.4191091 0.3668486 
taxon11    0.3050027 0.2580812 0.3279076 0.3681115 0.3101640 0.3367546 0.3263768 0.3041121 0.3281666 0.2966175 0.3235098 0.0000000 0.0932907 0.1741484 0.1329021 0.1381539 0.1685697 0.1159051 0.2611628 0.1207031 
taxon12    0.3216048 0.2838916 0.3380819 0.4011552 0.2786305 0.3584249 0.3777260 0.3536971 0.3697091 0.3093108 0.3670430 0.0932907 0.0000000 0.2175719 0.1879753 0.1502852 0.2277858 0.1367141 0.2951776 0.1624230 
taxon13    0.4181126 0.3890500 0.3492961 0.3569690 0.3710749 0.3727487 0.3296387 0.3440363 0.3391039 0.3614593 0.3689275 0.1741484 0.2175719 0.0000000 0.1497669 0.1551166 0.2163795 0.1674382 0.2672860 0.2083028 
taxon14    0.3535520 0.3282336 0.3278588 0.3655796 0.3384111 0.3609741 0.3243059 0.3238428 0.3284985 0.3158505 0.3497248 0.1329021 0.1879753 0.1497669 0.0000000 0.0662158 0.2062270 0.1873954 0.2465738 0.1987548 
taxon15    0.3738587 0.3314237 0.3189435 0.3415867 0.3286768 0.3444946 0.3264504 0.3230186 0.3186937 0.3353399 0.3569514 0.1381539 0.1502852 0.1551166 0.0662158 0.0000000 0.1914672 0.1789928 0.2314423 0.1792016 
taxon16    0.3993598 0.4140524 0.4015217 0.4218005 0.4014308 0.4170496 0.3851067 0.4050067 0.3758092 0.4176050 0.3926606 0.1685697 0.2277858 0.2163795 0.2062270 0.1914672 0.0000000 0.1362872 0.2669066 0.1891141 
taxon17    0.3783580 0.3800492 0.3600575 0.3520012 0.3502383 0.3868477 0.3678206 0.3512200 0.3621512 0.3623681 0.3476395 0.1159051 0.1367141 0.1674382 0.1873954 0.1789928 0.1362872 0.0000000 0.2173918 0.1533570 
taxon18    0.4442880 0.4961974 0.4584221 0.4481356 0.4708216 0.4624173 0.4099621 0.4411454 0.4424468 0.4697282 0.4191091 0.2611628 0.2951776 0.2672860 0.2465738 0.2314423 0.2669066 0.2173918 0.0000000 0.2531386 
taxon19    0.3829343 0.3561966 0.3716832 0.4228130 0.3915070 0.3510866 0.3816318 0.3748177 0.3671315 0.3792941 0.3668486 0.1207031 0.1624230 0.2083028 0.1987548 0.1792016 0.1891141 0.1533570 0.2531386 0.0000000 
