20
taxon0     0.0000000 0.2776109 0.4922803 0.4925590 0.4810848 0.5022070 0.5585033 0.5475214 0.6212355 0.6533291 0.6169083 0.6520794 0.6331785 0.6790035 0.7677342 0.8341033 0.7144114 0.6207587 0.6764918 0.6938736 
taxon1     0.2776109 0.0000000 0.5769254 0.6059912 0.5956344 0.6216760 0.6133834 0.5918185 0.6347885 0.7092032 0.7252993 0.7164834 0.6959731 0.7413993 0.7848638 0.8758811 0.7593246 0.7279267 0.7686241 0.7993898 
taxon2     0.4922803 0.5769254 0.0000000 0.2312832 0.4247635 0.4907404 0.6728408 0.6245771 0.7536606 0.7402605 0.7109744 0.6804278 0.7109755 0.7434924 0.8151884 0.8476604 0.7341925 0.7513486 0.8007083 0.8114332 
taxon3     0.4925590 0.6059912 0.2312832 0.0000000 0.4007957 0.4477790 0.7214153 0.6328505 0.7380478 0.6845658 0.6870135 0.6568091 0.6842814 0.6672153 0.8298328 0.8784836 0.7309695 0.7285977 0.7639092 0.7983889 
taxon4     0.4810848 0.5956344 0.4247635 0.4007957 0.0000000 0.2471206 0.7338956 0.6856002 0.7403312 0.7493909 0.6415876 0.6712372 0.6387886 0.6907887 0.7202902 0.8236733 0.7069187 0.7057846 0.7771889 0.7699091 
taxon5     0.5022070 0.6216760 0.4907404 0.4477790 0.2471206 0.0000000 0.7391449 0.7144660 0.7231900 0.7378540 0.6140108 0.6586588 0.6739145 0.7080854 0.7119215 0.7374178 0.6592683 0.6396356 0.7280755 0.7653578 
taxon6     0.5585033 0.6133834 0.6728408 0.7214153 0.7338956 0.7391449 0.0000000 0.2759724 0.4423733 0.5002615 0.6103743 0.6562075 0.6669297 0.6662867 0.6582285 0.7961695 0.6693975 0.6006467 0.6478767 0.6415317 
taxon7     0.5475214 0.5918185 0.6245771 0.6328505 0.6856002 0.7144660 0.2759724 0.0000000 0.5095381 0.5099586 0.6201205 0.6294825 0.6682836 0.6601193 0.6311575 0.7821108 0.6522327 0.6342066 0.6509706 0.6040522 
taxon8     0.6212355 0.6347885 0.7536606 0.7380478 0.7403312 0.7231900 0.4423733 0.5095381 0.0000000 0.3948341 0.6810532 0.6872999 0.7172706 0.7241122 0.7063858 0.8158984 0.7064784 0.6632097 0.7255737 0.7216725 
taxon9     0.6533291 0.7092032 0.7402605 0.6845658 0.7493909 0.7378540 0.5002615 0.5099586 0.3948341 0.0000000 0.6861258 0.6775608 0.7232239 0.6980370 0.7283343 0.8259522 0.6574693 0.6736236 0.6743087 0.6738631 
taxon10    0.6169083 0.7252993 0.7109744 0.6870135 0.6415876 0.6140108 0.6103743 0.6201205 0.6810532 0.6861258 0.0000000 0.2742406 0.3260502 0.3252372 0.4864105 0.5841441 0.4534770 0.4084057 0.5461227 0.5135647 
taxon11    0.6520794 0.7164834 0.6804278 0.6568091 0.6712372 0.6586588 0.6562075 0.6294825 0.6872999 0.6775608 0.2742406 0.0000000 0.2490207 0.2307425 0.5449544 0.6254990 0.5517385 0.5236675 0.5850465 0.5995502 
taxon12    0.6331785 0.6959731 0.7109755 0.6842814 0.6387886 0.6739145 0.6669297 0.6682836 0.7172706 0.7232239 0.3260502 0.2490207 0.0000000 0.2071411 0.5665020 0.7733242 0.6540092 0.5568305 0.5813881 0.6041651 
taxon13    0.6790035 0.7413993 0.7434924 0.6672153 0.6907887 0.7080854 0.6662867 0.6601193 0.7241122 0.6980370 0.3252372 0.2307425 0.2071411 0.0000000 0.5828222 0.7080039 0.6348199 0.5334525 0.5665117 0.6154892 
taxon14    0.7677342 0.7848638 0.8151884 0.8298328 0.7202902 0.7119215 0.6582285 0.6311575 0.7063858 0.7283343 0.4864105 0.5449544 0.5665020 0.5828222 0.0000000 0.3829859 0.2624978 0.3879553 0.4456888 0.4574302 
taxon15    0.8341033 0.8758811 0.8476604 0.8784836 0.8236733 0.7374178 0.7961695 0.7821108 0.8158984 0.8259522 0.5841441 0.6254990 0.7733242 0.7080039 0.3829859 0.0000000 0.1485992 0.4709799 0.5832046 0.5931629 
taxon16    0.7144114 0.7593246 0.7341925 0.7309695 0.7069187 0.6592683 0.6693975 0.6522327 0.7064784 0.6574693 0.4534770 0.5517385 0.6540092 0.6348199 0.2624978 0.1485992 0.0000000 0.3637686 0.4758706 0.4838649 
taxon17    0.6207587 0.7279267 0.7513486 0.7285977 0.7057846 0.6396356 0.6006467 0.6342066 0.6632097 0.6736236 0.4084057 0.5236675 0.5568305 0.5334525 0.3879553 0.4709799 0.3637686 0.0000000 0.2265369 0.2308565 
taxon18    0.6764918 0.7686241 0.8007083 0.7639092 0.7771889 0.7280755 0.6478767 0.6509706 0.7255737 0.6743087 0.5461227 0.5850465 0.5813881 0.5665117 0.4456888 0.5832046 0.4758706 0.2265369 0.0000000 0.1655274 
taxon19    0.6938736 0.7993898 0.8114332 0.7983889 0.7699091 0.7653578 0.6415317 0.6040522 0.7216725 0.6738631 0.5135647 0.5995502 0.6041651 0.6154892 0.4574302 0.5931629 0.4838649 0.2308565 0.1655274 0.0000000 
