20
taxon0     0.0000000 0.0688593 0.2970756 0.2730138 0.1856980 0.2450694 0.2693423 0.2534750 0.2694541 0.1830415 0.2750336 0.3497837 0.2676637 0.3179924 0.3045619 0.3231603 0.3756418 0.3033443 0.3113120 0.3563677 
taxon1     0.0688593 0.0000000 0.2866557 0.2564658 0.1568469 0.2076450 0.2552281 0.2333880 0.2549489 0.1597344 0.2660775 0.3604794 0.2778215 0.3238026 0.3228671 0.3244828 0.4004791 0.3136102 0.3043828 0.3491672 
taxon2     0.2970756 0.2866557 0.0000000 0.0409832 0.2412901 0.2677355 0.3198775 0.2806812 0.2724224 0.2057406 0.1470287 0.3325502 0.3794242 0.3901783 0.4069669 0.3949341 0.3858307 0.3821651 0.3281247 0.3488045 
taxon3     0.2730138 0.2564658 0.0409832 0.0000000 0.2390923 0.2730071 0.3002798 0.2684799 0.2604498 0.1847275 0.1278559 0.3274732 0.3758839 0.3893176 0.4097066 0.3969763 0.4047440 0.3937259 0.3359262 0.3596959 
taxon4     0.1856980 0.1568469 0.2412901 0.2390923 0.0000000 0.0815124 0.1127421 0.1038011 0.1047562 0.1343071 0.2236350 0.3592126 0.3297160 0.3555984 0.3630548 0.3701187 0.4186175 0.3516894 0.3165741 0.3523063 
taxon5     0.2450694 0.2076450 0.2677355 0.2730071 0.0815124 0.0000000 0.1289837 0.1128275 0.1197838 0.1808511 0.2514267 0.3937210 0.3619805 0.4129537 0.4212885 0.4263955 0.4548477 0.4096630 0.3394535 0.3763177 
taxon6     0.2693423 0.2552281 0.3198775 0.3002798 0.1127421 0.1289837 0.0000000 0.0811429 0.0765097 0.2198413 0.2761884 0.4024193 0.3888865 0.4248240 0.4498630 0.4688800 0.4944297 0.4213569 0.3731568 0.3884903 
taxon7     0.2534750 0.2333880 0.2806812 0.2684799 0.1038011 0.1128275 0.0811429 0.0000000 0.0257967 0.2012409 0.2349695 0.3646437 0.3682253 0.4180352 0.4302576 0.4349226 0.4625149 0.4253835 0.3354921 0.3500509 
taxon8     0.2694541 0.2549489 0.2724224 0.2604498 0.1047562 0.1197838 0.0765097 0.0257967 0.0000000 0.2169031 0.2448340 0.3778390 0.3723063 0.4240912 0.4364086 0.4410568 0.4454817 0.4315973 0.3473586 0.3620493 
taxon9     0.1830415 0.1597344 0.2057406 0.1847275 0.1343071 0.1808511 0.2198413 0.2012409 0.2169031 0.0000000 0.1272586 0.3426644 0.3108998 0.3606452 0.3631070 0.3518754 0.4020890 0.3563727 0.3028320 0.3482383 
taxon10    0.2750336 0.2660775 0.1470287 0.1278559 0.2236350 0.2514267 0.2761884 0.2349695 0.2448340 0.1272586 0.0000000 0.3236427 0.3981045 0.4056945 0.4252494 0.4070080 0.4243599 0.4016095 0.3238903 0.3386796 
taxon11    0.3497837 0.3604794 0.3325502 0.3274732 0.3592126 0.3937210 0.4024193 0.3646437 0.3778390 0.3426644 0.3236427 0.0000000 0.0993750 0.1739300 0.2000228 0.1907329 0.1926091 0.1842428 0.1609301 0.1679633 
taxon12    0.2676637 0.2778215 0.3794242 0.3758839 0.3297160 0.3619805 0.3888865 0.3682253 0.3723063 0.3108998 0.3981045 0.0993750 0.0000000 0.1683235 0.1863490 0.1833836 0.2103845 0.1846200 0.1796864 0.2100261 
taxon13    0.3179924 0.3238026 0.3901783 0.3893176 0.3555984 0.4129537 0.4248240 0.4180352 0.4240912 0.3606452 0.4056945 0.1739300 0.1683235 0.0000000 0.0524569 0.0631735 0.1323543 0.0813981 0.2107993 0.2235588 
taxon14    0.3045619 0.3228671 0.4069669 0.4097066 0.3630548 0.4212885 0.4498630 0.4302576 0.4364086 0.3631070 0.4252494 0.2000228 0.1863490 0.0524569 0.0000000 0.0575737 0.1535381 0.1180541 0.2048409 0.2339759 
taxon15    0.3231603 0.3244828 0.3949341 0.3969763 0.3701187 0.4263955 0.4688800 0.4349226 0.4410568 0.3518754 0.4070080 0.1907329 0.1833836 0.0631735 0.0575737 0.0000000 0.1344819 0.1059505 0.2115769 0.2263854 
taxon16    0.3756418 0.4004791 0.3858307 0.4047440 0.4186175 0.4548477 0.4944297 0.4625149 0.4454817 0.4020890 0.4243599 0.1926091 0.2103845 0.1323543 0.1535381 0.1344819 0.0000000 0.0949483 0.2231257 0.2295070 
taxon17    0.3033443 0.3136102 0.3821651 0.3937259 0.3516894 0.4096630 0.4213569 0.4253835 0.4315973 0.3563727 0.4016095 0.1842428 0.1846200 0.0813981 0.1180541 0.1059505 0.0949483 0.0000000 0.2144267 0.2275374 
taxon18    0.3113120 0.3043828 0.3281247 0.3359262 0.3165741 0.3394535 0.3731568 0.3354921 0.3473586 0.3028320 0.3238903 0.1609301 0.1796864 0.2107993 0.2048409 0.2115769 0.2231257 0.2144267 0.0000000 0.0414946 
taxon19    0.3563677 0.3491672 0.3488045 0.3596959 0.3523063 0.3763177 0.3884903 0.3500509 0.3620493 0.3482383 0.3386796 0.1679633 0.2100261 0.2235588 0.2339759 0.2263854 0.2295070 0.2275374 0.0414946 0.0000000 
