20
taxon0     0.0000000 0.0294990 0.0771411 0.0887143 0.0823371 0.0500752 0.0601940 0.0700065 0.0910719 0.0756220 0.0754905 0.0807978 0.0808135 0.2412156 0.2621918 0.2821118 0.2278450 0.2275526 0.2203126 0.2210578 
taxon1     0.0294990 0.0000000 0.0657007 0.0769284 0.0708024 0.0497050 0.0590909 0.0596727 0.0804408 0.0588809 0.0689211 0.0638955 0.0639074 0.2179430 0.2380928 0.2573109 0.2184236 0.2181518 0.2110561 0.2117741 
taxon2     0.0771411 0.0657007 0.0000000 0.0195983 0.0144852 0.0346966 0.0872915 0.0880563 0.1042543 0.0869567 0.0919731 0.0922222 0.0922406 0.2202348 0.2581637 0.2781240 0.2505494 0.2502099 0.2427267 0.2307410 
taxon3     0.0887143 0.0769284 0.0195983 0.0000000 0.0146852 0.0452862 0.0884206 0.0891989 0.1055816 0.0880772 0.0931487 0.0934028 0.0934216 0.2355624 0.2611652 0.2813130 0.2454422 0.2531215 0.2455651 0.2334669 
taxon4     0.0823371 0.0708024 0.0144852 0.0146852 0.0000000 0.0396805 0.0820712 0.0828102 0.0989578 0.0817588 0.0867711 0.0870095 0.0870267 0.2267441 0.2520094 0.2718814 0.2444478 0.2441200 0.2366731 0.2247307 
taxon5     0.0500752 0.0497050 0.0346966 0.0452862 0.0396805 0.0000000 0.0497891 0.0648865 0.0804211 0.0704510 0.0807742 0.0756077 0.0756223 0.2371675 0.2624827 0.2824140 0.2281092 0.2278162 0.2205699 0.2213161 
taxon6     0.0601940 0.0590909 0.0872915 0.0884206 0.0820712 0.0497891 0.0000000 0.0239607 0.0436309 0.0289877 0.0339642 0.0338737 0.0338797 0.2176497 0.2377557 0.2569327 0.2048402 0.2045945 0.1976444 0.1983291 
taxon7     0.0700065 0.0596727 0.0880563 0.0891989 0.0828102 0.0648865 0.0239607 0.0000000 0.0288184 0.0293206 0.0391941 0.0342522 0.0342584 0.2186727 0.2261759 0.2451112 0.2098508 0.1979015 0.2026412 0.2033337 
taxon8     0.0910719 0.0804408 0.1042543 0.1055816 0.0989578 0.0804211 0.0436309 0.0288184 0.0000000 0.0389596 0.0488293 0.0438895 0.0438975 0.2318557 0.2523006 0.2632500 0.2221840 0.1962590 0.2009652 0.2016495 
taxon9     0.0756220 0.0588809 0.0869567 0.0880772 0.0817588 0.0704510 0.0289877 0.0293206 0.0389596 0.0000000 0.0094576 0.0142249 0.0142273 0.2166204 0.2365986 0.2474114 0.2050573 0.2028242 0.1959389 0.1966147 
taxon10    0.0754905 0.0689211 0.0919731 0.0931487 0.0867711 0.0807742 0.0339642 0.0391941 0.0488293 0.0094576 0.0000000 0.0237822 0.0237863 0.2284809 0.2486932 0.2595456 0.2168319 0.2144767 0.2075129 0.2082130 
taxon11    0.0807978 0.0638955 0.0922222 0.0934028 0.0870095 0.0756077 0.0338737 0.0342522 0.0438895 0.0142249 0.0237822 0.0000000 0.0094767 0.2225539 0.2374105 0.2482571 0.2230370 0.2086529 0.2017276 0.2024158 
taxon12    0.0808135 0.0639074 0.0922406 0.0934216 0.0870267 0.0756223 0.0338797 0.0342584 0.0438975 0.0142273 0.0237863 0.0094767 0.0000000 0.2226080 0.2374697 0.2483196 0.2230912 0.2087023 0.2017749 0.2024633 
taxon13    0.2412156 0.2179430 0.2202348 0.2355624 0.2267441 0.2371675 0.2176497 0.2186727 0.2318557 0.2166204 0.2284809 0.2225539 0.2226080 0.0000000 0.0647399 0.0803567 0.0851886 0.1066307 0.0965354 0.0911077 
taxon14    0.2621918 0.2380928 0.2581637 0.2611652 0.2520094 0.2624827 0.2377557 0.2261759 0.2523006 0.2365986 0.2486932 0.2374105 0.2374697 0.0647399 0.0000000 0.0144973 0.1023181 0.1022318 0.1141850 0.0866349 
taxon15    0.2821118 0.2573109 0.2781240 0.2813130 0.2718814 0.2824140 0.2569327 0.2451112 0.2632500 0.2474114 0.2595456 0.2482571 0.2483196 0.0803567 0.0144973 0.0000000 0.1186957 0.1068221 0.1243343 0.0966338 
taxon16    0.2278450 0.2184236 0.2505494 0.2454422 0.2444478 0.2281092 0.2048402 0.2098508 0.2221840 0.2050573 0.2168319 0.2230370 0.2230912 0.0851886 0.1023181 0.1186957 0.0000000 0.0391386 0.0441513 0.0391154 
taxon17    0.2275526 0.2181518 0.2502099 0.2531215 0.2441200 0.2278162 0.2045945 0.1979015 0.1962590 0.2028242 0.2144767 0.2086529 0.2087023 0.1066307 0.1022318 0.1068221 0.0391386 0.0000000 0.0438988 0.0288987 
taxon18    0.2203126 0.2110561 0.2427267 0.2455651 0.2366731 0.2205699 0.1976444 0.2026412 0.2009652 0.1959389 0.2075129 0.2017276 0.2017749 0.0965354 0.1141850 0.1243343 0.0441513 0.0438988 0.0000000 0.0242284 
taxon19    0.2210578 0.2117741 0.2307410 0.2334669 0.2247307 0.2213161 0.1983291 0.2033337 0.2016495 0.1966147 0.2082130 0.2024158 0.2024633 0.0911077 0.0866349 0.0966338 0.0391154 0.0288987 0.0242284 0.0000000 
