20
taxon0     0.0000000 0.0154730 0.0206975 0.0313071 0.0207971 0.1995779 0.2046223 0.2060485 0.2031834 0.1942432 0.1896118 0.1840413 0.2033482 0.1971277 0.1913067 0.1942938 0.1958812 0.1954383 0.2096596 0.2096596 
taxon1     0.0154730 0.0000000 0.0260166 0.0367308 0.0261424 0.2068113 0.2245937 0.2261305 0.2230452 0.2140793 0.2091791 0.2035560 0.2231998 0.2168886 0.2110199 0.2141295 0.1905381 0.1901060 0.2169292 0.2169292 
taxon2     0.0206975 0.0260166 0.0000000 0.0207208 0.0103238 0.2001677 0.2052254 0.2066586 0.2037796 0.2072977 0.1901656 0.1845796 0.2039446 0.1977058 0.2042814 0.2073481 0.1890622 0.2018372 0.2027325 0.2027325 
taxon3     0.0313071 0.0367308 0.0207208 0.0000000 0.0102959 0.2184495 0.1971409 0.2122250 0.1957487 0.2003597 0.1956502 0.1900715 0.1959159 0.2032163 0.1973883 0.2004103 0.1895341 0.2023318 0.1897395 0.1897395 
taxon4     0.0207971 0.0261424 0.0103238 0.0102959 0.0000000 0.2056443 0.2106879 0.2121456 0.2092178 0.2002866 0.1955801 0.1900039 0.2093796 0.2031422 0.1973169 0.2003371 0.1894668 0.2022583 0.2031563 0.2031563 
taxon5     0.1995779 0.2068113 0.2001677 0.2184495 0.2056443 0.0000000 0.0259664 0.0261759 0.0367850 0.0380400 0.0368833 0.0316739 0.0315593 0.0260658 0.0313761 0.0323623 0.0475521 0.0583672 0.0581425 0.0581425 
taxon6     0.2046223 0.2245937 0.2052254 0.1971409 0.2106879 0.0259664 0.0000000 0.0102574 0.0102216 0.0322896 0.0206516 0.0261082 0.0154922 0.0206233 0.0258632 0.0267048 0.0524331 0.0632064 0.0415354 0.0415354 
taxon7     0.2060485 0.2261305 0.2066586 0.2122250 0.2121456 0.0261759 0.0102574 0.0000000 0.0207637 0.0325543 0.0208190 0.0154737 0.0262242 0.0207903 0.0153280 0.0269246 0.0528407 0.0636908 0.0527233 0.0527233 
taxon8     0.2031834 0.2230452 0.2037796 0.1957487 0.2092178 0.0367850 0.0102216 0.0207637 0.0000000 0.0212947 0.0101888 0.0258936 0.0205099 0.0258040 0.0310656 0.0320358 0.0520201 0.0627154 0.0412051 0.0412051 
taxon9     0.1942432 0.2140793 0.2072977 0.2003597 0.2002866 0.0380400 0.0322896 0.0325543 0.0212947 0.0000000 0.0213525 0.0268396 0.0320856 0.0267442 0.0214456 0.0101931 0.0485618 0.0595082 0.0484523 0.0484523 
taxon10    0.1896118 0.2091791 0.1901656 0.1956502 0.1955801 0.0368833 0.0206516 0.0208190 0.0101888 0.0213525 0.0000000 0.0259623 0.0310809 0.0258722 0.0311477 0.0321225 0.0412744 0.0518314 0.0520424 0.0520424 
taxon11    0.1840413 0.2035560 0.1845796 0.1900715 0.1900039 0.0316739 0.0261082 0.0154737 0.0258936 0.0268396 0.0259623 0.0000000 0.0259460 0.0207356 0.0152882 0.0268521 0.0470082 0.0577146 0.0469044 0.0469044 
taxon12    0.2033482 0.2231998 0.2039446 0.1959159 0.2093796 0.0315593 0.0154922 0.0262242 0.0205099 0.0320856 0.0310809 0.0259460 0.0000000 0.0101239 0.0258905 0.0267336 0.0521132 0.0628222 0.0412821 0.0412821 
taxon13    0.1971277 0.2168886 0.1977058 0.2032163 0.2031422 0.0260658 0.0206233 0.0207903 0.0258040 0.0267442 0.0258722 0.0207356 0.0101239 0.0000000 0.0154228 0.0159686 0.0468479 0.0575190 0.0467448 0.0467448 
taxon14    0.1913067 0.2110199 0.2042814 0.1973883 0.1973169 0.0313761 0.0258632 0.0153280 0.0310656 0.0214456 0.0311477 0.0152882 0.0258905 0.0154228 0.0000000 0.0106739 0.0472576 0.0580146 0.0471528 0.0471528 
taxon15    0.1942938 0.2141295 0.2073481 0.2004103 0.2003371 0.0323623 0.0267048 0.0269246 0.0320358 0.0101931 0.0321225 0.0268521 0.0267336 0.0159686 0.0106739 0.0000000 0.0485828 0.0595331 0.0484732 0.0484732 
taxon16    0.1958812 0.1905381 0.1890622 0.1895341 0.1894668 0.0475521 0.0524331 0.0528407 0.0520201 0.0485618 0.0412744 0.0470082 0.0521132 0.0468479 0.0472576 0.0485828 0.0000000 0.0101453 0.0204339 0.0204339 
taxon17    0.1954383 0.1901060 0.2018372 0.2023318 0.2022583 0.0583672 0.0632064 0.0636908 0.0627154 0.0595082 0.0518314 0.0577146 0.0628222 0.0575190 0.0580146 0.0595331 0.0101453 0.0000000 0.0204449 0.0204449 
taxon18    0.2096596 0.2169292 0.2027325 0.1897395 0.2031563 0.0581425 0.0415354 0.0527233 0.0412051 0.0484523 0.0520424 0.0469044 0.0412821 0.0467448 0.0471528 0.0484732 0.0204339 0.0204449 0.0000000 0.0000010 
taxon19    0.2096596 0.2169292 0.2027325 0.1897395 0.2031563 0.0581425 0.0415354 0.0527233 0.0412051 0.0484523 0.0520424 0.0469044 0.0412821 0.0467448 0.0471528 0.0484732 0.0204339 0.0204449 0.0000010 0.0000000 
