20
taxon0     0.0000000 0.0410394 0.2675586 0.2471884 0.2175880 0.2102732 0.2559394 0.2696657 0.4935268 0.5043838 0.5576054 0.5247794 0.4926322 0.5390763 0.5411104 0.6115403 0.6376866 0.5639679 0.6069359 0.5521209 
taxon1     0.0410394 0.0000000 0.2864197 0.2596529 0.2297271 0.2222772 0.2597944 0.2902163 0.5096283 0.5228341 0.5865096 0.5317079 0.4989114 0.5460337 0.5336880 0.5925133 0.6323857 0.5849621 0.6352984 0.5889207 
taxon2     0.2675586 0.2864197 0.0000000 0.1764313 0.2023499 0.2022638 0.3861378 0.3794191 0.6140392 0.5794307 0.6420685 0.6369180 0.6159136 0.5847977 0.6261696 0.6603511 0.6428770 0.6728979 0.6938482 0.6094251 
taxon3     0.2471884 0.2596529 0.1764313 0.0000000 0.1523303 0.1431988 0.4012290 0.3887548 0.5557931 0.5518464 0.5964495 0.6161759 0.6015137 0.5966396 0.5882818 0.6579441 0.6323455 0.6127140 0.6352357 0.5694232 
taxon4     0.2175880 0.2297271 0.2023499 0.1523303 0.0000000 0.0197686 0.3490680 0.3420986 0.5226123 0.5400116 0.6091891 0.5755160 0.5647191 0.5751049 0.5868376 0.6335583 0.6395885 0.6262380 0.6847248 0.5715560 
taxon5     0.2102732 0.2222772 0.2022638 0.1431988 0.0197686 0.0000000 0.3251268 0.3186161 0.5302227 0.5450069 0.6157072 0.5671687 0.5552633 0.5630820 0.5745634 0.6191548 0.6222393 0.6265280 0.6753444 0.5705230 
taxon6     0.2559394 0.2597944 0.3861378 0.4012290 0.3490680 0.3251268 0.0000000 0.0459099 0.4282870 0.4078209 0.5257848 0.4534423 0.4619190 0.4906222 0.5144209 0.5983590 0.6233367 0.4984946 0.5987903 0.5867206 
taxon7     0.2696657 0.2902163 0.3794191 0.3887548 0.3420986 0.3186161 0.0459099 0.0000000 0.4418329 0.4058856 0.5013999 0.4438262 0.4674323 0.4786009 0.4943413 0.5825230 0.6165654 0.5237153 0.5954821 0.5441095 
taxon8     0.4935268 0.5096283 0.6140392 0.5557931 0.5226123 0.5302227 0.4282870 0.4418329 0.0000000 0.1943776 0.3548235 0.3454851 0.3125320 0.3758077 0.3653812 0.4582430 0.4402109 0.4748520 0.6110338 0.5510334 
taxon9     0.5043838 0.5228341 0.5794307 0.5518464 0.5400116 0.5450069 0.4078209 0.4058856 0.1943776 0.0000000 0.1982279 0.1986946 0.1671886 0.2106071 0.2334391 0.3633764 0.3420508 0.4269662 0.5722566 0.4565694 
taxon10    0.5576054 0.5865096 0.6420685 0.5964495 0.6091891 0.6157072 0.5257848 0.5013999 0.3548235 0.1982279 0.0000000 0.2745898 0.2246778 0.2562071 0.3073250 0.3922894 0.3734964 0.5501759 0.6687318 0.6000194 
taxon11    0.5247794 0.5317079 0.6369180 0.6161759 0.5755160 0.5671687 0.4534423 0.4438262 0.3454851 0.1986946 0.2745898 0.0000000 0.1667370 0.2134944 0.2679809 0.3800707 0.3616806 0.5209769 0.6376009 0.5799513 
taxon12    0.4926322 0.4989114 0.6159136 0.6015137 0.5647191 0.5552633 0.4619190 0.4674323 0.3125320 0.1671886 0.2246778 0.1667370 0.0000000 0.1939797 0.2110747 0.3012865 0.3014799 0.5148468 0.6303622 0.5467496 
taxon13    0.5390763 0.5460337 0.5847977 0.5966396 0.5751049 0.5630820 0.4906222 0.4786009 0.3758077 0.2106071 0.2562071 0.2134944 0.1939797 0.0000000 0.2354428 0.3419270 0.3194801 0.5794845 0.6556519 0.5933538 
taxon14    0.5411104 0.5336880 0.6261696 0.5882818 0.5868376 0.5745634 0.5144209 0.4943413 0.3653812 0.2334391 0.3073250 0.2679809 0.2110747 0.2354428 0.0000000 0.2164647 0.1778762 0.5141873 0.6035412 0.5280676 
taxon15    0.6115403 0.5925133 0.6603511 0.6579441 0.6335583 0.6191548 0.5983590 0.5825230 0.4582430 0.3633764 0.3922894 0.3800707 0.3012865 0.3419270 0.2164647 0.0000000 0.1873197 0.6491520 0.7374801 0.6499884 
taxon16    0.6376866 0.6323857 0.6428770 0.6323455 0.6395885 0.6222393 0.6233367 0.6165654 0.4402109 0.3420508 0.3734964 0.3616806 0.3014799 0.3194801 0.1778762 0.1873197 0.0000000 0.6310771 0.7362978 0.6542635 
taxon17    0.5639679 0.5849621 0.6728979 0.6127140 0.6262380 0.6265280 0.4984946 0.5237153 0.4748520 0.4269662 0.5501759 0.5209769 0.5148468 0.5794845 0.5141873 0.6491520 0.6310771 0.0000000 0.3265041 0.2418020 
taxon18    0.6069359 0.6352984 0.6938482 0.6352357 0.6847248 0.6753444 0.5987903 0.5954821 0.6110338 0.5722566 0.6687318 0.6376009 0.6303622 0.6556519 0.6035412 0.7374801 0.7362978 0.3265041 0.0000000 0.1741230 
taxon19    0.5521209 0.5889207 0.6094251 0.5694232 0.5715560 0.5705230 0.5867206 0.5441095 0.5510334 0.4565694 0.6000194 0.5799513 0.5467496 0.5933538 0.5280676 0.6499884 0.6542635 0.2418020 0.1741230 0.0000000 
