20
taxon0     0.0000000 0.0623250 0.0515080 0.0298684 0.0353451 0.0451796 0.0660491 0.0502089 0.0505610 0.0567586 0.0557629 0.0455440 0.3046803 0.3150965 0.3334172 0.3328875 0.3272483 0.3306156 0.3332409 0.3270740 
taxon1     0.0623250 0.0000000 0.0512825 0.0619702 0.0620582 0.0613899 0.0718466 0.0559799 0.0869026 0.1003271 0.0871481 0.0672390 0.3022444 0.3038365 0.3031673 0.3230203 0.3305025 0.3439754 0.3455373 0.3393570 
taxon2     0.0515080 0.0512825 0.0000000 0.0408017 0.0352427 0.0454687 0.0557718 0.0505327 0.0874476 0.0943469 0.0925686 0.0723540 0.3062311 0.3063439 0.3219279 0.3088333 0.3162364 0.3402111 0.3310833 0.3249315 
taxon3     0.0298684 0.0619702 0.0408017 0.0000000 0.0049683 0.0247772 0.0502977 0.0297403 0.0503032 0.0793139 0.0715865 0.0453080 0.2769589 0.2869999 0.3051138 0.3044855 0.2988751 0.3023511 0.3135736 0.3074244 
taxon4     0.0353451 0.0620582 0.0352427 0.0049683 0.0000000 0.0248120 0.0503682 0.0297819 0.0561164 0.0731014 0.0716870 0.0453718 0.2773690 0.2774818 0.3055650 0.2948201 0.2892514 0.3126042 0.3037409 0.2976461 
taxon5     0.0451796 0.0613899 0.0454687 0.0247772 0.0248120 0.0000000 0.0247827 0.0147396 0.0499282 0.0725534 0.0603504 0.0401678 0.2901623 0.3061846 0.3055057 0.3106727 0.3181147 0.3315293 0.3330426 0.3268639 
taxon6     0.0660491 0.0718466 0.0557718 0.0502977 0.0503682 0.0247827 0.0000000 0.0398892 0.0760310 0.0944198 0.0814698 0.0662685 0.3192097 0.3358205 0.3350797 0.3477522 0.3554507 0.3692932 0.3548696 0.3486310 
taxon7     0.0502089 0.0559799 0.0505327 0.0297403 0.0297819 0.0147396 0.0398892 0.0000000 0.0653059 0.0886239 0.0759057 0.0452009 0.2963320 0.2979030 0.2972435 0.3169006 0.3243637 0.3378089 0.3393469 0.3331668 
taxon8     0.0505610 0.0869026 0.0874476 0.0503032 0.0561164 0.0499282 0.0760310 0.0653059 0.0000000 0.0461274 0.0500114 0.0452653 0.3310062 0.3417807 0.3603248 0.3317430 0.3396983 0.3294769 0.3549182 0.3486936 
taxon9     0.0567586 0.1003271 0.0943469 0.0793139 0.0731014 0.0725534 0.0944198 0.0886239 0.0461274 0.0000000 0.0250117 0.0678737 0.3546711 0.3547814 0.3850643 0.3730395 0.3672857 0.3928520 0.3735088 0.3671886 
taxon10    0.0557629 0.0871481 0.0925686 0.0715865 0.0716870 0.0603504 0.0814698 0.0759057 0.0500114 0.0250117 0.0000000 0.0664931 0.3319247 0.3487013 0.3613120 0.3667396 0.3610493 0.3748922 0.3600660 0.3538440 
taxon11    0.0455440 0.0672390 0.0723540 0.0453080 0.0453718 0.0401678 0.0662685 0.0452009 0.0452653 0.0678737 0.0664931 0.0000000 0.3125336 0.3289949 0.3282690 0.3194583 0.3269731 0.3405079 0.3420653 0.3358495 
taxon12    0.3046803 0.3022444 0.3062311 0.2769589 0.2773690 0.2901623 0.3192097 0.2963320 0.3310062 0.3546711 0.3319247 0.3125336 0.0000000 0.0147960 0.0349595 0.0704862 0.0600416 0.0754756 0.0757975 0.0707463 
taxon13    0.3150965 0.3038365 0.3063439 0.2869999 0.2774818 0.3061846 0.3358205 0.2979030 0.3417807 0.3547814 0.3487013 0.3289949 0.0147960 0.0000000 0.0296702 0.0705353 0.0600846 0.0816740 0.0758495 0.0707957 
taxon14    0.3334172 0.3031673 0.3219279 0.3051138 0.3055650 0.3055057 0.3350797 0.2972435 0.3603248 0.3850643 0.3613120 0.3282690 0.0349595 0.0296702 0.0000000 0.0812857 0.0922631 0.1027416 0.1031815 0.0980269 
taxon15    0.3328875 0.3230203 0.3088333 0.3044855 0.2948201 0.3106727 0.3477522 0.3169006 0.3317430 0.3730395 0.3667396 0.3194583 0.0704862 0.0705353 0.0812857 0.0000000 0.0343508 0.0397784 0.0444420 0.0395046 
taxon16    0.3272483 0.3305025 0.3162364 0.2988751 0.2892514 0.3181147 0.3554507 0.3243637 0.3396983 0.3672857 0.3610493 0.3269731 0.0600416 0.0600846 0.0922631 0.0343508 0.0000000 0.0396020 0.0343145 0.0294129 
taxon17    0.3306156 0.3439754 0.3402111 0.3023511 0.3126042 0.3315293 0.3692932 0.3378089 0.3294769 0.3928520 0.3748922 0.3405079 0.0754756 0.0816740 0.1027416 0.0397784 0.0396020 0.0000000 0.0345503 0.0296175 
taxon18    0.3332409 0.3455373 0.3310833 0.3135736 0.3037409 0.3330426 0.3548696 0.3393469 0.3549182 0.3735088 0.3600660 0.3420653 0.0757975 0.0758495 0.1031815 0.0444420 0.0343145 0.0345503 0.0000000 0.0048063 
taxon19    0.3270740 0.3393570 0.3249315 0.3074244 0.2976461 0.3268639 0.3486310 0.3331668 0.3486936 0.3671886 0.3538440 0.3358495 0.0707463 0.0707957 0.0980269 0.0395046 0.0294129 0.0296175 0.0048063 0.0000000 
