20
taxon0     0.0000000 0.0391104 0.0444100 0.0813228 0.0709357 0.1147156 0.0927334 0.0993857 0.1045957 0.0978823 0.0873072 0.2952749 0.2703748 0.3246105 0.3159640 0.3061893 0.3338521 0.3449649 0.2997791 0.3222514 
taxon1     0.0391104 0.0000000 0.0048537 0.0810044 0.0813768 0.1036251 0.0923666 0.0989868 0.1041758 0.0974935 0.0979493 0.3220639 0.2964462 0.3249889 0.3012687 0.3065422 0.3342373 0.3298382 0.3130132 0.3438119 
taxon2     0.0444100 0.0048537 0.0000000 0.0868710 0.0872739 0.1097982 0.0983869 0.1051528 0.1103856 0.0915516 0.0919758 0.3130515 0.3053590 0.3343960 0.3103355 0.3156277 0.3436599 0.3207156 0.3042839 0.3345542 
taxon3     0.0813228 0.0810044 0.0868710 0.0000000 0.0096122 0.0345910 0.0198388 0.0247019 0.0296344 0.0340593 0.0342094 0.2833217 0.2721893 0.3126645 0.2894702 0.2946984 0.3171271 0.3127229 0.2939933 0.3439648 
taxon4     0.0709357 0.0813768 0.0872739 0.0096122 0.0000000 0.0448573 0.0300100 0.0248123 0.0297668 0.0342096 0.0243612 0.2703895 0.2594825 0.2993840 0.2910480 0.2817300 0.3038623 0.3144565 0.2810662 0.3303406 
taxon5     0.1147156 0.1036251 0.1097982 0.0345910 0.0448573 0.0000000 0.0339028 0.0289133 0.0337361 0.0547968 0.0651308 0.3091632 0.3107936 0.3210647 0.2976636 0.3210904 0.3062080 0.3112155 0.3151080 0.3662258 
taxon6     0.0927334 0.0923666 0.0983869 0.0198388 0.0300100 0.0339028 0.0000000 0.0241946 0.0290357 0.0500320 0.0502583 0.3174705 0.3055932 0.3290913 0.3054758 0.3290994 0.3426850 0.3350996 0.2908831 0.3400345 
taxon7     0.0993857 0.0989868 0.1051528 0.0247019 0.0248123 0.0289133 0.0241946 0.0000000 0.0047533 0.0347131 0.0448807 0.2907725 0.2793634 0.3022528 0.2792572 0.3023177 0.3155941 0.3207568 0.2838319 0.3333140 
taxon8     0.1045957 0.1041758 0.1103856 0.0296344 0.0297668 0.0337361 0.0290357 0.0047533 0.0000000 0.0396631 0.0498573 0.2968376 0.2853448 0.3083252 0.2852365 0.3083777 0.3216953 0.3269318 0.2897775 0.3394827 
taxon9     0.0978823 0.0974935 0.0915516 0.0340593 0.0342096 0.0547968 0.0500320 0.0347131 0.0396631 0.0000000 0.0095709 0.2886481 0.2946508 0.3267613 0.3031977 0.3178203 0.3248575 0.3181304 0.2902396 0.3395786 
taxon10    0.0873072 0.0979493 0.0919758 0.0342094 0.0243612 0.0651308 0.0502583 0.0448807 0.0498573 0.0095709 0.0000000 0.2881728 0.2941646 0.3262089 0.3176241 0.3172882 0.3243107 0.3328189 0.2897675 0.3390040 
taxon11    0.2952749 0.3220639 0.3130515 0.2833217 0.2703895 0.3091632 0.3174705 0.2907725 0.2968376 0.2886481 0.2881728 0.0000000 0.0301879 0.0791418 0.0902866 0.0887905 0.0840629 0.0843939 0.0613956 0.0675056 
taxon12    0.2703748 0.2964462 0.3053590 0.2721893 0.2594825 0.3107936 0.3055932 0.2793634 0.2853448 0.2946508 0.2941646 0.0301879 0.0000000 0.0561400 0.0667912 0.0721365 0.0819756 0.0942965 0.0607474 0.0623179 
taxon13    0.3246105 0.3249889 0.3343960 0.3126645 0.2993840 0.3210647 0.3290913 0.3022528 0.3083252 0.3267613 0.3262089 0.0791418 0.0561400 0.0000000 0.0296538 0.0453366 0.0498529 0.0716792 0.0826777 0.0841593 
taxon14    0.3159640 0.3012687 0.3103355 0.2894702 0.2910480 0.2976636 0.3054758 0.2792572 0.2852365 0.3031977 0.3176241 0.0902866 0.0667912 0.0296538 0.0000000 0.0353350 0.0396625 0.0509111 0.0822119 0.1003219 
taxon15    0.3061893 0.3065422 0.3156277 0.2946984 0.2817300 0.3210904 0.3290994 0.3023177 0.3083777 0.3178203 0.3172882 0.0887905 0.0721365 0.0453366 0.0353350 0.0000000 0.0608866 0.0558552 0.0998502 0.1253248 
taxon16    0.3338521 0.3342373 0.3436599 0.3171271 0.3038623 0.3062080 0.3426850 0.3155941 0.3216953 0.3248575 0.3243107 0.0840629 0.0819756 0.0498529 0.0396625 0.0608866 0.0000000 0.0453351 0.0826425 0.1062550 
taxon17    0.3449649 0.3298382 0.3207156 0.3127229 0.3144565 0.3112155 0.3350996 0.3207568 0.3269318 0.3181304 0.3328189 0.0843939 0.0942965 0.0716792 0.0509111 0.0558552 0.0453351 0.0000000 0.0992196 0.1359517 
taxon18    0.2997791 0.3130132 0.3042839 0.2939933 0.2810662 0.3151080 0.2908831 0.2838319 0.2897775 0.2902396 0.2897675 0.0613956 0.0607474 0.0826777 0.0822119 0.0998502 0.0826425 0.0992196 0.0000000 0.0348555 
taxon19    0.3222514 0.3438119 0.3345542 0.3439648 0.3303406 0.3662258 0.3400345 0.3333140 0.3394827 0.3395786 0.3390040 0.0675056 0.0623179 0.0841593 0.1003219 0.1253248 0.1062550 0.1359517 0.0348555 0.0000000 
