20
taxon0     0.0000000 0.0252720 0.0254956 0.0306853 0.0622800 0.0568179 0.0680450 0.0676426 0.0833989 0.0857979 0.0810342 0.0914939 0.2812518 0.2764300 0.2588947 0.2706572 0.2665884 0.2668735 0.2626764 0.2465978 
taxon1     0.0252720 0.0000000 0.0409156 0.0356816 0.0566588 0.0457366 0.0566447 0.0564869 0.0883248 0.0853936 0.1030637 0.1024191 0.3135911 0.2851645 0.2773044 0.2927251 0.2984390 0.2987710 0.2946875 0.2780394 
taxon2     0.0254956 0.0409156 0.0000000 0.0151585 0.0680634 0.0625276 0.0739219 0.0734835 0.0893824 0.0919495 0.0983355 0.0977126 0.3028397 0.2978474 0.2799125 0.2748915 0.2708177 0.2711072 0.2669476 0.2508827 
taxon3     0.0306853 0.0356816 0.0151585 0.0000000 0.0732659 0.0677060 0.0791629 0.0897657 0.0838310 0.0916474 0.1095786 0.1088936 0.3233605 0.3182130 0.2929490 0.2817783 0.2905619 0.2908811 0.2797759 0.2575965 
taxon4     0.0622800 0.0566588 0.0680634 0.0732659 0.0000000 0.0305211 0.0307567 0.0515910 0.0566047 0.0690445 0.0976971 0.0970810 0.2885147 0.2829388 0.2652983 0.3047835 0.3004624 0.3007996 0.2966987 0.2937767 
taxon5     0.0568179 0.0457366 0.0625276 0.0677060 0.0305211 0.0000000 0.0201620 0.0405877 0.0673574 0.0742376 0.0871655 0.0910361 0.3021853 0.2698634 0.2661351 0.2912103 0.3013444 0.3016831 0.2975834 0.2946535 
taxon6     0.0680450 0.0566447 0.0739219 0.0791629 0.0307567 0.0201620 0.0000000 0.0408973 0.0787557 0.0748106 0.1037524 0.1031003 0.3104496 0.2776639 0.2820475 0.2992649 0.3012184 0.3015572 0.3066585 0.3036470 
taxon7     0.0676426 0.0564869 0.0734835 0.0897657 0.0515910 0.0405877 0.0408973 0.0000000 0.0780760 0.0743894 0.1031349 0.0908550 0.3115706 0.2841109 0.2657207 0.2907771 0.2867323 0.2870473 0.2980353 0.2950979 
taxon8     0.0833989 0.0883248 0.0893824 0.0838310 0.0566047 0.0673574 0.0787557 0.0780760 0.0000000 0.0576639 0.0857359 0.0738621 0.2749606 0.2827640 0.2288987 0.2610659 0.2561861 0.2564528 0.2598537 0.2513857 
taxon9     0.0857979 0.0853936 0.0919495 0.0916474 0.0690445 0.0742376 0.0748106 0.0743894 0.0576639 0.0000000 0.0357793 0.0355456 0.2978009 0.2832944 0.2659521 0.2902815 0.2884029 0.2887226 0.2767399 0.2748339 
taxon10    0.0810342 0.1030637 0.0983355 0.1095786 0.0976971 0.0871655 0.1037524 0.1031349 0.0857359 0.0357793 0.0000000 0.0305797 0.3080103 0.2932301 0.2755394 0.2859935 0.2983898 0.2987267 0.2865917 0.2846221 
taxon11    0.0914939 0.1024191 0.0977126 0.1088936 0.0970810 0.0910361 0.1031003 0.0908550 0.0738621 0.0355456 0.0305797 0.0000000 0.3130264 0.2982171 0.2657719 0.2759953 0.2882197 0.2885380 0.2915863 0.2895992 
taxon12    0.2812518 0.3135911 0.3028397 0.3233605 0.2885147 0.3021853 0.3104496 0.3115706 0.2749606 0.2978009 0.3080103 0.3130264 0.0000000 0.0264404 0.0797734 0.1111202 0.0850263 0.0850936 0.0864769 0.0917100 
taxon13    0.2764300 0.2851645 0.2978474 0.3182130 0.2829388 0.2698634 0.2776639 0.2841109 0.2827640 0.2832944 0.2932301 0.2982171 0.0264404 0.0000000 0.0647445 0.0905380 0.0810321 0.0810964 0.0824267 0.0876917 
taxon14    0.2588947 0.2773044 0.2799125 0.2929490 0.2652983 0.2661351 0.2820475 0.2657207 0.2288987 0.2659521 0.2755394 0.2657719 0.0797734 0.0647445 0.0000000 0.0532896 0.0464026 0.0464368 0.0576353 0.0629944 
taxon15    0.2706572 0.2927251 0.2748915 0.2817783 0.3047835 0.2912103 0.2992649 0.2907771 0.2610659 0.2902815 0.2859935 0.2759953 0.1111202 0.0905380 0.0532896 0.0000000 0.0315855 0.0316087 0.0537543 0.0644817 
taxon16    0.2665884 0.2984390 0.2708177 0.2905619 0.3004624 0.3013444 0.3012184 0.2867323 0.2561861 0.2884029 0.2983898 0.2882197 0.0850263 0.0810321 0.0464026 0.0315855 0.0000000 0.0099732 0.0413728 0.0569158 
taxon17    0.2668735 0.2987710 0.2711072 0.2908811 0.3007996 0.3016831 0.3015572 0.2870473 0.2564528 0.2887226 0.2987267 0.2885380 0.0850936 0.0810964 0.0464368 0.0316087 0.0099732 0.0000000 0.0414032 0.0569583 
taxon18    0.2626764 0.2946875 0.2669476 0.2797759 0.2966987 0.2975834 0.3066585 0.2980353 0.2598537 0.2767399 0.2865917 0.2915863 0.0864769 0.0824267 0.0576353 0.0537543 0.0413728 0.0414032 0.0000000 0.0311696 
taxon19    0.2465978 0.2780394 0.2508827 0.2575965 0.2937767 0.2946535 0.3036470 0.2950979 0.2513857 0.2748339 0.2846221 0.2895992 0.0917100 0.0876917 0.0629944 0.0644817 0.0569158 0.0569583 0.0311696 0.0000000 
