20
taxon0     0.0000000 0.0143942 0.2689723 0.2886707 0.2601728 0.3012804 0.3012804 0.2592968 0.2651348 0.2979091 0.2975699 0.3097222 0.3144293 0.3526440 0.3386847 0.3386084 0.3244128 0.3187155 0.3517779 0.3594250 
taxon1     0.0143942 0.0000000 0.2672119 0.2885422 0.2600489 0.2957129 0.2957129 0.2591735 0.2723404 0.2855583 0.2852396 0.2973946 0.3021525 0.3532291 0.3392618 0.3260834 0.3119705 0.3062722 0.3390581 0.3466470 
taxon2     0.2689723 0.2672119 0.0000000 0.0299499 0.0658836 0.0986423 0.0986423 0.0604153 0.0766439 0.0716725 0.0768960 0.0876966 0.1037453 0.1173558 0.1356405 0.1281768 0.1110277 0.1043542 0.1282010 0.1283219 
taxon3     0.2886707 0.2885422 0.0299499 0.0000000 0.0714985 0.1095277 0.1095277 0.0655652 0.0867320 0.0932694 0.0985809 0.0983110 0.1144578 0.1283622 0.1468342 0.1392398 0.1219470 0.1151296 0.1392578 0.1393895 
taxon4     0.2601728 0.2600489 0.0658836 0.0714985 0.0000000 0.0492177 0.0492177 0.0391611 0.0440971 0.0596368 0.0596035 0.0699667 0.0854182 0.0981575 0.1155839 0.1192725 0.1026941 0.0859058 0.1086060 0.1141027 
taxon5     0.3012804 0.2957129 0.0986423 0.1095277 0.0492177 0.0000000 0.0000010 0.0698512 0.0594859 0.0757570 0.0703629 0.0813577 0.0866293 0.0996040 0.1062647 0.0992936 0.0934419 0.0870976 0.1101322 0.1102339 
taxon6     0.3012804 0.2957129 0.0986423 0.1095277 0.0492177 0.0000010 0.0000000 0.0698512 0.0594859 0.0757570 0.0703629 0.0813577 0.0866293 0.0996040 0.1062647 0.0992936 0.0934419 0.0870976 0.1101322 0.1102339 
taxon7     0.2592968 0.2591735 0.0604153 0.0655652 0.0391611 0.0698512 0.0698512 0.0000000 0.0242174 0.0548437 0.0548134 0.0648440 0.0699792 0.1034090 0.0886222 0.0925230 0.0868079 0.0703521 0.0925846 0.0980024 
taxon8     0.2651348 0.2723404 0.0766439 0.0867320 0.0440971 0.0594859 0.0594859 0.0242174 0.0000000 0.0704460 0.0653848 0.0805440 0.0857634 0.1200170 0.1051762 0.1089568 0.1030797 0.0862228 0.1090168 0.1145359 
taxon9     0.2979091 0.2855583 0.0716725 0.0932694 0.0596368 0.0757570 0.0757570 0.0548437 0.0704460 0.0000000 0.0097110 0.0393371 0.0543768 0.0712606 0.0722233 0.0710355 0.0552721 0.0445804 0.0659338 0.0607280 
taxon10    0.2975699 0.2852396 0.0768960 0.0985809 0.0596035 0.0703629 0.0703629 0.0548134 0.0653848 0.0097110 0.0000000 0.0393166 0.0543470 0.0764440 0.0721801 0.0762094 0.0603759 0.0445566 0.0658956 0.0711593 
taxon11    0.3097222 0.2973946 0.0876966 0.0983110 0.0699667 0.0813577 0.0813577 0.0648440 0.0805440 0.0393371 0.0393166 0.0000000 0.0242944 0.0451309 0.0509252 0.0551530 0.0397261 0.0244303 0.0450319 0.0501696 
taxon12    0.3144293 0.3021525 0.1037453 0.1144578 0.0854182 0.0866293 0.0866293 0.0699792 0.0857634 0.0543768 0.0543470 0.0242944 0.0000000 0.0604711 0.0561197 0.0602915 0.0549076 0.0392939 0.0500774 0.0552337 
taxon13    0.3526440 0.3532291 0.1173558 0.1283622 0.0981575 0.0996040 0.0996040 0.1034090 0.1200170 0.0712606 0.0764440 0.0451309 0.0604711 0.0000000 0.0247372 0.0720132 0.0560530 0.0502879 0.0601215 0.0601744 
taxon14    0.3386847 0.3392618 0.1356405 0.1468342 0.1155839 0.1062647 0.1062647 0.0886222 0.1051762 0.0722233 0.0721801 0.0509252 0.0561197 0.0247372 0.0000000 0.0614704 0.0559828 0.0458188 0.0557657 0.0609967 
taxon15    0.3386084 0.3260834 0.1281768 0.1392398 0.1192725 0.0992936 0.0992936 0.0925230 0.1089568 0.0710355 0.0762094 0.0551530 0.0602915 0.0720132 0.0614704 0.0000000 0.0146370 0.0447677 0.0662055 0.0662646 
taxon16    0.3244128 0.3119705 0.1110277 0.1219470 0.1026941 0.0934419 0.0934419 0.0868079 0.1030797 0.0552721 0.0603759 0.0397261 0.0549076 0.0560530 0.0559828 0.0146370 0.0000000 0.0295585 0.0504450 0.0504896 
taxon17    0.3187155 0.3062722 0.1043542 0.1151296 0.0859058 0.0870976 0.0870976 0.0703521 0.0862228 0.0445804 0.0445566 0.0244303 0.0392939 0.0502879 0.0458188 0.0447677 0.0295585 0.0000000 0.0197485 0.0247501 
taxon18    0.3517779 0.3390581 0.1282010 0.1392578 0.1086060 0.1101322 0.1101322 0.0925846 0.1090168 0.0659338 0.0658956 0.0450319 0.0500774 0.0601215 0.0557657 0.0662055 0.0504450 0.0197485 0.0000000 0.0048390 
taxon19    0.3594250 0.3466470 0.1283219 0.1393895 0.1141027 0.1102339 0.1102339 0.0980024 0.1145359 0.0607280 0.0711593 0.0501696 0.0552337 0.0601744 0.0609967 0.0662646 0.0504896 0.0247501 0.0048390 0.0000000 
