20
taxon0     0.0000000 0.0198597 0.0199122 0.0149162 0.0149728 0.0099409 0.0099409 0.0201109 0.0099235 0.0352231 0.0249869 0.0249869 0.0198764 0.0249256 0.0958649 0.1071267 0.1189075 0.0893916 0.1007823 0.1064205 
taxon1     0.0198597 0.0000000 0.0198558 0.0350424 0.0351759 0.0300254 0.0300254 0.0404975 0.0299731 0.0351656 0.0452862 0.0452862 0.0400258 0.0451762 0.1179910 0.1180988 0.1073699 0.1000983 0.1116045 0.1061113 
taxon2     0.0199122 0.0198558 0.0000000 0.0351333 0.0352675 0.0301040 0.0301040 0.0300842 0.0300514 0.0455016 0.0454022 0.0454022 0.0401287 0.0452916 0.1182729 0.1183810 0.1188432 0.1003406 0.1118719 0.1063677 
taxon3     0.0149162 0.0350424 0.0351333 0.0000000 0.0099183 0.0049389 0.0049389 0.0200754 0.0099065 0.0351615 0.0249435 0.0249435 0.0198421 0.0248825 0.1013538 0.1069263 0.1127451 0.0835808 0.0948467 0.1004293 
taxon4     0.0149728 0.0351759 0.0352675 0.0099183 0.0000000 0.0049569 0.0049569 0.0151281 0.0099439 0.0302742 0.0250384 0.0250384 0.0199172 0.0249769 0.1017599 0.1073552 0.1131988 0.0839101 0.0952238 0.1008285 
taxon5     0.0099409 0.0300254 0.0301040 0.0049389 0.0049569 0.0000000 0.0000010 0.0150522 0.0049509 0.0301280 0.0199482 0.0199482 0.0148766 0.0198992 0.0959909 0.1015499 0.1073432 0.0783315 0.0895497 0.0951117 
taxon6     0.0099409 0.0300254 0.0301040 0.0049389 0.0049569 0.0000010 0.0000000 0.0150522 0.0049509 0.0301280 0.0199482 0.0199482 0.0148766 0.0198992 0.0959909 0.1015499 0.1073432 0.0783315 0.0895497 0.0951117 
taxon7     0.0201109 0.0404975 0.0300842 0.0200754 0.0151281 0.0150522 0.0150522 0.0000000 0.0100076 0.0250600 0.0251976 0.0251976 0.0200442 0.0251361 0.1079101 0.1080444 0.1255041 0.0955509 0.1070979 0.1128084 
taxon8     0.0099235 0.0299731 0.0300514 0.0099065 0.0099439 0.0049509 0.0049509 0.0100076 0.0000000 0.0250380 0.0149204 0.0149204 0.0098908 0.0148837 0.0958193 0.0959400 0.1130497 0.0838023 0.0951009 0.1006979 
taxon9     0.0352231 0.0351656 0.0455016 0.0351615 0.0302742 0.0301280 0.0301280 0.0250600 0.0250380 0.0000000 0.0199439 0.0199439 0.0199847 0.0250612 0.1241986 0.1129910 0.1191099 0.1115734 0.1232729 0.1177158 
taxon10    0.0249869 0.0452862 0.0454022 0.0249435 0.0250384 0.0199482 0.0199482 0.0251976 0.0149204 0.0199439 0.0000000 0.0000010 0.0099247 0.0149346 0.1125968 0.1127347 0.1301413 0.1002368 0.1117569 0.1174504 
taxon11    0.0249869 0.0452862 0.0454022 0.0249435 0.0250384 0.0199482 0.0199482 0.0251976 0.0149204 0.0199439 0.0000010 0.0000000 0.0099247 0.0149346 0.1125968 0.1127347 0.1301413 0.1002368 0.1117569 0.1174504 
taxon12    0.0198764 0.0400258 0.0401287 0.0198421 0.0199172 0.0148766 0.0148766 0.0200442 0.0098908 0.0199847 0.0099247 0.0099247 0.0000000 0.0049183 0.1066173 0.1067489 0.1239967 0.0944166 0.1058229 0.1114646 
taxon13    0.0249256 0.0451762 0.0452916 0.0248825 0.0249769 0.0198992 0.0198992 0.0251361 0.0148837 0.0250612 0.0149346 0.0149346 0.0049183 0.0000000 0.1123204 0.1124578 0.1298224 0.0999924 0.1114839 0.1171636 
taxon14    0.0958649 0.1179910 0.1182729 0.1013538 0.1017599 0.0959909 0.0959909 0.1079101 0.0958193 0.1241986 0.1125968 0.1125968 0.1066173 0.1123204 0.0000000 0.0150821 0.0355811 0.0567815 0.0461453 0.0618526 
taxon15    0.1071267 0.1180988 0.1183810 0.1069263 0.1073552 0.1015499 0.1015499 0.1080444 0.0959400 0.1129910 0.1127347 0.1127347 0.1067489 0.1124578 0.0150821 0.0000000 0.0252269 0.0566260 0.0460193 0.0511566 
taxon16    0.1189075 0.1073699 0.1188432 0.1127451 0.1131988 0.1073432 0.1073432 0.1255041 0.1130497 0.1191099 0.1301413 0.1301413 0.1239967 0.1298224 0.0355811 0.0252269 0.0000000 0.0618514 0.0511977 0.0459986 
taxon17    0.0893916 0.1000983 0.1003406 0.0835808 0.0839101 0.0783315 0.0783315 0.0955509 0.0838023 0.1115734 0.1002368 0.1002368 0.0944166 0.0999924 0.0567815 0.0566260 0.0618514 0.0000000 0.0099518 0.0250065 
taxon18    0.1007823 0.1116045 0.1118719 0.0948467 0.0952238 0.0895497 0.0895497 0.1070979 0.0951009 0.1232729 0.1117569 0.1117569 0.1058229 0.1114839 0.0461453 0.0460193 0.0511977 0.0099518 0.0000000 0.0149046 
taxon19    0.1064205 0.1061113 0.1063677 0.1004293 0.1008285 0.0951117 0.0951117 0.1128084 0.1006979 0.1177158 0.1174504 0.1174504 0.1114646 0.1171636 0.0618526 0.0511566 0.0459986 0.0250065 0.0149046 0.0000000 
