20
taxon0     0.0000000 0.1118569 0.1811626 0.1518305 0.1516780 0.3920109 0.3755473 0.3753369 0.4060444 0.3853313 0.3863546 0.3522610 0.3578909 0.3959135 0.3199671 0.3134192 0.3760073 0.3689429 0.3491990 0.3600574 
taxon1     0.1118569 0.0000000 0.1713305 0.2031105 0.2091407 0.4280461 0.4331606 0.3962501 0.4038517 0.3659784 0.4107333 0.4119277 0.4344926 0.4169351 0.3674782 0.3659098 0.3905692 0.3899250 0.3917611 0.3891116 
taxon2     0.1811626 0.1713305 0.0000000 0.2316016 0.2200170 0.4221942 0.4144647 0.4064898 0.3872029 0.4125681 0.4231611 0.4683813 0.4758835 0.4706856 0.4049128 0.3871147 0.4460642 0.4399650 0.4572855 0.4502602 
taxon3     0.1518305 0.2031105 0.2316016 0.0000000 0.0296793 0.3572668 0.3440653 0.3495898 0.3463303 0.3367866 0.3636473 0.3490846 0.3562845 0.3945173 0.2950825 0.3004054 0.3702835 0.3471029 0.3555664 0.3536929 
taxon4     0.1516780 0.2091407 0.2200170 0.0296793 0.0000000 0.3479960 0.3197233 0.3550911 0.3512876 0.3518131 0.3574835 0.3386784 0.3327346 0.3840566 0.2931398 0.2994737 0.3741546 0.3565073 0.3532144 0.3588404 
taxon5     0.3920109 0.4280461 0.4221942 0.3572668 0.3479960 0.0000000 0.0958889 0.1124557 0.1410595 0.1521742 0.1298598 0.1229290 0.1229540 0.1969384 0.1190440 0.1331538 0.1347698 0.1568427 0.1145941 0.1180740 
taxon6     0.3755473 0.4331606 0.4144647 0.3440653 0.3197233 0.0958889 0.0000000 0.0712313 0.1098312 0.1944392 0.1547145 0.1357010 0.1409448 0.2038664 0.1140766 0.1342661 0.1478045 0.1804220 0.1372884 0.1636122 
taxon7     0.3753369 0.3962501 0.4064898 0.3495898 0.3550911 0.1124557 0.0712313 0.0000000 0.0856973 0.1465192 0.1485459 0.1481346 0.1686896 0.2075982 0.1238455 0.1578460 0.1403901 0.1910536 0.1423337 0.1731924 
taxon8     0.4060444 0.4038517 0.3872029 0.3463303 0.3512876 0.1410595 0.1098312 0.0856973 0.0000000 0.1989790 0.1846154 0.1960931 0.2068163 0.2079715 0.1713985 0.1880149 0.1995975 0.1765034 0.1834471 0.1747442 
taxon9     0.3853313 0.3659784 0.4125681 0.3367866 0.3518131 0.1521742 0.1944392 0.1465192 0.1989790 0.0000000 0.0806513 0.1615903 0.1879619 0.2042161 0.1252537 0.1592916 0.1356852 0.1799317 0.1327260 0.1525796 
taxon10    0.3863546 0.4107333 0.4231611 0.3636473 0.3574835 0.1298598 0.1547145 0.1485459 0.1846154 0.0806513 0.0000000 0.1275857 0.1491438 0.1966181 0.1153418 0.1481953 0.1478903 0.1691115 0.1091003 0.1502408 
taxon11    0.3522610 0.4119277 0.4683813 0.3490846 0.3386784 0.1229290 0.1357010 0.1481346 0.1960931 0.1615903 0.1275857 0.0000000 0.0453684 0.1375950 0.0868197 0.1025419 0.1138631 0.1475064 0.0932740 0.1327620 
taxon12    0.3578909 0.4344926 0.4758835 0.3562845 0.3327346 0.1229540 0.1409448 0.1686896 0.2068163 0.1879619 0.1491438 0.0453684 0.0000000 0.1407819 0.0856533 0.0965601 0.1355256 0.1581752 0.1154923 0.1320925 
taxon13    0.3959135 0.4169351 0.4706856 0.3945173 0.3840566 0.1969384 0.2038664 0.2075982 0.2079715 0.2042161 0.1966181 0.1375950 0.1407819 0.0000000 0.1390741 0.1610164 0.2014044 0.2082422 0.1826639 0.1568718 
taxon14    0.3199671 0.3674782 0.4049128 0.2950825 0.2931398 0.1190440 0.1140766 0.1238455 0.1713985 0.1252537 0.1153418 0.0868197 0.0856533 0.1390741 0.0000000 0.0649750 0.1130668 0.1281036 0.0925464 0.1149667 
taxon15    0.3134192 0.3659098 0.3871147 0.3004054 0.2994737 0.1331538 0.1342661 0.1578460 0.1880149 0.1592916 0.1481953 0.1025419 0.0965601 0.1610164 0.0649750 0.0000000 0.1405418 0.1659623 0.1191422 0.1299166 
taxon16    0.3760073 0.3905692 0.4460642 0.3702835 0.3741546 0.1347698 0.1478045 0.1403901 0.1995975 0.1356852 0.1478903 0.1138631 0.1355256 0.2014044 0.1130668 0.1405418 0.0000000 0.1231789 0.0766514 0.1235242 
taxon17    0.3689429 0.3899250 0.4399650 0.3471029 0.3565073 0.1568427 0.1804220 0.1910536 0.1765034 0.1799317 0.1691115 0.1475064 0.1581752 0.2082422 0.1281036 0.1659623 0.1231789 0.0000000 0.0856030 0.1339927 
taxon18    0.3491990 0.3917611 0.4572855 0.3555664 0.3532144 0.1145941 0.1372884 0.1423337 0.1834471 0.1327260 0.1091003 0.0932740 0.1154923 0.1826639 0.0925464 0.1191422 0.0766514 0.0856030 0.0000000 0.1035877 
taxon19    0.3600574 0.3891116 0.4502602 0.3536929 0.3588404 0.1180740 0.1636122 0.1731924 0.1747442 0.1525796 0.1502408 0.1327620 0.1320925 0.1568718 0.1149667 0.1299166 0.1235242 0.1339927 0.1035877 0.0000000 
