20
taxon0     0.0000000 0.0509865 0.0514259 0.0620428 0.0728760 0.0350048 0.0298986 0.0938184 0.0558043 0.1408278 0.1482927 0.1380398 0.1403352 0.1225938 0.1481321 0.1233383 0.1289519 0.1361031 0.1590623 0.1533835 
taxon1     0.0509865 0.0000000 0.0457119 0.0620165 0.0722616 0.0353913 0.0454665 0.0835296 0.0560943 0.1341236 0.1471871 0.1415531 0.1400962 0.1223848 0.1465458 0.1342382 0.1398798 0.1371493 0.1470393 0.1391039 
taxon2     0.0514259 0.0457119 0.0000000 0.0199315 0.0298598 0.0304657 0.0405148 0.0961839 0.0566634 0.1481622 0.1317068 0.1348795 0.1286199 0.1111463 0.1405259 0.1296875 0.1353500 0.1328239 0.1505232 0.1421762 
taxon3     0.0620428 0.0620165 0.0199315 0.0000000 0.0252318 0.0412319 0.0567940 0.0952755 0.0563000 0.1546264 0.1451334 0.1300794 0.1414423 0.1235641 0.1600723 0.1490159 0.1548213 0.1508885 0.1573410 0.1433877 
taxon4     0.0728760 0.0722616 0.0298598 0.0252318 0.0000000 0.0514646 0.0616436 0.1185713 0.0731585 0.1667926 0.1424607 0.1417939 0.1410087 0.1341747 0.1707672 0.1596903 0.1655214 0.1618805 0.1683721 0.1482172 
taxon5     0.0350048 0.0353913 0.0304657 0.0412319 0.0514646 0.0000000 0.0246716 0.0832303 0.0403397 0.1341787 0.1352562 0.1301243 0.1287114 0.1112254 0.1470962 0.1224873 0.1280614 0.1183105 0.1463079 0.1462576 
taxon6     0.0298986 0.0454665 0.0405148 0.0567940 0.0616436 0.0246716 0.0000000 0.0778039 0.0399926 0.1396384 0.1351175 0.1295372 0.1336393 0.1161521 0.1353884 0.1111745 0.1166904 0.1299555 0.1527219 0.1413610 
taxon7     0.0938184 0.0835296 0.0961839 0.0952755 0.1185713 0.0832303 0.0778039 0.0000000 0.0399692 0.1603616 0.2074254 0.1925609 0.1996305 0.1802347 0.1827387 0.1751378 0.1811166 0.1918716 0.1784535 0.1793657 
taxon8     0.0558043 0.0560943 0.0566634 0.0563000 0.0731585 0.0403397 0.0399926 0.0399692 0.0000000 0.1237279 0.1610416 0.1426230 0.1491789 0.1309780 0.1667131 0.1362649 0.1419732 0.1540340 0.1601038 0.1536717 
taxon9     0.1408278 0.1341236 0.1481622 0.1546264 0.1667926 0.1341787 0.1396384 0.1603616 0.1237279 0.0000000 0.0502737 0.0569153 0.0561040 0.0510523 0.0608793 0.0452977 0.0504236 0.0503789 0.0453729 0.0398686 
taxon10    0.1482927 0.1471871 0.1317068 0.1451334 0.1424607 0.1352562 0.1351175 0.2074254 0.1610416 0.0502737 0.0000000 0.0406958 0.0456336 0.0406020 0.0560801 0.0506860 0.0558572 0.0355298 0.0461260 0.0357021 
taxon11    0.1380398 0.1415531 0.1348795 0.1300794 0.1417939 0.1301243 0.1295372 0.1925609 0.1426230 0.0569153 0.0406958 0.0000000 0.0347041 0.0297722 0.0453239 0.0403735 0.0455017 0.0455553 0.0560453 0.0453266 
taxon12    0.1403352 0.1400962 0.1286199 0.1414423 0.1410087 0.1287114 0.1336393 0.1996305 0.1491789 0.0561040 0.0456336 0.0347041 0.0000000 0.0147685 0.0497732 0.0398617 0.0449276 0.0450645 0.0610268 0.0497702 
taxon13    0.1225938 0.1223848 0.1111463 0.1235641 0.1341747 0.1112254 0.1161521 0.1802347 0.1309780 0.0510523 0.0406020 0.0297722 0.0147685 0.0000000 0.0448330 0.0349104 0.0399709 0.0400922 0.0559960 0.0448303 
taxon14    0.1481321 0.1465458 0.1405259 0.1600723 0.1707672 0.1470962 0.1353884 0.1827387 0.1667131 0.0608793 0.0560801 0.0453239 0.0497732 0.0448330 0.0000000 0.0298634 0.0349016 0.0563184 0.0608321 0.0559275 
taxon15    0.1233383 0.1342382 0.1296875 0.1490159 0.1596903 0.1224873 0.1111745 0.1751378 0.1362649 0.0452977 0.0506860 0.0403735 0.0398617 0.0349104 0.0298634 0.0000000 0.0048607 0.0452965 0.0499483 0.0553279 
taxon16    0.1289519 0.1398798 0.1353500 0.1548213 0.1655214 0.1280614 0.1166904 0.1811166 0.1419732 0.0504236 0.0558572 0.0455017 0.0449276 0.0399709 0.0349016 0.0048607 0.0000000 0.0504216 0.0449311 0.0604706 
taxon17    0.1361031 0.1371493 0.1328239 0.1508885 0.1618805 0.1183105 0.1299555 0.1918716 0.1540340 0.0503789 0.0355298 0.0455553 0.0450645 0.0400922 0.0563184 0.0452965 0.0504216 0.0000000 0.0350356 0.0349932 
taxon18    0.1590623 0.1470393 0.1505232 0.1573410 0.1683721 0.1463079 0.1527219 0.1784535 0.1601038 0.0453729 0.0461260 0.0560453 0.0610268 0.0559960 0.0608321 0.0499483 0.0449311 0.0350356 0.0000000 0.0247870 
taxon19    0.1533835 0.1391039 0.1421762 0.1433877 0.1482172 0.1462576 0.1413610 0.1793657 0.1536717 0.0398686 0.0357021 0.0453266 0.0497702 0.0448303 0.0559275 0.0553279 0.0604706 0.0349932 0.0247870 0.0000000 
