20
taxon0     0.0000000 0.2048145 0.4438250 0.3797821 0.6480884 0.6638597 0.7450829 0.6617465 0.6022591 0.5356934 0.5562330 0.5786607 0.5936774 0.5696728 0.6086303 0.5817517 0.8049990 0.6313034 0.6541899 0.6928640 
taxon1     0.2048145 0.0000000 0.4086158 0.3907647 0.6277368 0.6716858 0.6989400 0.6260671 0.6237044 0.5406305 0.6106009 0.6162555 0.6119254 0.5960576 0.6134011 0.5935136 0.7391541 0.6239165 0.6468974 0.6895978 
taxon2     0.4438250 0.4086158 0.0000000 0.1267135 0.7230287 0.7718777 0.7670254 0.6992829 0.7269581 0.6689571 0.7224015 0.6853182 0.6805385 0.6825355 0.7013143 0.6600495 0.7621091 0.7208878 0.7664446 0.7819764 
taxon3     0.3797821 0.3907647 0.1267135 0.0000000 0.6626563 0.7134737 0.7579180 0.6742777 0.6301259 0.5677234 0.6293187 0.5948216 0.5999146 0.5815805 0.5988789 0.5829739 0.7460234 0.6295460 0.6957228 0.7151897 
taxon4     0.6480884 0.6277368 0.7230287 0.6626563 0.0000000 0.1542224 0.2055753 0.1686161 0.3406996 0.2290317 0.3368585 0.3496873 0.3783914 0.3906356 0.4133490 0.3162799 0.4375991 0.3255703 0.3168425 0.3450672 
taxon5     0.6638597 0.6716858 0.7718777 0.7134737 0.1542224 0.0000000 0.2480658 0.1871771 0.3984871 0.2678451 0.3526113 0.4315842 0.4351547 0.4650479 0.4653242 0.3585617 0.5027106 0.3951848 0.3593106 0.3845154 
taxon6     0.7450829 0.6989400 0.7670254 0.7579180 0.2055753 0.2480658 0.0000000 0.0783342 0.4295811 0.2934184 0.3908470 0.4623498 0.4575899 0.4499141 0.4261129 0.3456183 0.4873545 0.4023482 0.3501448 0.3658581 
taxon7     0.6617465 0.6260671 0.6992829 0.6742777 0.1686161 0.1871771 0.0783342 0.0000000 0.3706602 0.2369360 0.3248440 0.4076298 0.3981175 0.4017680 0.3788801 0.3016314 0.4077151 0.3438392 0.3348239 0.3461865 
taxon8     0.6022591 0.6237044 0.7269581 0.6301259 0.3406996 0.3984871 0.4295811 0.3706602 0.0000000 0.1074449 0.2251880 0.4035782 0.3768782 0.4337399 0.4569812 0.3456605 0.4667791 0.4213109 0.4108579 0.4540876 
taxon9     0.5356934 0.5406305 0.6689571 0.5677234 0.2290317 0.2678451 0.2934184 0.2369360 0.1074449 0.0000000 0.1021742 0.3184142 0.3002045 0.3366612 0.3497033 0.2453400 0.3866704 0.3067700 0.3026215 0.3404057 
taxon10    0.5562330 0.6106009 0.7224015 0.6293187 0.3368585 0.3526113 0.3908470 0.3248440 0.2251880 0.1021742 0.0000000 0.4318495 0.4241179 0.4252170 0.4192543 0.3357751 0.4793369 0.3957709 0.4113542 0.4283854 
taxon11    0.5786607 0.6162555 0.6853182 0.5948216 0.3496873 0.4315842 0.4623498 0.4076298 0.4035782 0.3184142 0.4318495 0.0000000 0.0733758 0.0990110 0.1223878 0.1874012 0.3473802 0.2588193 0.2724557 0.2671683 
taxon12    0.5936774 0.6119254 0.6805385 0.5999146 0.3783914 0.4351547 0.4575899 0.3981175 0.3768782 0.3002045 0.4241179 0.0733758 0.0000000 0.1126130 0.1368663 0.1739202 0.3333975 0.2863328 0.3035070 0.2982159 
taxon13    0.5696728 0.5960576 0.6825355 0.5815805 0.3906356 0.4650479 0.4499141 0.4017680 0.4337399 0.3366612 0.4252170 0.0990110 0.1126130 0.0000000 0.0299910 0.1726025 0.3315059 0.2633262 0.2813735 0.2899732 
taxon14    0.6086303 0.6134011 0.7013143 0.5988789 0.4133490 0.4653242 0.4261129 0.3788801 0.4569812 0.3497033 0.4192543 0.1223878 0.1368663 0.0299910 0.0000000 0.1818699 0.3283479 0.2700933 0.2883277 0.2970022 
taxon15    0.5817517 0.5935136 0.6600495 0.5829739 0.3162799 0.3585617 0.3456183 0.3016314 0.3456605 0.2453400 0.3357751 0.1874012 0.1739202 0.1726025 0.1818699 0.0000000 0.1780251 0.1456612 0.1586397 0.1478079 
taxon16    0.8049990 0.7391541 0.7621091 0.7460234 0.4375991 0.5027106 0.4873545 0.4077151 0.4667791 0.3866704 0.4793369 0.3473802 0.3333975 0.3315059 0.3283479 0.1780251 0.0000000 0.2190485 0.2539557 0.2496588 
taxon17    0.6313034 0.6239165 0.7208878 0.6295460 0.3255703 0.3951848 0.4023482 0.3438392 0.4213109 0.3067700 0.3957709 0.2588193 0.2863328 0.2633262 0.2700933 0.1456612 0.2190485 0.0000000 0.0778754 0.0827999 
taxon18    0.6541899 0.6468974 0.7664446 0.6957228 0.3168425 0.3593106 0.3501448 0.3348239 0.4108579 0.3026215 0.4113542 0.2724557 0.3035070 0.2813735 0.2883277 0.1586397 0.2539557 0.0778754 0.0000000 0.0299172 
taxon19    0.6928640 0.6895978 0.7819764 0.7151897 0.3450672 0.3845154 0.3658581 0.3461865 0.4540876 0.3404057 0.4283854 0.2671683 0.2982159 0.2899732 0.2970022 0.1478079 0.2496588 0.0827999 0.0299172 0.0000000 
