20
taxon0     0.0000000 0.0556785 0.0446954 0.0762948 0.0707970 0.0397775 0.0550235 0.2494065 0.2629384 0.2366153 0.2607463 0.2408166 0.2502704 0.2349781 0.2154840 0.2712463 0.2711777 0.2788650 0.2418042 0.2550503 
taxon1     0.0556785 0.0000000 0.0711171 0.0822123 0.0766287 0.0659515 0.0502121 0.2509207 0.2645131 0.2448765 0.2485135 0.2354704 0.2587006 0.2698853 0.2496926 0.2874945 0.2657704 0.2675391 0.2630952 0.2625850 
taxon2     0.0446954 0.0711171 0.0000000 0.0295535 0.0344977 0.0243530 0.0292924 0.2414610 0.2547907 0.2422996 0.2596354 0.2464675 0.2422850 0.2534055 0.2337044 0.2759790 0.2630190 0.2705805 0.2466409 0.2531018 
taxon3     0.0762948 0.0822123 0.0295535 0.0000000 0.0242793 0.0446242 0.0395178 0.2200735 0.2330507 0.2079719 0.2409406 0.2279813 0.2079630 0.2377231 0.2313316 0.2677799 0.2471319 0.2544992 0.2180778 0.2243081 
taxon4     0.0707970 0.0766287 0.0344977 0.0242793 0.0000000 0.0394434 0.0343850 0.2455275 0.2588283 0.2199934 0.2532540 0.2401823 0.2332328 0.2440885 0.2376614 0.2884413 0.2669840 0.2745353 0.2375678 0.2439293 
taxon5     0.0397775 0.0659515 0.0243530 0.0446242 0.0394434 0.0000000 0.0243783 0.2487845 0.2622508 0.2360507 0.2533397 0.2402367 0.2496420 0.2606875 0.2408178 0.2781501 0.2650634 0.2726833 0.2406480 0.2470838 
taxon6     0.0550235 0.0502121 0.0292924 0.0395178 0.0343850 0.0243783 0.0000000 0.2419075 0.2552723 0.2292479 0.2464562 0.2334468 0.2427343 0.2537342 0.2340044 0.2850140 0.2635148 0.2710973 0.2470991 0.2535771 
taxon7     0.2494065 0.2509207 0.2414610 0.2200735 0.2455275 0.2487845 0.2419075 0.0000000 0.0148284 0.0248239 0.0454173 0.0402304 0.0248250 0.0777869 0.0617399 0.0847191 0.0829401 0.0827520 0.0616556 0.0722784 
taxon8     0.2629384 0.2645131 0.2547907 0.2330507 0.2588283 0.2622508 0.2552723 0.0148284 0.0000000 0.0299448 0.0507292 0.0454964 0.0299460 0.0834221 0.0672445 0.0904881 0.0829402 0.0827519 0.0671505 0.0778579 
taxon9     0.2366153 0.2448765 0.2422996 0.2079719 0.2199934 0.2360507 0.2292479 0.0248239 0.0299448 0.0000000 0.0301301 0.0149502 0.0098994 0.0513703 0.0461325 0.0796594 0.0779703 0.0777934 0.0461053 0.0566197 
taxon10    0.2607463 0.2485135 0.2596354 0.2409406 0.2532540 0.2533397 0.2464562 0.0454173 0.0507292 0.0301301 0.0000000 0.0147919 0.0404265 0.0838970 0.0784798 0.0912042 0.0892821 0.0890776 0.0784359 0.0674475 
taxon11    0.2408166 0.2354704 0.2464675 0.2279813 0.2401823 0.2402367 0.2334468 0.0402304 0.0454964 0.0149502 0.0147919 0.0000000 0.0250717 0.0676316 0.0622943 0.0745663 0.0729709 0.0728057 0.0622584 0.0621592 
taxon12    0.2502704 0.2587006 0.2422850 0.2079630 0.2332328 0.2496420 0.2427343 0.0248250 0.0299460 0.0098994 0.0404265 0.0250717 0.0000000 0.0570591 0.0517581 0.0740365 0.0730144 0.0728479 0.0411200 0.0516426 
taxon13    0.2349781 0.2698853 0.2534055 0.2377231 0.2440885 0.2606875 0.2537342 0.0777869 0.0834221 0.0513703 0.0838970 0.0676316 0.0570591 0.0000000 0.0149510 0.0791777 0.0823614 0.0821757 0.0352617 0.0455566 
taxon14    0.2154840 0.2496926 0.2337044 0.2313316 0.2376614 0.2408178 0.2340044 0.0617399 0.0672445 0.0461325 0.0784798 0.0622943 0.0517581 0.0149510 0.0000000 0.0628829 0.0663991 0.0662509 0.0301574 0.0404038 
taxon15    0.2712463 0.2874945 0.2759790 0.2677799 0.2884413 0.2781501 0.2850140 0.0847191 0.0904881 0.0796594 0.0912042 0.0745663 0.0740365 0.0791777 0.0628829 0.0000000 0.0415542 0.0414606 0.0471041 0.0470294 
taxon16    0.2711777 0.2657704 0.2630190 0.2471319 0.2669840 0.2650634 0.2635148 0.0829401 0.0829402 0.0779703 0.0892821 0.0729709 0.0730144 0.0823614 0.0663991 0.0415542 0.0000000 0.0097243 0.0509753 0.0508963 
taxon17    0.2788650 0.2675391 0.2705805 0.2544992 0.2745353 0.2726833 0.2710973 0.0827520 0.0827519 0.0777934 0.0890776 0.0728057 0.0728479 0.0821757 0.0662509 0.0414606 0.0097243 0.0000000 0.0508621 0.0507834 
taxon18    0.2418042 0.2630952 0.2466409 0.2180778 0.2375678 0.2406480 0.2470991 0.0616556 0.0671505 0.0461053 0.0784359 0.0622584 0.0411200 0.0352617 0.0301574 0.0471041 0.0509753 0.0508621 0.0000000 0.0099379 
taxon19    0.2550503 0.2625850 0.2531018 0.2243081 0.2439293 0.2470838 0.2535771 0.0722784 0.0778579 0.0566197 0.0674475 0.0621592 0.0516426 0.0455566 0.0404038 0.0470294 0.0508963 0.0507834 0.0099379 0.0000000 
