20
taxon0     0.0000000 0.0198574 0.0248727 0.0832878 0.0824874 0.0615725 0.0832843 0.0623041 0.0721003 0.3376423 0.3579766 0.3417435 0.3517813 0.3475701 0.3546132 0.3566440 0.3510511 0.3476380 0.3155955 0.3346589 
taxon1     0.0198574 0.0000000 0.0049261 0.0724726 0.0717796 0.0668722 0.0887202 0.0838696 0.0827497 0.3148118 0.3347753 0.3127608 0.3376120 0.3485343 0.3253927 0.3415504 0.3217171 0.3321541 0.3015685 0.3205291 
taxon2     0.0248727 0.0049261 0.0000000 0.0778084 0.0770622 0.0721625 0.0941349 0.0892923 0.0881044 0.3218757 0.3419320 0.3197880 0.3447974 0.3558451 0.3185315 0.3345918 0.3148246 0.3393657 0.2947501 0.3136687 
taxon3     0.0832878 0.0724726 0.0778084 0.0000000 0.0299526 0.0453109 0.0556421 0.0507927 0.0501115 0.2854174 0.3123255 0.3219957 0.3307043 0.3387594 0.3271445 0.3453854 0.3258649 0.3413926 0.3396237 0.3390972 
taxon4     0.0824874 0.0717796 0.0770622 0.0299526 0.0000000 0.0448875 0.0657917 0.0609963 0.0601862 0.3098922 0.3370236 0.3307977 0.3394412 0.3639133 0.3520736 0.3540836 0.3347250 0.3668107 0.3483841 0.3478426 
taxon5     0.0615725 0.0668722 0.0721625 0.0453109 0.0448875 0.0000000 0.0197582 0.0404623 0.0297598 0.3185788 0.3457714 0.3397502 0.3467567 0.3577362 0.3525783 0.3394533 0.3490153 0.3600139 0.3428261 0.3474786 
taxon6     0.0832843 0.0887202 0.0941349 0.0556421 0.0657917 0.0197582 0.0000000 0.0615823 0.0503263 0.3254833 0.3603610 0.3709489 0.3779599 0.3725517 0.3672615 0.3706038 0.3806229 0.3749807 0.3743258 0.3788966 
taxon7     0.0623041 0.0838696 0.0892923 0.0507927 0.0609963 0.0404623 0.0615823 0.0000000 0.0197850 0.2990884 0.3256689 0.3197312 0.3266870 0.3224683 0.3276726 0.3342021 0.3286837 0.3324541 0.3222038 0.3268719 
taxon8     0.0721003 0.0827497 0.0881044 0.0501115 0.0601862 0.0297598 0.0503263 0.0197850 0.0000000 0.3130621 0.3398451 0.3338990 0.3408322 0.3515906 0.3419264 0.3271033 0.3429939 0.3469093 0.3514529 0.3560310 
taxon9     0.3376423 0.3148118 0.3218757 0.2854174 0.3098922 0.3185788 0.3254833 0.2990884 0.3130621 0.0000000 0.0504143 0.0508096 0.0719454 0.0669051 0.0883018 0.1046469 0.0832338 0.0949053 0.0832561 0.0830118 
taxon10    0.3579766 0.3347753 0.3419320 0.3123255 0.3370236 0.3457714 0.3603610 0.3256689 0.3398451 0.0504143 0.0000000 0.0717088 0.0826779 0.0881801 0.1005175 0.1220265 0.1062879 0.0963033 0.1049196 0.1060029 
taxon11    0.3417435 0.3127608 0.3197880 0.3219957 0.3307977 0.3397502 0.3709489 0.3197312 0.3338990 0.0508096 0.0717088 0.0000000 0.0406123 0.0462020 0.0832732 0.0873611 0.0564992 0.0788544 0.0614038 0.0777171 
taxon12    0.3517813 0.3376120 0.3447974 0.3307043 0.3394412 0.3467567 0.3779599 0.3266870 0.3408322 0.0719454 0.0826779 0.0406123 0.0000000 0.0147665 0.1121988 0.1160547 0.0843773 0.1079246 0.0834419 0.0953235 
taxon13    0.3475701 0.3485343 0.3558451 0.3387594 0.3639133 0.3577362 0.3725517 0.3224683 0.3515906 0.0669051 0.0881801 0.0462020 0.0147665 0.0000000 0.1120420 0.1276884 0.0957164 0.1077706 0.0786893 0.0955925 
taxon14    0.3546132 0.3253927 0.3185315 0.3271445 0.3520736 0.3525783 0.3672615 0.3276726 0.3419264 0.0883018 0.1005175 0.0832732 0.1121988 0.1120420 0.0000000 0.0505692 0.0251352 0.0461292 0.0830823 0.0666270 
taxon15    0.3566440 0.3415504 0.3345918 0.3453854 0.3540836 0.3394533 0.3706038 0.3342021 0.3271033 0.1046469 0.1220265 0.0873611 0.1160547 0.1276884 0.0505692 0.0000000 0.0350316 0.0669815 0.0871673 0.0871995 
taxon16    0.3510511 0.3217171 0.3148246 0.3258649 0.3347250 0.3490153 0.3806229 0.3286837 0.3429939 0.0832338 0.1062879 0.0564992 0.0843773 0.0957164 0.0251352 0.0350316 0.0000000 0.0409832 0.0563537 0.0508201 
taxon17    0.3476380 0.3321541 0.3393657 0.3413926 0.3668107 0.3600139 0.3749807 0.3324541 0.3469093 0.0949053 0.0963033 0.0788544 0.1079246 0.1077706 0.0461292 0.0669815 0.0409832 0.0000000 0.0894940 0.0835678 
taxon18    0.3155955 0.3015685 0.2947501 0.3396237 0.3483841 0.3428261 0.3743258 0.3222038 0.3514529 0.0832561 0.1049196 0.0614038 0.0834419 0.0786893 0.0830823 0.0871673 0.0563537 0.0894940 0.0000000 0.0250464 
taxon19    0.3346589 0.3205291 0.3136687 0.3390972 0.3478426 0.3474786 0.3788966 0.3268719 0.3560310 0.0830118 0.1060029 0.0777171 0.0953235 0.0955925 0.0666270 0.0871995 0.0508201 0.0835678 0.0250464 0.0000000 
