20
taxon0     0.0000000 0.2281764 0.1763085 0.4703564 0.4298753 0.4192292 0.4090444 0.3674090 0.4182598 0.4323065 0.4119052 0.4460912 0.4428940 0.4553880 0.5308754 0.5492937 0.5001649 0.5824205 0.5885644 0.4873493 
taxon1     0.2281764 0.0000000 0.1274343 0.4721054 0.4196377 0.4916901 0.4757292 0.4227508 0.4481143 0.4822329 0.4693829 0.4883810 0.4946311 0.4875451 0.5553127 0.5737017 0.5340364 0.6496410 0.6591272 0.5618931 
taxon2     0.1763085 0.1274343 0.0000000 0.4383939 0.3903661 0.4359633 0.4032988 0.3467549 0.3930290 0.4154852 0.3780357 0.4429764 0.4360667 0.4537835 0.4918776 0.5450880 0.4739473 0.5689148 0.5685297 0.4861980 
taxon3     0.4703564 0.4721054 0.4383939 0.0000000 0.0988272 0.2226903 0.1842981 0.1481345 0.1773229 0.1805264 0.2005988 0.2415546 0.2292995 0.2095652 0.2388817 0.2418516 0.2491234 0.2889253 0.3280975 0.2420535 
taxon4     0.4298753 0.4196377 0.3903661 0.0988272 0.0000000 0.2118637 0.1639326 0.1201537 0.1532007 0.1735813 0.1885801 0.2266978 0.2151661 0.2093049 0.2333230 0.2628151 0.2573474 0.2986132 0.3383832 0.2496476 
taxon5     0.4192292 0.4916901 0.4359633 0.2226903 0.2118637 0.0000000 0.1000246 0.1551228 0.1925669 0.1857786 0.2099349 0.2514713 0.2400247 0.2375444 0.2380779 0.2663920 0.2534086 0.2857089 0.3242011 0.2496336 
taxon6     0.4090444 0.4757292 0.4032988 0.1842981 0.1639326 0.1000246 0.0000000 0.1250499 0.1536452 0.1725027 0.1855185 0.2314156 0.2269174 0.2083204 0.2149598 0.2544384 0.2623265 0.2876896 0.3048655 0.2556488 
taxon7     0.3674090 0.4227508 0.3467549 0.1481345 0.1201537 0.1551228 0.1250499 0.0000000 0.0494369 0.0761073 0.0821932 0.1245003 0.1108823 0.1114961 0.1368806 0.1861307 0.1761663 0.2042895 0.2505937 0.1763587 
taxon8     0.4182598 0.4481143 0.3930290 0.1773229 0.1532007 0.1925669 0.1536452 0.0494369 0.0000000 0.1033163 0.0981190 0.1360187 0.1335503 0.1232812 0.1741957 0.2194859 0.2206903 0.2436044 0.3007309 0.2209042 
taxon9     0.4323065 0.4822329 0.4154852 0.1805264 0.1735813 0.1857786 0.1725027 0.0761073 0.1033163 0.0000000 0.0810405 0.1244258 0.1172091 0.1179725 0.1668606 0.2007470 0.2017814 0.2131207 0.2656036 0.1985944 
taxon10    0.4119052 0.4693829 0.3780357 0.2005988 0.1885801 0.2099349 0.1855185 0.0821932 0.0981190 0.0810405 0.0000000 0.1065104 0.1051165 0.1065170 0.2041101 0.2338703 0.2406110 0.2504911 0.3000120 0.2376828 
taxon11    0.4460912 0.4883810 0.4429764 0.2415546 0.2266978 0.2514713 0.2314156 0.1245003 0.1360187 0.1244258 0.1065104 0.0000000 0.0705681 0.0708393 0.2572858 0.2600043 0.2717635 0.2843321 0.3324374 0.2782966 
taxon12    0.4428940 0.4946311 0.4360667 0.2292995 0.2151661 0.2400247 0.2269174 0.1108823 0.1335503 0.1172091 0.1051165 0.0705681 0.0000000 0.0644680 0.2303312 0.2397987 0.2467471 0.2658316 0.3087039 0.2504269 
taxon13    0.4553880 0.4875451 0.4537835 0.2095652 0.2093049 0.2375444 0.2083204 0.1114961 0.1232812 0.1179725 0.1065170 0.0708393 0.0644680 0.0000000 0.2327281 0.2402864 0.2471242 0.2683503 0.3152422 0.2605170 
taxon14    0.5308754 0.5553127 0.4918776 0.2388817 0.2333230 0.2380779 0.2149598 0.1368806 0.1741957 0.1668606 0.2041101 0.2572858 0.2303312 0.2327281 0.0000000 0.0721087 0.1502463 0.1841112 0.2136861 0.1455927 
taxon15    0.5492937 0.5737017 0.5450880 0.2418516 0.2628151 0.2663920 0.2544384 0.1861307 0.2194859 0.2007470 0.2338703 0.2600043 0.2397987 0.2402864 0.0721087 0.0000000 0.1779564 0.1983982 0.2327946 0.1615774 
taxon16    0.5001649 0.5340364 0.4739473 0.2491234 0.2573474 0.2534086 0.2623265 0.1761663 0.2206903 0.2017814 0.2406110 0.2717635 0.2467471 0.2471242 0.1502463 0.1779564 0.0000000 0.1291096 0.1335644 0.1181672 
taxon17    0.5824205 0.6496410 0.5689148 0.2889253 0.2986132 0.2857089 0.2876896 0.2042895 0.2436044 0.2131207 0.2504911 0.2843321 0.2658316 0.2683503 0.1841112 0.1983982 0.1291096 0.0000000 0.0940556 0.1444553 
taxon18    0.5885644 0.6591272 0.5685297 0.3280975 0.3383832 0.3242011 0.3048655 0.2505937 0.3007309 0.2656036 0.3000120 0.3324374 0.3087039 0.3152422 0.2136861 0.2327946 0.1335644 0.0940556 0.0000000 0.1778298 
taxon19    0.4873493 0.5618931 0.4861980 0.2420535 0.2496476 0.2496336 0.2556488 0.1763587 0.2209042 0.1985944 0.2376828 0.2782966 0.2504269 0.2605170 0.1455927 0.1615774 0.1181672 0.1444553 0.1778298 0.0000000 
