20
taxon0     0.0000000 0.1477953 0.4326766 0.4291735 0.4328688 0.4214418 0.4707658 0.4607224 0.4712974 0.5505515 0.5254427 0.4628739 0.4488149 0.5204739 0.5074795 0.3859622 0.4312006 0.3927709 0.3541981 0.4406034 
taxon1     0.1477953 0.0000000 0.4437432 0.4679808 0.4646381 0.4204710 0.4397379 0.4599167 0.4717386 0.5647984 0.5301173 0.4403373 0.4387772 0.5176529 0.4803429 0.3939354 0.4495819 0.4174256 0.3692946 0.4699294 
taxon2     0.4326766 0.4437432 0.0000000 0.0903308 0.1024795 0.3807817 0.4331577 0.4256458 0.4645528 0.4477811 0.4782350 0.3458257 0.3675233 0.3819285 0.3604296 0.5259145 0.5517479 0.5249639 0.4832977 0.5271626 
taxon3     0.4291735 0.4679808 0.0903308 0.0000000 0.0519456 0.3887718 0.4584127 0.4366846 0.4784899 0.4539036 0.4835861 0.3671141 0.3960247 0.3790811 0.3636355 0.5501910 0.5542193 0.5446447 0.5082921 0.5252928 
taxon4     0.4328688 0.4646381 0.1024795 0.0519456 0.0000000 0.4255959 0.4843050 0.4865817 0.4926098 0.4628091 0.5115902 0.3992170 0.4320045 0.4364537 0.4028461 0.5787692 0.5806770 0.5687139 0.5390664 0.5594551 
taxon5     0.4214418 0.4204710 0.3807817 0.3887718 0.4255959 0.0000000 0.2192123 0.2249679 0.2819101 0.3455268 0.3119312 0.2526999 0.2856458 0.3115111 0.2826254 0.5371115 0.5846677 0.5468334 0.5141105 0.5934658 
taxon6     0.4707658 0.4397379 0.4331577 0.4584127 0.4843050 0.2192123 0.0000000 0.1406222 0.1545027 0.2236886 0.1729185 0.3237740 0.3640809 0.3997113 0.3560525 0.5515258 0.5715708 0.5146691 0.4748941 0.5846344 
taxon7     0.4607224 0.4599167 0.4256458 0.4366846 0.4865817 0.2249679 0.1406222 0.0000000 0.0809828 0.1575448 0.1163385 0.3143774 0.3496165 0.3887993 0.3762511 0.5571748 0.5867255 0.5472068 0.5237039 0.5793876 
taxon8     0.4712974 0.4717386 0.4645528 0.4784899 0.4926098 0.2819101 0.1545027 0.0809828 0.0000000 0.1332866 0.0808619 0.3482068 0.3580514 0.4278983 0.4036216 0.5707043 0.5980301 0.5474148 0.5146059 0.5656275 
taxon9     0.5505515 0.5647984 0.4477811 0.4539036 0.4628091 0.3455268 0.2236886 0.1575448 0.1332866 0.0000000 0.0801655 0.3997005 0.4065651 0.4457744 0.4753876 0.6451350 0.6848283 0.6161998 0.6222751 0.6360594 
taxon10    0.5254427 0.5301173 0.4782350 0.4835861 0.5115902 0.3119312 0.1729185 0.1163385 0.0808619 0.0801655 0.0000000 0.3727896 0.3979391 0.4425647 0.4426666 0.6165949 0.6431970 0.5949978 0.5751350 0.6130126 
taxon11    0.4628739 0.4403373 0.3458257 0.3671141 0.3992170 0.2526999 0.3237740 0.3143774 0.3482068 0.3997005 0.3727896 0.0000000 0.1381558 0.1808863 0.1777975 0.5115313 0.5712359 0.5701812 0.5271543 0.5390842 
taxon12    0.4488149 0.4387772 0.3675233 0.3960247 0.4320045 0.2856458 0.3640809 0.3496165 0.3580514 0.4065651 0.3979391 0.1381558 0.0000000 0.1695549 0.1684959 0.5583625 0.6251962 0.5497849 0.5254670 0.5794346 
taxon13    0.5204739 0.5176529 0.3819285 0.3790811 0.4364537 0.3115111 0.3997113 0.3887993 0.4278983 0.4457744 0.4425647 0.1808863 0.1695549 0.0000000 0.0983706 0.5829484 0.6544495 0.5613615 0.5233839 0.5840710 
taxon14    0.5074795 0.4803429 0.3604296 0.3636355 0.4028461 0.2826254 0.3560525 0.3762511 0.4036216 0.4753876 0.4426666 0.1777975 0.1684959 0.0983706 0.0000000 0.5839398 0.6351438 0.5378102 0.5112178 0.5647035 
taxon15    0.3859622 0.3939354 0.5259145 0.5501910 0.5787692 0.5371115 0.5515258 0.5571748 0.5707043 0.6451350 0.6165949 0.5115313 0.5583625 0.5829484 0.5839398 0.0000000 0.1117621 0.2679071 0.2030119 0.2987474 
taxon16    0.4312006 0.4495819 0.5517479 0.5542193 0.5806770 0.5846677 0.5715708 0.5867255 0.5980301 0.6848283 0.6431970 0.5712359 0.6251962 0.6544495 0.6351438 0.1117621 0.0000000 0.3065817 0.2322361 0.3405797 
taxon17    0.3927709 0.4174256 0.5249639 0.5446447 0.5687139 0.5468334 0.5146691 0.5472068 0.5474148 0.6161998 0.5949978 0.5701812 0.5497849 0.5613615 0.5378102 0.2679071 0.3065817 0.0000000 0.1077256 0.1895107 
taxon18    0.3541981 0.3692946 0.4832977 0.5082921 0.5390664 0.5141105 0.4748941 0.5237039 0.5146059 0.6222751 0.5751350 0.5271543 0.5254670 0.5233839 0.5112178 0.2030119 0.2322361 0.1077256 0.0000000 0.1104633 
taxon19    0.4406034 0.4699294 0.5271626 0.5252928 0.5594551 0.5934658 0.5846344 0.5793876 0.5656275 0.6360594 0.6130126 0.5390842 0.5794346 0.5840710 0.5647035 0.2987474 0.3405797 0.1895107 0.1104633 0.0000000 
