20
taxon0     0.0000000 0.1072105 0.0717477 0.1649163 0.1659168 0.1307544 0.1435794 0.1297233 0.2774484 0.2739186 0.2778546 0.2688203 0.2982032 0.2874601 0.3856878 0.3587594 0.4638479 0.4820564 0.4796302 0.4475436 
taxon1     0.1072105 0.0000000 0.0825697 0.2365918 0.2145298 0.2036293 0.2050133 0.2083030 0.3441560 0.3522797 0.3477471 0.3339351 0.3944056 0.3965638 0.4621441 0.4492566 0.5625656 0.5498246 0.5475783 0.5189249 
taxon2     0.0717477 0.0825697 0.0000000 0.1987506 0.2003125 0.1756456 0.1853214 0.1728731 0.3289187 0.3142648 0.3187734 0.3117682 0.3480549 0.3577632 0.4314378 0.3987211 0.5107637 0.5288295 0.5412593 0.5177939 
taxon3     0.1649163 0.2365918 0.1987506 0.0000000 0.0864393 0.1201105 0.1782646 0.1518513 0.3384157 0.3158584 0.3170732 0.2954074 0.3643496 0.3327447 0.4089085 0.4244808 0.5151866 0.5315413 0.5711504 0.5147301 
taxon4     0.1659168 0.2145298 0.2003125 0.0864393 0.0000000 0.1243197 0.1675750 0.1496153 0.3365629 0.3035286 0.3103431 0.3062963 0.3434700 0.3212103 0.4085012 0.4101118 0.4816221 0.5206342 0.5422233 0.5167219 
taxon5     0.1307544 0.2036293 0.1756456 0.1201105 0.1243197 0.0000000 0.0851722 0.0625068 0.3028324 0.2842001 0.2803166 0.2701846 0.3358886 0.3159579 0.3866426 0.4138832 0.4844147 0.5399990 0.5313982 0.5098253 
taxon6     0.1435794 0.2050133 0.1853214 0.1782646 0.1675750 0.0851722 0.0000000 0.0530383 0.3326214 0.3128441 0.3076861 0.3122200 0.3388602 0.3418904 0.4139502 0.3787149 0.4816802 0.5066164 0.5208060 0.4899247 
taxon7     0.1297233 0.2083030 0.1728731 0.1518513 0.1496153 0.0625068 0.0530383 0.0000000 0.3017706 0.2828932 0.2858104 0.2969096 0.3168372 0.3037157 0.3978818 0.3876200 0.4753926 0.5228219 0.5142890 0.5032829 
taxon8     0.2774484 0.3441560 0.3289187 0.3384157 0.3365629 0.3028324 0.3326214 0.3017706 0.0000000 0.0669421 0.0899916 0.1692529 0.2145423 0.1818022 0.4030074 0.3619596 0.4778611 0.4940171 0.5043703 0.4752036 
taxon9     0.2739186 0.3522797 0.3142648 0.3158584 0.3035286 0.2842001 0.3128441 0.2828932 0.0669421 0.0000000 0.0676802 0.1566083 0.1952196 0.1732750 0.3780593 0.3545114 0.4639501 0.4709407 0.5052368 0.4826677 
taxon10    0.2778546 0.3477471 0.3187734 0.3170732 0.3103431 0.2803166 0.3076861 0.2858104 0.0899916 0.0676802 0.0000000 0.1119538 0.1793614 0.1698707 0.3754911 0.3615296 0.4337656 0.4708435 0.5166355 0.4689161 
taxon11    0.2688203 0.3339351 0.3117682 0.2954074 0.3062963 0.2701846 0.3122200 0.2969096 0.1692529 0.1566083 0.1119538 0.0000000 0.1174448 0.1230286 0.3982585 0.3478273 0.4490601 0.4736275 0.5027286 0.4546474 
taxon12    0.2982032 0.3944056 0.3480549 0.3643496 0.3434700 0.3358886 0.3388602 0.3168372 0.2145423 0.1952196 0.1793614 0.1174448 0.0000000 0.0914907 0.4076063 0.3687901 0.4710438 0.4947253 0.5294992 0.4752470 
taxon13    0.2874601 0.3965638 0.3577632 0.3327447 0.3212103 0.3159579 0.3418904 0.3037157 0.1818022 0.1732750 0.1698707 0.1230286 0.0914907 0.0000000 0.4030012 0.3300401 0.4857024 0.5061238 0.5190771 0.4453641 
taxon14    0.3856878 0.4621441 0.4314378 0.4089085 0.4085012 0.3866426 0.4139502 0.3978818 0.4030074 0.3780593 0.3754911 0.3982585 0.4076063 0.4030012 0.0000000 0.1639716 0.2927477 0.3317658 0.3366123 0.3524546 
taxon15    0.3587594 0.4492566 0.3987211 0.4244808 0.4101118 0.4138832 0.3787149 0.3876200 0.3619596 0.3545114 0.3615296 0.3478273 0.3687901 0.3300401 0.1639716 0.0000000 0.2917085 0.2963591 0.3120231 0.2706103 
taxon16    0.4638479 0.5625656 0.5107637 0.5151866 0.4816221 0.4844147 0.4816802 0.4753926 0.4778611 0.4639501 0.4337656 0.4490601 0.4710438 0.4857024 0.2927477 0.2917085 0.0000000 0.2296813 0.2512365 0.2369263 
taxon17    0.4820564 0.5498246 0.5288295 0.5315413 0.5206342 0.5399990 0.5066164 0.5228219 0.4940171 0.4709407 0.4708435 0.4736275 0.4947253 0.5061238 0.3317658 0.2963591 0.2296813 0.0000000 0.1059210 0.0890670 
taxon18    0.4796302 0.5475783 0.5412593 0.5711504 0.5422233 0.5313982 0.5208060 0.5142890 0.5043703 0.5052368 0.5166355 0.5027286 0.5294992 0.5190771 0.3366123 0.3120231 0.2512365 0.1059210 0.0000000 0.0891345 
taxon19    0.4475436 0.5189249 0.5177939 0.5147301 0.5167219 0.5098253 0.4899247 0.5032829 0.4752036 0.4826677 0.4689161 0.4546474 0.4752470 0.4453641 0.3524546 0.2706103 0.2369263 0.0890670 0.0891345 0.0000000 
