20
taxon0     0.0000000 0.1683016 0.3155887 0.3050326 0.3401686 0.3493741 0.5564843 0.5413049 0.5867810 0.5031610 0.5944794 0.5329686 0.5349966 0.4978559 0.5620097 0.5172495 0.5169605 0.5504301 0.5108915 0.5168882 
taxon1     0.1683016 0.0000000 0.2512352 0.2290907 0.3156533 0.3309821 0.5278487 0.4998484 0.5409416 0.5079836 0.5934438 0.4757980 0.4911367 0.5379516 0.5770619 0.5120458 0.5225309 0.5558933 0.5069827 0.5607811 
taxon2     0.3155887 0.2512352 0.0000000 0.1688020 0.2193403 0.2953465 0.5560169 0.4753567 0.5333342 0.4586698 0.4891455 0.4671417 0.4999585 0.4678269 0.5379018 0.4951324 0.5215195 0.5351452 0.5230423 0.4994640 
taxon3     0.3050326 0.2290907 0.1688020 0.0000000 0.2232855 0.2887466 0.5689020 0.4956661 0.5587899 0.5411964 0.5897127 0.5108064 0.4974237 0.5252648 0.5688181 0.5324538 0.5226611 0.5197370 0.5059524 0.5410036 
taxon4     0.3401686 0.3156533 0.2193403 0.2232855 0.0000000 0.1934764 0.5400910 0.4920989 0.5975930 0.5369695 0.5746829 0.5490743 0.5746967 0.5428411 0.5313586 0.5495876 0.5396178 0.5631525 0.5070245 0.5196796 
taxon5     0.3493741 0.3309821 0.2953465 0.2887466 0.1934764 0.0000000 0.6242260 0.5354486 0.6672683 0.5858760 0.6297841 0.5765138 0.5516318 0.5839278 0.5345300 0.5707264 0.5893873 0.5887506 0.5844119 0.5743435 
taxon6     0.5564843 0.5278487 0.5560169 0.5689020 0.5400910 0.6242260 0.0000000 0.2434398 0.2518153 0.3038324 0.3811147 0.3291381 0.3843431 0.4132723 0.4520463 0.4348031 0.4148827 0.4220842 0.3074194 0.3053700 
taxon7     0.5413049 0.4998484 0.4753567 0.4956661 0.4920989 0.5354486 0.2434398 0.0000000 0.2343778 0.2635184 0.3151735 0.3200144 0.3772620 0.3529626 0.3923171 0.3846633 0.3654991 0.3837611 0.3634098 0.3730449 
taxon8     0.5867810 0.5409416 0.5333342 0.5587899 0.5975930 0.6672683 0.2518153 0.2343778 0.0000000 0.2212745 0.2319489 0.3164405 0.3940119 0.4128151 0.4094555 0.4305996 0.3976196 0.3815631 0.4019367 0.4086521 
taxon9     0.5031610 0.5079836 0.4586698 0.5411964 0.5369695 0.5858760 0.3038324 0.2635184 0.2212745 0.0000000 0.1895414 0.3353743 0.3977699 0.4485480 0.4025648 0.4418683 0.4473306 0.4060417 0.3919381 0.3890088 
taxon10    0.5944794 0.5934438 0.4891455 0.5897127 0.5746829 0.6297841 0.3811147 0.3151735 0.2319489 0.1895414 0.0000000 0.3879770 0.4725991 0.4853571 0.4680210 0.4731723 0.4593365 0.4557104 0.4619557 0.3974723 
taxon11    0.5329686 0.4757980 0.4671417 0.5108064 0.5490743 0.5765138 0.3291381 0.3200144 0.3164405 0.3353743 0.3879770 0.0000000 0.2903087 0.2854672 0.3501200 0.3254943 0.3721012 0.3517664 0.2629551 0.3547306 
taxon12    0.5349966 0.4911367 0.4999585 0.4974237 0.5746967 0.5516318 0.3843431 0.3772620 0.3940119 0.3977699 0.4725991 0.2903087 0.0000000 0.2594348 0.3048509 0.3153527 0.3693729 0.3674472 0.3917637 0.4120956 
taxon13    0.4978559 0.5379516 0.4678269 0.5252648 0.5428411 0.5839278 0.4132723 0.3529626 0.4128151 0.4485480 0.4853571 0.2854672 0.2594348 0.0000000 0.2373580 0.2003512 0.2786399 0.2921635 0.3718112 0.4267072 
taxon14    0.5620097 0.5770619 0.5379018 0.5688181 0.5313586 0.5345300 0.4520463 0.3923171 0.4094555 0.4025648 0.4680210 0.3501200 0.3048509 0.2373580 0.0000000 0.1479717 0.2147775 0.1855420 0.4103433 0.4469977 
taxon15    0.5172495 0.5120458 0.4951324 0.5324538 0.5495876 0.5707264 0.4348031 0.3846633 0.4305996 0.4418683 0.4731723 0.3254943 0.3153527 0.2003512 0.1479717 0.0000000 0.1927278 0.2283828 0.3662071 0.4197954 
taxon16    0.5169605 0.5225309 0.5215195 0.5226611 0.5396178 0.5893873 0.4148827 0.3654991 0.3976196 0.4473306 0.4593365 0.3721012 0.3693729 0.2786399 0.2147775 0.1927278 0.0000000 0.1561065 0.4139037 0.4391646 
taxon17    0.5504301 0.5558933 0.5351452 0.5197370 0.5631525 0.5887506 0.4220842 0.3837611 0.3815631 0.4060417 0.4557104 0.3517664 0.3674472 0.2921635 0.1855420 0.2283828 0.1561065 0.0000000 0.4462356 0.4567339 
taxon18    0.5108915 0.5069827 0.5230423 0.5059524 0.5070245 0.5844119 0.3074194 0.3634098 0.4019367 0.3919381 0.4619557 0.2629551 0.3917637 0.3718112 0.4103433 0.3662071 0.4139037 0.4462356 0.0000000 0.2029165 
taxon19    0.5168882 0.5607811 0.4994640 0.5410036 0.5196796 0.5743435 0.3053700 0.3730449 0.4086521 0.3890088 0.3974723 0.3547306 0.4120956 0.4267072 0.4469977 0.4197954 0.4391646 0.4567339 0.2029165 0.0000000 
