20
taxon0     0.0000000 0.1056142 0.1324515 0.2643979 0.2470360 0.4624531 0.4705758 0.4673783 0.4918670 0.4679594 0.4976735 0.4931140 0.4888333 0.5207599 0.5828353 0.5759486 0.5538025 0.5183625 0.5033384 0.4881333 
taxon1     0.1056142 0.0000000 0.0700277 0.2996240 0.2847241 0.4404711 0.4641887 0.4373534 0.4696561 0.4463263 0.4858322 0.4704687 0.4691744 0.4869673 0.5405804 0.5202575 0.5197280 0.4732467 0.4732660 0.4845875 
taxon2     0.1324515 0.0700277 0.0000000 0.3174007 0.3034451 0.4345607 0.4425100 0.4109205 0.4166019 0.4103899 0.4557832 0.4411152 0.4414905 0.4586381 0.5172448 0.4759374 0.4886870 0.4584723 0.4454193 0.4564156 
taxon3     0.2643979 0.2996240 0.3174007 0.0000000 0.1174086 0.5213288 0.5277528 0.5212264 0.5554933 0.5572225 0.6017372 0.5817285 0.5465504 0.5652889 0.6364965 0.6400108 0.6084299 0.5766320 0.5644404 0.5620949 
taxon4     0.2470360 0.2847241 0.3034451 0.1174086 0.0000000 0.5139120 0.5204058 0.5057165 0.5630278 0.5578040 0.5902783 0.5777815 0.5410569 0.5349272 0.6079736 0.6213287 0.5762010 0.5608718 0.5426673 0.5521985 
taxon5     0.4624531 0.4404711 0.4345607 0.5213288 0.5139120 0.0000000 0.0360055 0.1927760 0.2129257 0.2082519 0.2631559 0.2700468 0.1966311 0.2222748 0.2789853 0.2785955 0.2580867 0.2511647 0.2264058 0.2134059 
taxon6     0.4705758 0.4641887 0.4425100 0.5277528 0.5204058 0.0360055 0.0000000 0.1691576 0.1888508 0.2031252 0.2466186 0.2534601 0.1727830 0.1949820 0.2531545 0.2527765 0.2287770 0.2259266 0.2147344 0.2020449 
taxon7     0.4673783 0.4373534 0.4109205 0.5212264 0.5057165 0.1927760 0.1691576 0.0000000 0.0448496 0.0554774 0.0899387 0.0955129 0.0463185 0.0720253 0.1163027 0.1213042 0.1035460 0.0887187 0.0946886 0.0879267 
taxon8     0.4918670 0.4696561 0.4166019 0.5554933 0.5630278 0.2129257 0.1888508 0.0448496 0.0000000 0.0342154 0.0614061 0.0719502 0.0676301 0.0939193 0.1334413 0.1201538 0.1092517 0.1111699 0.1062217 0.0992328 
taxon9     0.4679594 0.4463263 0.4103899 0.5572225 0.5578040 0.2082519 0.2031252 0.0554774 0.0342154 0.0000000 0.0773313 0.0773730 0.0843045 0.1058324 0.1461933 0.1324617 0.1150162 0.1117793 0.1068192 0.0997804 
taxon10    0.4976735 0.4858322 0.4557832 0.6017372 0.5902783 0.2631559 0.2466186 0.0899387 0.0614061 0.0773313 0.0000000 0.0566108 0.1155096 0.1357516 0.1780051 0.1691243 0.1672244 0.1632301 0.1433834 0.1498827 
taxon11    0.4931140 0.4704687 0.4411152 0.5817285 0.5777815 0.2700468 0.2534601 0.0955129 0.0719502 0.0773730 0.0566108 0.0000000 0.1270895 0.1561036 0.1998091 0.1842552 0.1795659 0.1754486 0.1489976 0.1555345 
taxon12    0.4888333 0.4691744 0.4414905 0.5465504 0.5410569 0.1966311 0.1727830 0.0463185 0.0676301 0.0843045 0.1155096 0.1270895 0.0000000 0.0471873 0.1019861 0.0960185 0.0777623 0.0698368 0.0756367 0.0630608 
taxon13    0.5207599 0.4869673 0.4586381 0.5652889 0.5349272 0.2222748 0.1949820 0.0720253 0.0939193 0.1058324 0.1357516 0.1561036 0.0471873 0.0000000 0.0716169 0.0660489 0.0883952 0.0914857 0.1028978 0.0841354 
taxon14    0.5828353 0.5405804 0.5172448 0.6364965 0.6079736 0.2789853 0.2531545 0.1163027 0.1334413 0.1461933 0.1780051 0.1998091 0.1019861 0.0716169 0.0000000 0.0351472 0.1455926 0.1498616 0.1439573 0.1406294 
taxon15    0.5759486 0.5202575 0.4759374 0.6400108 0.6213287 0.2785955 0.2527765 0.1213042 0.1201538 0.1324617 0.1691243 0.1842552 0.0960185 0.0660489 0.0351472 0.0000000 0.1460034 0.1433529 0.1436915 0.1403717 
taxon16    0.5538025 0.5197280 0.4886870 0.6084299 0.5762010 0.2580867 0.2287770 0.1035460 0.1092517 0.1150162 0.1672244 0.1795659 0.0777623 0.0883952 0.1455926 0.1460034 0.0000000 0.0701653 0.1040618 0.0906632 
taxon17    0.5183625 0.4732467 0.4584723 0.5766320 0.5608718 0.2511647 0.2259266 0.0887187 0.1111699 0.1117793 0.1632301 0.1754486 0.0698368 0.0914857 0.1498616 0.1433529 0.0701653 0.0000000 0.0943927 0.0884652 
taxon18    0.5033384 0.4732660 0.4454193 0.5644404 0.5426673 0.2264058 0.2147344 0.0946886 0.1062217 0.1068192 0.1433834 0.1489976 0.0756367 0.1028978 0.1439573 0.1436915 0.1040618 0.0943927 0.0000000 0.0406297 
taxon19    0.4881333 0.4845875 0.4564156 0.5620949 0.5521985 0.2134059 0.2020449 0.0879267 0.0992328 0.0997804 0.1498827 0.1555345 0.0630608 0.0841354 0.1406294 0.1403717 0.0906632 0.0884652 0.0406297 0.0000000 
