19
taxon0     0.0000000 0.0051857 0.0374702 0.0435551 0.0432600 0.0728519 0.0728519 0.0731008 0.0790723 0.0733587 0.1040545 0.0919504 0.0919504 0.0921524 0.0911693 0.0976660 0.0903908 0.0962753 0.0962753 
taxon1     0.0051857 0.0000000 0.0428589 0.0490314 0.0487001 0.0784902 0.0784902 0.0787576 0.0847574 0.0790345 0.1036690 0.0916109 0.0916109 0.0918115 0.0908353 0.0973060 0.0960914 0.1019934 0.1019934 
taxon2     0.0374702 0.0428589 0.0000000 0.0316218 0.0316546 0.0603900 0.0603900 0.0605946 0.0545944 0.0602692 0.0789358 0.0672764 0.0672764 0.0789944 0.0904208 0.0728564 0.0660994 0.0604782 0.0604782 
taxon3     0.0435551 0.0490314 0.0316218 0.0000000 0.0103628 0.0777291 0.0777291 0.0779918 0.0717725 0.0661872 0.0964367 0.0845957 0.0845957 0.0730687 0.0962359 0.0902095 0.0831635 0.0888846 0.0888846 
taxon4     0.0432600 0.0487001 0.0316546 0.0103628 0.0000000 0.0778035 0.0778035 0.0780667 0.0718420 0.0776512 0.0965259 0.0846762 0.0846762 0.0847538 0.0955822 0.0902939 0.0832418 0.0889671 0.0889671 
taxon5     0.0728519 0.0784902 0.0603900 0.0777291 0.0778035 0.0000000 0.0000010 0.0052277 0.0052226 0.0104847 0.0383132 0.0272032 0.0272032 0.0383407 0.0493946 0.0326394 0.0212355 0.0264398 0.0264398 
taxon6     0.0728519 0.0784902 0.0603900 0.0777291 0.0778035 0.0000010 0.0000000 0.0052277 0.0052226 0.0104847 0.0383132 0.0272032 0.0272032 0.0383407 0.0493946 0.0326394 0.0212355 0.0264398 0.0264398 
taxon7     0.0731008 0.0787576 0.0605946 0.0779918 0.0780667 0.0052277 0.0052277 0.0000000 0.0105390 0.0158682 0.0325160 0.0215478 0.0215478 0.0325390 0.0434749 0.0269318 0.0267818 0.0320110 0.0320110 
taxon8     0.0790723 0.0847574 0.0545944 0.0717725 0.0718420 0.0052226 0.0052226 0.0105390 0.0000000 0.0052115 0.0326532 0.0216393 0.0216393 0.0326765 0.0436569 0.0270455 0.0158334 0.0210276 0.0210276 
taxon9     0.0733587 0.0790345 0.0602692 0.0661872 0.0776512 0.0104847 0.0104847 0.0158682 0.0052115 0.0000000 0.0382335 0.0271458 0.0271458 0.0272043 0.0381622 0.0325711 0.0211912 0.0263853 0.0263853 
taxon10    0.1040545 0.1036690 0.0789358 0.0964367 0.0965259 0.0383132 0.0383132 0.0325160 0.0326532 0.0382335 0.0000000 0.0103888 0.0103888 0.0209264 0.0212690 0.0103957 0.0320536 0.0429768 0.0429768 
taxon11    0.0919504 0.0916109 0.0672764 0.0845957 0.0846762 0.0272032 0.0272032 0.0215478 0.0216393 0.0271458 0.0103888 0.0000000 0.0000010 0.0103958 0.0208464 0.0051624 0.0212320 0.0320238 0.0320238 
taxon12    0.0919504 0.0916109 0.0672764 0.0845957 0.0846762 0.0272032 0.0272032 0.0215478 0.0216393 0.0271458 0.0103888 0.0000010 0.0000000 0.0103958 0.0208464 0.0051624 0.0212320 0.0320238 0.0320238 
taxon13    0.0921524 0.0918115 0.0789944 0.0730687 0.0847538 0.0383407 0.0383407 0.0325390 0.0326765 0.0272043 0.0209264 0.0103958 0.0103958 0.0000000 0.0208898 0.0155972 0.0320761 0.0430072 0.0430072 
taxon15    0.0911693 0.0908353 0.0904208 0.0962359 0.0955822 0.0493946 0.0493946 0.0434749 0.0436569 0.0381622 0.0212690 0.0208464 0.0208464 0.0208898 0.0000000 0.0155590 0.0428763 0.0538965 0.0538965 
taxon16    0.0976660 0.0973060 0.0728564 0.0902095 0.0902939 0.0326394 0.0326394 0.0269318 0.0270455 0.0325711 0.0103957 0.0051624 0.0051624 0.0155972 0.0155590 0.0000000 0.0265441 0.0373676 0.0373676 
taxon17    0.0903908 0.0960914 0.0660994 0.0831635 0.0832418 0.0212355 0.0212355 0.0267818 0.0158334 0.0211912 0.0320536 0.0212320 0.0212320 0.0320761 0.0428763 0.0265441 0.0000000 0.0104111 0.0104111 
taxon18    0.0962753 0.1019934 0.0604782 0.0888846 0.0889671 0.0264398 0.0264398 0.0320110 0.0210276 0.0263853 0.0429768 0.0320238 0.0320238 0.0430072 0.0538965 0.0373676 0.0104111 0.0000000 0.0000010 
taxon19    0.0962753 0.1019934 0.0604782 0.0888846 0.0889671 0.0264398 0.0264398 0.0320110 0.0210276 0.0263853 0.0429768 0.0320238 0.0320238 0.0430072 0.0538965 0.0373676 0.0104111 0.0000010 0.0000000 
