20
taxon0     0.0000000 0.0101594 0.0360677 0.0364743 0.0362034 0.0577316 0.0526870 0.0526778 0.0577987 0.0466292 0.0463026 0.2014212 0.1826061 0.1865828 0.2075421 0.2113594 0.1618146 0.1553958 0.1545017 0.1661400 
taxon1     0.0101594 0.0000000 0.0308568 0.0312506 0.0310173 0.0524595 0.0473974 0.0473182 0.0524417 0.0413678 0.0410779 0.1951550 0.1764160 0.1802966 0.2012420 0.2049760 0.1557520 0.1493718 0.1485118 0.1601164 
taxon2     0.0360677 0.0308568 0.0000000 0.0360643 0.0357987 0.0465980 0.0520911 0.0524740 0.0575767 0.0574423 0.0462459 0.1949116 0.1761928 0.2060877 0.1870572 0.1905716 0.1686453 0.1621564 0.1612202 0.1599148 
taxon3     0.0364743 0.0312506 0.0360643 0.0000000 0.0203716 0.0411375 0.0254658 0.0412484 0.0358452 0.0466003 0.0466964 0.2027734 0.1964680 0.2017534 0.2089304 0.2127838 0.1745105 0.1680002 0.1810212 0.1795473 
taxon4     0.0362034 0.0310173 0.0357987 0.0203716 0.0000000 0.0308932 0.0153010 0.0521220 0.0571914 0.0683441 0.0569044 0.2010691 0.1822991 0.2000283 0.2071744 0.2109781 0.1608448 0.1544692 0.1672272 0.1658749 
taxon5     0.0577316 0.0524595 0.0465980 0.0411375 0.0308932 0.0000000 0.0151684 0.0630262 0.0573658 0.0679523 0.0680854 0.2023372 0.1834613 0.1990571 0.1940963 0.1977170 0.1700357 0.1635002 0.1682932 0.1669255 
taxon6     0.0526870 0.0473974 0.0520911 0.0254658 0.0153010 0.0151684 0.0000000 0.0573488 0.0624095 0.0736272 0.0737700 0.2095309 0.1905052 0.1939626 0.2011807 0.2049079 0.1686699 0.1621895 0.1751533 0.1737253 
taxon7     0.0526778 0.0473182 0.0524740 0.0412484 0.0521220 0.0630262 0.0573488 0.0000000 0.0254622 0.0467277 0.0577533 0.2322024 0.2126453 0.2297788 0.2244379 0.2285336 0.1764336 0.1698494 0.1697672 0.1950525 
taxon8     0.0577987 0.0524417 0.0575767 0.0358452 0.0571914 0.0573658 0.0624095 0.0254622 0.0000000 0.0307988 0.0415268 0.2245735 0.2051046 0.2089434 0.2039337 0.2137145 0.1760183 0.1694496 0.1751460 0.2004396 
taxon9     0.0466292 0.0413678 0.0574423 0.0466003 0.0683441 0.0679523 0.0736272 0.0467277 0.0307988 0.0000000 0.0101705 0.1968813 0.1779333 0.1814068 0.1902411 0.1997679 0.1816894 0.1751006 0.1740883 0.1859140 
taxon10    0.0463026 0.0410779 0.0462459 0.0466964 0.0569044 0.0680854 0.0737700 0.0577533 0.0415268 0.0101705 0.0000000 0.1819953 0.1634288 0.1801215 0.1754791 0.1846781 0.1804244 0.1738802 0.1728804 0.1714846 
taxon11    0.2014212 0.1951550 0.1949116 0.2027734 0.2010691 0.2023372 0.2095309 0.2322024 0.2245735 0.1968813 0.1819953 0.0000000 0.0252947 0.0585096 0.0636622 0.0579738 0.0639560 0.0584044 0.0472733 0.0469082 
taxon12    0.1826061 0.1764160 0.1761928 0.1964680 0.1822991 0.1834613 0.1905052 0.2126453 0.2051046 0.1779333 0.1634288 0.0252947 0.0000000 0.0423007 0.0474420 0.0471131 0.0476945 0.0422371 0.0313424 0.0311002 
taxon13    0.1865828 0.1802966 0.2060877 0.2017534 0.2000283 0.1990571 0.1939626 0.2297788 0.2089434 0.1814068 0.1801215 0.0585096 0.0423007 0.0000000 0.0365206 0.0362689 0.0599013 0.0542646 0.0539571 0.0647665 
taxon14    0.2075421 0.2012420 0.1870572 0.2089304 0.2071744 0.1940963 0.2011807 0.2244379 0.2039337 0.1902411 0.1754791 0.0636622 0.0474420 0.0365206 0.0000000 0.0100767 0.0691868 0.0636118 0.0522851 0.0627707 
taxon15    0.2113594 0.2049760 0.1905716 0.2127838 0.2109781 0.1977170 0.2049079 0.2285336 0.2137145 0.1997679 0.1846781 0.0579738 0.0471131 0.0362689 0.0100767 0.0000000 0.0707376 0.0650541 0.0534934 0.0641788 
taxon16    0.1618146 0.1557520 0.1686453 0.1745105 0.1608448 0.1700357 0.1686699 0.1764336 0.1760183 0.1816894 0.1804244 0.0639560 0.0476945 0.0599013 0.0691868 0.0707376 0.0000000 0.0050510 0.0256265 0.0359289 
taxon17    0.1553958 0.1493718 0.1621564 0.1680002 0.1544692 0.1635002 0.1621895 0.1698494 0.1694496 0.1751006 0.1738802 0.0584044 0.0422371 0.0542646 0.0636118 0.0650541 0.0050510 0.0000000 0.0204202 0.0306739 
taxon18    0.1545017 0.1485118 0.1612202 0.1810212 0.1672272 0.1682932 0.1751533 0.1697672 0.1751460 0.1740883 0.1728804 0.0472733 0.0313424 0.0539571 0.0522851 0.0534934 0.0256265 0.0204202 0.0000000 0.0202241 
taxon19    0.1661400 0.1601164 0.1599148 0.1795473 0.1658749 0.1669255 0.1737253 0.1950525 0.2004396 0.1859140 0.1714846 0.0469082 0.0311002 0.0647665 0.0627707 0.0641788 0.0359289 0.0306739 0.0202241 0.0000000 
