20
taxon0     0.0000000 0.0298184 0.0245495 0.0396448 0.1635879 0.1614380 0.1552868 0.1248552 0.1303208 0.1776601 0.1903713 0.1706312 0.1721357 0.1701783 0.1564932 0.1628253 0.1626409 0.1688791 0.1923103 0.1942461 
taxon1     0.0298184 0.0000000 0.0145850 0.0396478 0.1551547 0.1477410 0.1532976 0.1418167 0.1473318 0.1809715 0.1813429 0.1620198 0.1698833 0.1735311 0.1409702 0.1535458 0.1600433 0.1594525 0.1823687 0.1841706 
taxon2     0.0245495 0.0145850 0.0000000 0.0244132 0.1616312 0.1427015 0.1482651 0.1235334 0.1289530 0.1877372 0.1762026 0.1685924 0.1765701 0.1684311 0.1537288 0.1599556 0.1665333 0.1659140 0.1773504 0.1791079 
taxon3     0.0396448 0.0396478 0.0244132 0.0000000 0.1537515 0.1416896 0.1472191 0.1288084 0.1342267 0.1670958 0.1679632 0.1605482 0.1738994 0.1603939 0.1597852 0.1660582 0.1726957 0.1605488 0.1719736 0.1736788 
taxon4     0.1635879 0.1551547 0.1616312 0.1537515 0.0000000 0.0403124 0.0557354 0.0403986 0.0351715 0.0460565 0.0461491 0.0410015 0.0410210 0.0460078 0.0460078 0.0513440 0.0568126 0.0566211 0.0775907 0.0783163 
taxon5     0.1614380 0.1477410 0.1427015 0.1416896 0.0403124 0.0000000 0.0246153 0.0298463 0.0247493 0.0616118 0.0619086 0.0561445 0.0453143 0.0560821 0.0401631 0.0453792 0.0507160 0.0505479 0.0607856 0.0613436 
taxon6     0.1552868 0.1532976 0.1482651 0.1472191 0.0557354 0.0246153 0.0000000 0.0247618 0.0297263 0.0455685 0.0562137 0.0505606 0.0510776 0.0507615 0.0349906 0.0401631 0.0350167 0.0452978 0.0449716 0.0453795 
taxon7     0.1248552 0.1418167 0.1235334 0.1288084 0.0403986 0.0298463 0.0247618 0.0000000 0.0048515 0.0512376 0.0514207 0.0457851 0.0462015 0.0354111 0.0350143 0.0401932 0.0454851 0.0453349 0.0555369 0.0560458 
taxon8     0.1303208 0.1473318 0.1289530 0.1342267 0.0351715 0.0247493 0.0297263 0.0048515 0.0000000 0.0563868 0.0565878 0.0508944 0.0513551 0.0404870 0.0400336 0.0452374 0.0505623 0.0503950 0.0606143 0.0611699 
taxon9     0.1776601 0.1809715 0.1877372 0.1670958 0.0460565 0.0616118 0.0455685 0.0512376 0.0563868 0.0000000 0.0301131 0.0250808 0.0354858 0.0404362 0.0406210 0.0355250 0.0406524 0.0407054 0.0506606 0.0511265 
taxon10    0.1903713 0.1813429 0.1762026 0.1679632 0.0461491 0.0619086 0.0562137 0.0514207 0.0565878 0.0301131 0.0000000 0.0150035 0.0355404 0.0200623 0.0616833 0.0565125 0.0511858 0.0512523 0.0613595 0.0513470 
taxon11    0.1706312 0.1620198 0.1685924 0.1605482 0.0410015 0.0561445 0.0505606 0.0457851 0.0508944 0.0250808 0.0150035 0.0000000 0.0304483 0.0300912 0.0509230 0.0458063 0.0405667 0.0406201 0.0609719 0.0510197 
taxon12    0.1721357 0.1698833 0.1765701 0.1738994 0.0410210 0.0453143 0.0510776 0.0462015 0.0513551 0.0354858 0.0355404 0.0304483 0.0000000 0.0251980 0.0409951 0.0463221 0.0412205 0.0410820 0.0725920 0.0624992 
taxon13    0.1701783 0.1735311 0.1684311 0.1603939 0.0460078 0.0560821 0.0507615 0.0354111 0.0404870 0.0404362 0.0200623 0.0300912 0.0251980 0.0000000 0.0403609 0.0456086 0.0405792 0.0404449 0.0611132 0.0511377 
taxon14    0.1564932 0.1409702 0.1537288 0.1597852 0.0460078 0.0401631 0.0349906 0.0350143 0.0400336 0.0406210 0.0616833 0.0509230 0.0409951 0.0403609 0.0000000 0.0147565 0.0197891 0.0197255 0.0396569 0.0400140 
taxon15    0.1628253 0.1535458 0.1599556 0.1660582 0.0513440 0.0453792 0.0401631 0.0401932 0.0452374 0.0355250 0.0565125 0.0458063 0.0463221 0.0456086 0.0147565 0.0000000 0.0248448 0.0147866 0.0346814 0.0349936 
taxon16    0.1626409 0.1600433 0.1665333 0.1726957 0.0568126 0.0507160 0.0350167 0.0454851 0.0505623 0.0406524 0.0511858 0.0405667 0.0412205 0.0405792 0.0197891 0.0248448 0.0000000 0.0198296 0.0396867 0.0298846 
taxon17    0.1688791 0.1594525 0.1659140 0.1605488 0.0566211 0.0505479 0.0452978 0.0453349 0.0503950 0.0407054 0.0512523 0.0406201 0.0410820 0.0404449 0.0197255 0.0147866 0.0198296 0.0000000 0.0297248 0.0198971 
taxon18    0.1923103 0.1823687 0.1773504 0.1719736 0.0775907 0.0607856 0.0449716 0.0555369 0.0606143 0.0506606 0.0613595 0.0609719 0.0725920 0.0611132 0.0396569 0.0346814 0.0396867 0.0297248 0.0000000 0.0196245 
taxon19    0.1942461 0.1841706 0.1791079 0.1736788 0.0783163 0.0613436 0.0453795 0.0560458 0.0611699 0.0511265 0.0513470 0.0510197 0.0624992 0.0511377 0.0400140 0.0349936 0.0298846 0.0198971 0.0196245 0.0000000 
