20
taxon0     0.0000000 0.1139155 0.1842057 0.1912679 0.2048295 0.2125823 0.2912213 0.3134681 0.2741213 0.3088000 0.3128632 0.3134225 0.3395888 0.3203757 0.2876532 0.4620977 0.4649367 0.4181639 0.4562385 0.4803722 
taxon1     0.1139155 0.0000000 0.1508073 0.1776713 0.2022288 0.1861381 0.2632025 0.2925384 0.2491654 0.2786259 0.2905976 0.3063938 0.3381073 0.3190799 0.2541402 0.4379319 0.4135217 0.3569157 0.4190909 0.4238108 
taxon2     0.1842057 0.1508073 0.0000000 0.0743517 0.1183090 0.1055796 0.2126869 0.2654663 0.2492210 0.2339019 0.2582102 0.2523264 0.3048498 0.2774285 0.2476073 0.3259145 0.3381745 0.2901971 0.3535590 0.3868440 
taxon3     0.1912679 0.1776713 0.0743517 0.0000000 0.1361054 0.1404510 0.2341204 0.2666045 0.2641893 0.2447313 0.2701779 0.2640438 0.3081474 0.2969455 0.2585305 0.3664164 0.3701034 0.3308542 0.3888522 0.4067005 
taxon4     0.2048295 0.2022288 0.1183090 0.1361054 0.0000000 0.1251248 0.2911593 0.2970302 0.2779183 0.2825814 0.2835681 0.2766289 0.3059893 0.2954359 0.2917285 0.3952654 0.3779802 0.3311082 0.4158968 0.4258470 
taxon5     0.2125823 0.1861381 0.1055796 0.1404510 0.1251248 0.0000000 0.2534610 0.2828489 0.2750522 0.2807192 0.2918723 0.3076572 0.3545429 0.3274650 0.2991650 0.3926193 0.4039980 0.3578079 0.4247552 0.4387486 
taxon6     0.2912213 0.2632025 0.2126869 0.2341204 0.2911593 0.2534610 0.0000000 0.0945735 0.1105027 0.1481335 0.1478434 0.1730004 0.2212862 0.1806639 0.1429929 0.3789052 0.4009008 0.3243367 0.3795547 0.3677156 
taxon7     0.3134681 0.2925384 0.2654663 0.2666045 0.2970302 0.2828489 0.0945735 0.0000000 0.0817735 0.1889950 0.1973979 0.2184707 0.2769343 0.2391715 0.1837649 0.4476335 0.4541411 0.3861738 0.3997354 0.4052004 
taxon8     0.2741213 0.2491654 0.2492210 0.2641893 0.2779183 0.2750522 0.1105027 0.0817735 0.0000000 0.1862329 0.2009979 0.1954098 0.2336254 0.2233017 0.1883873 0.4132762 0.4178453 0.3643301 0.3607133 0.3737455 
taxon9     0.3088000 0.2786259 0.2339019 0.2447313 0.2825814 0.2807192 0.1481335 0.1889950 0.1862329 0.0000000 0.0528319 0.0632290 0.1163206 0.0983932 0.0884344 0.4172625 0.4177916 0.3787824 0.3962875 0.4080297 
taxon10    0.3128632 0.2905976 0.2582102 0.2701779 0.2835681 0.2918723 0.1478434 0.1973979 0.2009979 0.0528319 0.0000000 0.0358397 0.0851650 0.0521002 0.0994314 0.4338860 0.4496491 0.3677602 0.4031502 0.4320789 
taxon11    0.3134225 0.3063938 0.2523264 0.2640438 0.2766289 0.3076572 0.1730004 0.2184707 0.1954098 0.0632290 0.0358397 0.0000000 0.0672877 0.0458613 0.1118941 0.4340324 0.4397552 0.3830608 0.4264228 0.4563590 
taxon12    0.3395888 0.3381073 0.3048498 0.3081474 0.3059893 0.3545429 0.2212862 0.2769343 0.2336254 0.1163206 0.0851650 0.0672877 0.0000000 0.0616112 0.1616558 0.4699246 0.4614710 0.3978507 0.4494616 0.4560543 
taxon13    0.3203757 0.3190799 0.2774285 0.2969455 0.2954359 0.3274650 0.1806639 0.2391715 0.2233017 0.0983932 0.0521002 0.0458613 0.0616112 0.0000000 0.1365242 0.4540896 0.4803940 0.3975942 0.4234079 0.4508449 
taxon14    0.2876532 0.2541402 0.2476073 0.2585305 0.2917285 0.2991650 0.1429929 0.1837649 0.1883873 0.0884344 0.0994314 0.1118941 0.1616558 0.1365242 0.0000000 0.4313787 0.4298629 0.3728208 0.4065399 0.4237588 
taxon15    0.4620977 0.4379319 0.3259145 0.3664164 0.3952654 0.3926193 0.3789052 0.4476335 0.4132762 0.4172625 0.4338860 0.4340324 0.4699246 0.4540896 0.4313787 0.0000000 0.1214363 0.2229696 0.2709549 0.2829524 
taxon16    0.4649367 0.4135217 0.3381745 0.3701034 0.3779802 0.4039980 0.4009008 0.4541411 0.4178453 0.4177916 0.4496491 0.4397552 0.4614710 0.4803940 0.4298629 0.1214363 0.0000000 0.2347249 0.2691481 0.3081364 
taxon17    0.4181639 0.3569157 0.2901971 0.3308542 0.3311082 0.3578079 0.3243367 0.3861738 0.3643301 0.3787824 0.3677602 0.3830608 0.3978507 0.3975942 0.3728208 0.2229696 0.2347249 0.0000000 0.1366690 0.1429397 
taxon18    0.4562385 0.4190909 0.3535590 0.3888522 0.4158968 0.4247552 0.3795547 0.3997354 0.3607133 0.3962875 0.4031502 0.4264228 0.4494616 0.4234079 0.4065399 0.2709549 0.2691481 0.1366690 0.0000000 0.1282497 
taxon19    0.4803722 0.4238108 0.3868440 0.4067005 0.4258470 0.4387486 0.3677156 0.4052004 0.3737455 0.4080297 0.4320789 0.4563590 0.4560543 0.4508449 0.4237588 0.2829524 0.3081364 0.1429397 0.1282497 0.0000000 
