20
taxon0     0.0000000 0.0196291 0.0245658 0.0612656 0.0616784 0.0659791 0.0817249 0.0555916 0.0762558 0.0915388 0.0765458 0.0662956 0.0604878 0.2224704 0.2437326 0.2372045 0.2473051 0.2458417 0.2517811 0.2509545 
taxon1     0.0196291 0.0000000 0.0144158 0.0717305 0.0610224 0.0546000 0.0699368 0.0659319 0.0754628 0.1085916 0.0933885 0.0655983 0.0598552 0.2432277 0.2364552 0.2583872 0.2529680 0.2366991 0.2425404 0.2572124 
taxon2     0.0245658 0.0144158 0.0000000 0.0561493 0.0558158 0.0496110 0.0649063 0.0710861 0.0702719 0.1031780 0.0880008 0.0604169 0.0547443 0.2372458 0.2307450 0.2395637 0.2464169 0.2303040 0.2361120 0.2506726 
taxon3     0.0612656 0.0717305 0.0561493 0.0000000 0.0096635 0.0347172 0.0499033 0.0398288 0.0341235 0.0543101 0.0341445 0.0345373 0.0292632 0.2552511 0.2531716 0.2462182 0.2821127 0.2804032 0.2736795 0.2727880 
taxon4     0.0616784 0.0610224 0.0558158 0.0096635 0.0000000 0.0345146 0.0496123 0.0400930 0.0241910 0.0546657 0.0343672 0.0244845 0.0193624 0.2695576 0.2515769 0.2603065 0.2677692 0.2661560 0.2596714 0.2747519 
taxon5     0.0659791 0.0546000 0.0496110 0.0347172 0.0345146 0.0000000 0.0144056 0.0245799 0.0545062 0.0761678 0.0551811 0.0551671 0.0495760 0.2542323 0.2604671 0.2693554 0.2778105 0.2608656 0.2657216 0.2808666 
taxon6     0.0817249 0.0699368 0.0649063 0.0499033 0.0496123 0.0144056 0.0000000 0.0395692 0.0698142 0.0919995 0.0706808 0.0706565 0.0648574 0.2649511 0.2711937 0.2801482 0.2885873 0.2714911 0.2763647 0.2915998 
taxon7     0.0555916 0.0659319 0.0710861 0.0398288 0.0400930 0.0245799 0.0395692 0.0000000 0.0604256 0.0607192 0.0502690 0.0611661 0.0554219 0.2608693 0.2833409 0.2760786 0.2884424 0.2866931 0.2917457 0.2907920 
taxon8     0.0762558 0.0754628 0.0702719 0.0341235 0.0241910 0.0545062 0.0698142 0.0604256 0.0000000 0.0494645 0.0394780 0.0293046 0.0241412 0.2802815 0.2567057 0.2708073 0.2759324 0.2811842 0.2647948 0.2798913 
taxon9     0.0915388 0.1085916 0.1031780 0.0543101 0.0546657 0.0761678 0.0919995 0.0607192 0.0494645 0.0000000 0.0195234 0.0602005 0.0545495 0.2771299 0.2694590 0.2677421 0.2712923 0.2707191 0.2602491 0.2594035 
taxon10    0.0765458 0.0933885 0.0880008 0.0341445 0.0343672 0.0551811 0.0706808 0.0502690 0.0394780 0.0195234 0.0000000 0.0500508 0.0445262 0.2744499 0.2667342 0.2596615 0.2703789 0.2698022 0.2635559 0.2626947 
taxon11    0.0662956 0.0655983 0.0604169 0.0345373 0.0244845 0.0551671 0.0706565 0.0611661 0.0293046 0.0602005 0.0500508 0.0000000 0.0048306 0.2672494 0.2439169 0.2579047 0.2570107 0.2554762 0.2394253 0.2541774 
taxon12    0.0604878 0.0598552 0.0547443 0.0292632 0.0193624 0.0495760 0.0648574 0.0554219 0.0241412 0.0545495 0.0445262 0.0048306 0.0000000 0.2642252 0.2411196 0.2549788 0.2540656 0.2525598 0.2366636 0.2512706 
taxon13    0.2224704 0.2432277 0.2372458 0.2552511 0.2695576 0.2542323 0.2649511 0.2608693 0.2802815 0.2771299 0.2744499 0.2672494 0.2642252 0.0000000 0.0250139 0.0349661 0.0803414 0.0908450 0.0744736 0.0634286 
taxon14    0.2437326 0.2364552 0.2307450 0.2531716 0.2515769 0.2604671 0.2711937 0.2833409 0.2567057 0.2694590 0.2667342 0.2439169 0.2411196 0.0250139 0.0000000 0.0297208 0.0748217 0.0853097 0.0573325 0.0577141 
taxon15    0.2372045 0.2583872 0.2395637 0.2462182 0.2603065 0.2693554 0.2801482 0.2760786 0.2708073 0.2677421 0.2596615 0.2579047 0.2549788 0.0349661 0.0297208 0.0000000 0.0913805 0.0908919 0.0682313 0.0680010 
taxon16    0.2473051 0.2529680 0.2464169 0.2821127 0.2677692 0.2778105 0.2885873 0.2884424 0.2759324 0.2712923 0.2703789 0.2570107 0.2540656 0.0803414 0.0748217 0.0913805 0.0000000 0.0295079 0.0511643 0.0515031 
taxon17    0.2458417 0.2366991 0.2303040 0.2804032 0.2661560 0.2608656 0.2714911 0.2866931 0.2811842 0.2707191 0.2698022 0.2554762 0.2525598 0.0908450 0.0853097 0.0908919 0.0295079 0.0000000 0.0402426 0.0508559 
taxon18    0.2517811 0.2425404 0.2361120 0.2736795 0.2596714 0.2657216 0.2763647 0.2917457 0.2647948 0.2602491 0.2635559 0.2394253 0.2366636 0.0744736 0.0573325 0.0682313 0.0511643 0.0402426 0.0000000 0.0097627 
taxon19    0.2509545 0.2572124 0.2506726 0.2727880 0.2747519 0.2808666 0.2915998 0.2907920 0.2798913 0.2594035 0.2626947 0.2541774 0.2512706 0.0634286 0.0577141 0.0680010 0.0515031 0.0508559 0.0097627 0.0000000 
