20
taxon0     0.0000000 0.0148060 0.0147839 0.0296353 0.0396322 0.0346631 0.0296664 0.0296664 0.0346433 0.0346709 0.0347848 0.0296775 0.0507425 0.0403056 0.0404578 0.2346251 0.2451720 0.2201689 0.2253553 0.2316937 
taxon1     0.0148060 0.0000000 0.0198246 0.0347711 0.0448392 0.0298136 0.0248074 0.0248074 0.0297965 0.0298203 0.0299190 0.0248168 0.0453703 0.0456029 0.0351707 0.2406317 0.2512417 0.2275161 0.2327125 0.2390900 
taxon2     0.0147839 0.0198246 0.0000000 0.0147417 0.0246420 0.0297036 0.0247158 0.0247158 0.0296866 0.0297103 0.0298082 0.0247251 0.0456583 0.0352601 0.0353938 0.2423816 0.2530843 0.2140945 0.2192918 0.2256206 
taxon3     0.0296353 0.0347711 0.0147417 0.0000000 0.0098059 0.0346169 0.0296272 0.0296272 0.0345972 0.0346246 0.0448152 0.0396517 0.0610127 0.0504823 0.0506714 0.2613076 0.2722352 0.2326407 0.2378098 0.2441723 
taxon4     0.0396322 0.0448392 0.0246420 0.0098059 0.0000000 0.0446416 0.0396215 0.0396215 0.0346343 0.0446515 0.0448639 0.0396945 0.0713964 0.0607601 0.0609861 0.2681384 0.2761180 0.2241994 0.2293488 0.2356573 
taxon5     0.0346631 0.0298136 0.0297036 0.0346169 0.0446416 0.0000000 0.0048902 0.0048902 0.0097893 0.0097971 0.0197240 0.0147249 0.0662732 0.0556762 0.0558843 0.2552111 0.2794421 0.2394865 0.2446634 0.2510597 
taxon6     0.0296664 0.0248074 0.0247158 0.0296272 0.0396215 0.0048902 0.0000000 0.0000010 0.0048875 0.0048913 0.0147712 0.0098021 0.0610830 0.0505389 0.0507284 0.2486741 0.2727757 0.2330653 0.2382464 0.2446252 
taxon7     0.0296664 0.0248074 0.0247158 0.0296272 0.0396215 0.0048902 0.0000010 0.0000000 0.0048875 0.0048913 0.0147712 0.0098021 0.0610830 0.0505389 0.0507284 0.2486741 0.2727757 0.2330653 0.2382464 0.2446252 
taxon8     0.0346433 0.0297965 0.0296866 0.0345972 0.0346343 0.0097893 0.0048875 0.0048875 0.0000000 0.0097916 0.0098379 0.0048963 0.0662343 0.0556437 0.0558515 0.2550323 0.2792439 0.2268014 0.2319899 0.2383555 
taxon9     0.0346709 0.0298203 0.0297103 0.0346246 0.0446515 0.0097971 0.0048913 0.0048913 0.0097916 0.0000000 0.0197285 0.0147282 0.0662880 0.0556887 0.0558968 0.2552627 0.2794966 0.2395357 0.2447131 0.2511101 
taxon10    0.0347848 0.0299190 0.0298082 0.0448152 0.0448639 0.0197240 0.0147712 0.0147712 0.0098379 0.0197285 0.0000000 0.0049164 0.0665072 0.0558729 0.0560823 0.2561553 0.2804727 0.2278013 0.2330074 0.2393981 
taxon11    0.0296775 0.0248168 0.0247251 0.0396517 0.0396945 0.0147249 0.0098021 0.0098021 0.0048963 0.0147282 0.0049164 0.0000000 0.0611051 0.0505575 0.0507471 0.2487374 0.2728393 0.2206272 0.2258243 0.2321776 
taxon12    0.0507425 0.0453703 0.0456583 0.0610127 0.0713964 0.0662732 0.0610830 0.0610830 0.0662343 0.0662880 0.0665072 0.0611051 0.0000000 0.0149518 0.0149097 0.2194677 0.2302840 0.2330948 0.2458678 0.2522904 
taxon13    0.0403056 0.0456029 0.0352601 0.0504823 0.0607601 0.0556762 0.0505389 0.0505389 0.0556437 0.0556887 0.0558729 0.0505575 0.0149518 0.0000000 0.0099045 0.2403646 0.2378165 0.2192539 0.2318959 0.2382543 
taxon14    0.0404578 0.0351707 0.0353938 0.0506714 0.0609861 0.0558843 0.0507284 0.0507284 0.0558515 0.0558968 0.0560823 0.0507471 0.0149097 0.0099045 0.0000000 0.2396936 0.2371458 0.2336968 0.2465016 0.2529402 
taxon15    0.2346251 0.2406317 0.2423816 0.2613076 0.2681384 0.2552111 0.2486741 0.2486741 0.2550323 0.2552627 0.2561553 0.2487374 0.2194677 0.2403646 0.2396936 0.0000000 0.0400511 0.0664427 0.0662351 0.0714364 
taxon16    0.2451720 0.2512417 0.2530843 0.2722352 0.2761180 0.2794421 0.2727757 0.2727757 0.2792439 0.2794966 0.2804727 0.2728393 0.2302840 0.2378165 0.2371458 0.0400511 0.0000000 0.0666379 0.0664292 0.0716394 
taxon17    0.2201689 0.2275161 0.2140945 0.2326407 0.2241994 0.2394865 0.2330653 0.2330653 0.2268014 0.2395357 0.2278013 0.2206272 0.2330948 0.2192539 0.2336968 0.0664427 0.0666379 0.0000000 0.0197126 0.0246771 
taxon18    0.2253553 0.2327125 0.2192918 0.2378098 0.2293488 0.2446634 0.2382464 0.2382464 0.2319899 0.2447131 0.2330074 0.2258243 0.2458678 0.2318959 0.2465016 0.0662351 0.0664292 0.0197126 0.0000000 0.0048843 
taxon19    0.2316937 0.2390900 0.2256206 0.2441723 0.2356573 0.2510597 0.2446252 0.2446252 0.2383555 0.2511101 0.2393981 0.2321776 0.2522904 0.2382543 0.2529402 0.0714364 0.0716394 0.0246771 0.0048843 0.0000000 
