20
taxon0     0.0000000 0.0458649 0.0862159 0.0914662 0.1581072 0.1639784 0.1678368 0.1796387 0.1972262 0.2074611 0.2334464 0.2482563 0.1300447 0.1042628 0.2666531 0.2576914 0.2654241 0.2934186 0.2936036 0.3005932 
taxon1     0.0458649 0.0000000 0.0812163 0.0933444 0.1604095 0.1663655 0.1749536 0.1868718 0.2046381 0.2140717 0.2414025 0.2564481 0.1296314 0.0988419 0.2856714 0.2771980 0.2843473 0.3135428 0.3137431 0.3206121 
taxon2     0.0862159 0.0812163 0.0000000 0.0410882 0.1845834 0.1780406 0.1776377 0.1959753 0.2086149 0.2239757 0.2512286 0.2533199 0.1528381 0.1223835 0.3093454 0.2916628 0.3128950 0.3362364 0.3289977 0.3359814 
taxon3     0.0914662 0.0933444 0.0410882 0.0000000 0.1662276 0.1720569 0.1675653 0.1796204 0.1978158 0.2060815 0.2344760 0.2495542 0.1662417 0.1353738 0.3046987 0.2962756 0.3126393 0.3273685 0.3242537 0.3188968 
taxon4     0.1581072 0.1604095 0.1845834 0.1662276 0.0000000 0.0614067 0.0916813 0.1025853 0.1251167 0.1265358 0.1318433 0.1443869 0.1454186 0.1190020 0.2919859 0.2846659 0.2994391 0.3093418 0.2881617 0.3058122 
taxon5     0.1639784 0.1663655 0.1780406 0.1720569 0.0614067 0.0000000 0.0917307 0.1026847 0.1200137 0.1319544 0.1492138 0.1503562 0.1525667 0.1081813 0.3109217 0.3030108 0.3178134 0.3434645 0.3260876 0.3337475 
taxon6     0.1678368 0.1749536 0.1776377 0.1675653 0.0916813 0.0917307 0.0000000 0.0196640 0.0348153 0.0450609 0.0668261 0.0725628 0.1371730 0.1092972 0.3354298 0.3061681 0.3425061 0.3514077 0.3622461 0.3461046 
taxon7     0.1796387 0.1868718 0.1959753 0.1796204 0.1025853 0.1026847 0.0196640 0.0000000 0.0195801 0.0247213 0.0456891 0.0564278 0.1548313 0.1261610 0.3211270 0.2897079 0.3277889 0.3366417 0.3473181 0.3316770 
taxon8     0.1972262 0.2046381 0.2086149 0.1978158 0.1251167 0.1200137 0.0348153 0.0195801 0.0000000 0.0247311 0.0457083 0.0514037 0.1664567 0.1372828 0.3188756 0.2860141 0.3236753 0.3342937 0.3449311 0.3293900 
taxon9     0.2074611 0.2140717 0.2239757 0.2060815 0.1265358 0.1319544 0.0450609 0.0247213 0.0247311 0.0000000 0.0406412 0.0513312 0.1865680 0.1562381 0.3267262 0.2934344 0.3315115 0.3423823 0.3530945 0.3372980 
taxon10    0.2334464 0.2414025 0.2512286 0.2344760 0.1318433 0.1492138 0.0668261 0.0456891 0.0457083 0.0406412 0.0000000 0.0197578 0.2094239 0.1831817 0.3234067 0.2994911 0.3189051 0.3380092 0.3404644 0.3251177 
taxon11    0.2482563 0.2564481 0.2533199 0.2495542 0.1443869 0.1503562 0.0725628 0.0564278 0.0514037 0.0513312 0.0197578 0.0000000 0.2171764 0.1904278 0.3508156 0.3238734 0.3438693 0.3672213 0.3781872 0.3615878 
taxon12    0.1300447 0.1296314 0.1528381 0.1662417 0.1454186 0.1525667 0.1371730 0.1548313 0.1664567 0.1865680 0.2094239 0.2171764 0.0000000 0.0561518 0.2882542 0.2777072 0.2860113 0.3277726 0.3212617 0.3250512 
taxon13    0.1042628 0.0988419 0.1223835 0.1353738 0.1190020 0.1081813 0.1092972 0.1261610 0.1372828 0.1562381 0.1831817 0.1904278 0.0561518 0.0000000 0.2857923 0.2690041 0.2834812 0.3132950 0.3040419 0.3078634 
taxon14    0.2666531 0.2856714 0.3093454 0.3046987 0.2919859 0.3109217 0.3354298 0.3211270 0.3188756 0.3267262 0.3234067 0.3508156 0.2882542 0.2857923 0.0000000 0.0725143 0.0671362 0.1133041 0.1064776 0.1220265 
taxon15    0.2576914 0.2771980 0.2916628 0.2962756 0.2846659 0.3030108 0.3061681 0.2897079 0.2860141 0.2934344 0.2994911 0.3238734 0.2777072 0.2690041 0.0725143 0.0000000 0.0354488 0.1069244 0.1126407 0.1246546 
taxon16    0.2654241 0.2843473 0.3128950 0.3126393 0.2994391 0.3178134 0.3425061 0.3277889 0.3236753 0.3315115 0.3189051 0.3438693 0.2860113 0.2834812 0.0671362 0.0354488 0.0000000 0.1012945 0.1069779 0.1239521 
taxon17    0.2934186 0.3135428 0.3362364 0.3273685 0.3093418 0.3434645 0.3514077 0.3366417 0.3342937 0.3423823 0.3380092 0.3672213 0.3277726 0.3132950 0.1133041 0.1069244 0.1012945 0.0000000 0.0616098 0.0719024 
taxon18    0.2936036 0.3137431 0.3289977 0.3242537 0.2881617 0.3260876 0.3622461 0.3473181 0.3449311 0.3530945 0.3404644 0.3781872 0.3212617 0.3040419 0.1064776 0.1126407 0.1069779 0.0616098 0.0000000 0.0405620 
taxon19    0.3005932 0.3206121 0.3359814 0.3188968 0.3058122 0.3337475 0.3461046 0.3316770 0.3293900 0.3372980 0.3251177 0.3615878 0.3250512 0.3078634 0.1220265 0.1246546 0.1239521 0.0719024 0.0405620 0.0000000 
