20
taxon0     0.0000000 0.0613824 0.0666293 0.0776589 0.1031193 0.1215515 0.1395298 0.1919232 0.1584875 0.1278071 0.1515484 0.1663203 0.1126175 0.1184959 0.2854793 0.2998891 0.3210666 0.3175684 0.2688981 0.2838050 
taxon1     0.0613824 0.0000000 0.0551297 0.0613230 0.0981153 0.1229878 0.1217138 0.1578805 0.1209887 0.1146370 0.1145436 0.1400567 0.1393246 0.1346462 0.2660470 0.3127902 0.3193634 0.3293183 0.2896724 0.2778760 
taxon2     0.0666293 0.0551297 0.0000000 0.0559014 0.1208265 0.1348073 0.1099287 0.1576246 0.1208558 0.0916967 0.0916196 0.1221606 0.1042046 0.1108770 0.2843805 0.3040853 0.3109155 0.3203584 0.2862853 0.2762366 
taxon3     0.0776589 0.0613230 0.0559014 0.0000000 0.1081965 0.1095129 0.1158236 0.1760749 0.1444623 0.1202040 0.0977615 0.1519724 0.1222809 0.1402943 0.2759434 0.2840312 0.2858853 0.3081526 0.2788271 0.2680875 
taxon4     0.1031193 0.0981153 0.1208265 0.1081965 0.0000000 0.0566198 0.0881426 0.1305109 0.0949800 0.0672147 0.0780997 0.1128056 0.0897847 0.0904600 0.2944997 0.3006180 0.2946486 0.3136240 0.2875800 0.3066428 
taxon5     0.1215515 0.1229878 0.1348073 0.1095129 0.0566198 0.0000000 0.1056398 0.1620945 0.1250114 0.0902349 0.1015579 0.1329314 0.1138336 0.1085151 0.3117367 0.3425358 0.3439029 0.3490873 0.3106647 0.2991953 
taxon6     0.1395298 0.1217138 0.1099287 0.1158236 0.0881426 0.1056398 0.0000000 0.1356707 0.0891543 0.0779061 0.0779794 0.1138356 0.0853738 0.1074889 0.3206918 0.3417067 0.3261438 0.3457553 0.3429354 0.3372902 
taxon7     0.1919232 0.1578805 0.1576246 0.1760749 0.1305109 0.1620945 0.1356707 0.0000000 0.1048260 0.1064553 0.0997371 0.1564236 0.1477010 0.1429533 0.3455362 0.3658622 0.3709196 0.3925229 0.3558604 0.3882300 
taxon8     0.1584875 0.1209887 0.1208558 0.1444623 0.0949800 0.1250114 0.0891543 0.1048260 0.0000000 0.0670877 0.0777837 0.1021955 0.1057195 0.1180143 0.3117428 0.3495817 0.3298330 0.3565546 0.2923715 0.3512931 
taxon9     0.1278071 0.1146370 0.0916967 0.1202040 0.0672147 0.0902349 0.0779061 0.1064553 0.0670877 0.0000000 0.0404501 0.0677506 0.0617705 0.0784319 0.3092733 0.3181292 0.3262157 0.3457781 0.2967178 0.3285805 
taxon10    0.1515484 0.1145436 0.0916196 0.0977615 0.0780997 0.1015579 0.0779794 0.0997371 0.0777837 0.0404501 0.0000000 0.0903327 0.0620601 0.0785224 0.3155544 0.3262557 0.3203833 0.3531735 0.3257585 0.3211075 
taxon11    0.1663203 0.1400567 0.1221606 0.1519724 0.1128056 0.1329314 0.1138356 0.1564236 0.1021955 0.0677506 0.0903327 0.0000000 0.1080543 0.1083141 0.3408574 0.3393636 0.3542856 0.3745634 0.3051152 0.3432489 
taxon12    0.1126175 0.1393246 0.1042046 0.1222809 0.0897847 0.1138336 0.0853738 0.1477010 0.1057195 0.0617705 0.0620601 0.1080543 0.0000000 0.0463171 0.3459757 0.3221722 0.3319288 0.3587654 0.3286523 0.3466895 
taxon13    0.1184959 0.1346462 0.1108770 0.1402943 0.0904600 0.1085151 0.1074889 0.1429533 0.1180143 0.0784319 0.0785224 0.1083141 0.0463171 0.0000000 0.3581103 0.3516834 0.3531425 0.3824292 0.3439960 0.3414297 
taxon14    0.2854793 0.2660470 0.2843805 0.2759434 0.2944997 0.3117367 0.3206918 0.3455362 0.3117428 0.3092733 0.3155544 0.3408574 0.3459757 0.3581103 0.0000000 0.0891075 0.0763147 0.0609734 0.0826777 0.0767411 
taxon15    0.2998891 0.3127902 0.3040853 0.2840312 0.3006180 0.3425358 0.3417067 0.3658622 0.3495817 0.3181292 0.3262557 0.3393636 0.3221722 0.3516834 0.0891075 0.0000000 0.0729707 0.0632130 0.1062875 0.1180455 
taxon16    0.3210666 0.3193634 0.3109155 0.2858853 0.2946486 0.3439029 0.3261438 0.3709196 0.3298330 0.3262157 0.3203833 0.3542856 0.3319288 0.3531425 0.0763147 0.0729707 0.0000000 0.0443693 0.1161514 0.1155508 
taxon17    0.3175684 0.3293183 0.3203584 0.3081526 0.3136240 0.3490873 0.3457553 0.3925229 0.3565546 0.3457781 0.3531735 0.3745634 0.3587654 0.3824292 0.0609734 0.0632130 0.0443693 0.0000000 0.1003128 0.0831010 
taxon18    0.2688981 0.2896724 0.2862853 0.2788271 0.2875800 0.3106647 0.3429354 0.3558604 0.2923715 0.2967178 0.3257585 0.3051152 0.3286523 0.3439960 0.0826777 0.1062875 0.1161514 0.1003128 0.0000000 0.0667718 
taxon19    0.2838050 0.2778760 0.2762366 0.2680875 0.3066428 0.2991953 0.3372902 0.3882300 0.3512931 0.3285805 0.3211075 0.3432489 0.3466895 0.3414297 0.0767411 0.1180455 0.1155508 0.0831010 0.0667718 0.0000000 
