20
taxon0     0.0000000 0.1493968 0.1920148 0.2655930 0.3278314 0.3266878 0.3812609 0.3888256 0.4993600 0.4700577 0.4251425 0.4075127 0.4495384 0.4488432 0.4768493 0.4329985 0.4614395 0.4907474 0.4998970 0.4394511 
taxon1     0.1493968 0.0000000 0.2260354 0.2960073 0.3710209 0.3684957 0.4218296 0.4380755 0.5258540 0.4991388 0.4691440 0.4725328 0.4714006 0.5110416 0.5275833 0.4851089 0.5028362 0.5443826 0.5453992 0.5327698 
taxon2     0.1920148 0.2260354 0.0000000 0.1578094 0.1924817 0.2494768 0.2699510 0.2766372 0.3835867 0.3408703 0.4431495 0.4219490 0.4441078 0.4999799 0.5094000 0.4758545 0.4785963 0.5259903 0.5191121 0.4938835 
taxon3     0.2655930 0.2960073 0.1578094 0.0000000 0.1817142 0.1795609 0.2490154 0.2294383 0.3419135 0.3156727 0.5194511 0.4391703 0.4522059 0.5266100 0.5383484 0.5348922 0.5445457 0.5797847 0.5530745 0.5422308 
taxon4     0.3278314 0.3710209 0.1924817 0.1817142 0.0000000 0.0920628 0.1462036 0.1339205 0.2587836 0.2210817 0.5484265 0.5200254 0.4933531 0.5894919 0.5933667 0.6049364 0.6126685 0.6156707 0.5987061 0.5704341 
taxon5     0.3266878 0.3684957 0.2494768 0.1795609 0.0920628 0.0000000 0.1041099 0.0923852 0.2027025 0.1750242 0.5394445 0.4844009 0.4823063 0.5821700 0.5889210 0.5860055 0.5972353 0.6079094 0.6050323 0.6078143 
taxon6     0.3812609 0.4218296 0.2699510 0.2490154 0.1462036 0.1041099 0.0000000 0.1205106 0.2254487 0.2060854 0.5510899 0.5317736 0.5221991 0.6399585 0.6322660 0.6324694 0.6064809 0.6555157 0.6632825 0.6770118 
taxon7     0.3888256 0.4380755 0.2766372 0.2294383 0.1339205 0.0923852 0.1205106 0.0000000 0.1172569 0.0797664 0.5374436 0.5069384 0.5147184 0.5818447 0.6259418 0.6519618 0.6257959 0.6334356 0.6580474 0.6740249 
taxon8     0.4993600 0.5258540 0.3835867 0.3419135 0.2587836 0.2027025 0.2254487 0.1172569 0.0000000 0.0702306 0.6222239 0.5973987 0.6175805 0.6033234 0.6879728 0.6842662 0.6895793 0.7133438 0.7468407 0.7649053 
taxon9     0.4700577 0.4991388 0.3408703 0.3156727 0.2210817 0.1750242 0.2060854 0.0797664 0.0702306 0.0000000 0.5873374 0.5690250 0.5928788 0.5741341 0.6486980 0.6766988 0.6645441 0.7018365 0.7443911 0.7385456 
taxon10    0.4251425 0.4691440 0.4431495 0.5194511 0.5484265 0.5394445 0.5510899 0.5374436 0.6222239 0.5873374 0.0000000 0.1062319 0.2018011 0.3049321 0.2869654 0.3779254 0.4003547 0.4585730 0.5086977 0.4724660 
taxon11    0.4075127 0.4725328 0.4219490 0.4391703 0.5200254 0.4844009 0.5317736 0.5069384 0.5973987 0.5690250 0.1062319 0.0000000 0.1649308 0.2856467 0.2763036 0.3638184 0.3663018 0.4457846 0.4842458 0.4254469 
taxon12    0.4495384 0.4714006 0.4441078 0.4522059 0.4933531 0.4823063 0.5221991 0.5147184 0.6175805 0.5928788 0.2018011 0.1649308 0.0000000 0.1964055 0.1931274 0.3638111 0.3805170 0.4579143 0.4849194 0.4521751 
taxon13    0.4488432 0.5110416 0.4999799 0.5266100 0.5894919 0.5821700 0.6399585 0.5818447 0.6033234 0.5741341 0.3049321 0.2856467 0.1964055 0.0000000 0.1825484 0.4108177 0.4526222 0.4509253 0.5161905 0.5071489 
taxon14    0.4768493 0.5275833 0.5094000 0.5383484 0.5933667 0.5889210 0.6322660 0.6259418 0.6879728 0.6486980 0.2869654 0.2763036 0.1931274 0.1825484 0.0000000 0.4539181 0.4618354 0.5074470 0.5443856 0.5038447 
taxon15    0.4329985 0.4851089 0.4758545 0.5348922 0.6049364 0.5860055 0.6324694 0.6519618 0.6842662 0.6766988 0.3779254 0.3638184 0.3638111 0.4108177 0.4539181 0.0000000 0.1428236 0.2588329 0.2753601 0.2369008 
taxon16    0.4614395 0.5028362 0.4785963 0.5445457 0.6126685 0.5972353 0.6064809 0.6257959 0.6895793 0.6645441 0.4003547 0.3663018 0.3805170 0.4526222 0.4618354 0.1428236 0.0000000 0.3202931 0.3140529 0.2358130 
taxon17    0.4907474 0.5443826 0.5259903 0.5797847 0.6156707 0.6079094 0.6555157 0.6334356 0.7133438 0.7018365 0.4585730 0.4457846 0.4579143 0.4509253 0.5074470 0.2588329 0.3202931 0.0000000 0.1023837 0.2030143 
taxon18    0.4998970 0.5453992 0.5191121 0.5530745 0.5987061 0.6050323 0.6632825 0.6580474 0.7468407 0.7443911 0.5086977 0.4842458 0.4849194 0.5161905 0.5443856 0.2753601 0.3140529 0.1023837 0.0000000 0.1911422 
taxon19    0.4394511 0.5327698 0.4938835 0.5422308 0.5704341 0.6078143 0.6770118 0.6740249 0.7649053 0.7385456 0.4724660 0.4254469 0.4521751 0.5071489 0.5038447 0.2369008 0.2358130 0.2030143 0.1911422 0.0000000 
