20
taxon0     0.0000000 0.4612209 0.6084643 0.5067391 1.8206896 1.4899962 1.5123266 1.2755763 1.2992643 1.5702029 1.5132551 2.2821578 2.3260250 2.1410786 2.2767468 1.5865497 1.5332928 1.9552434 1.9801909 1.8370338 
taxon1     0.4612209 0.0000000 0.5318940 0.4285765 2.4256325 1.9186952 2.0317847 1.5883771 1.6712661 2.1755697 1.8756815 2.6095003 3.0129616 2.5830607 2.7366053 2.0208088 1.8586677 2.1886484 2.4030646 2.1178889 
taxon2     0.6084643 0.5318940 0.0000000 0.1632854 1.8700038 1.6974854 1.6353010 1.3977105 1.6018130 1.8943142 1.9467383 2.1604982 2.5253682 2.6075968 2.5974861 1.9635965 1.8312246 2.3302552 2.1707629 2.0270509 
taxon3     0.5067391 0.4285765 0.1632854 0.0000000 1.9594107 1.5424659 1.5746717 1.2285732 1.2492793 1.7573364 1.6680096 2.1263719 2.6271089 2.3496429 2.3656339 1.7282426 1.6208882 2.0666915 1.8689363 1.7818435 
taxon4     1.8206896 2.4256325 1.8700038 1.9594107 0.0000000 0.8832172 0.8254731 1.1349290 1.3220973 1.4897058 1.5240213 3.3780865 3.5163980 3.4252205 3.4571415 3.0857226 3.0184336 3.1650744 2.8114159 3.1310813 
taxon5     1.4899962 1.9186952 1.6974854 1.5424659 0.8832172 0.0000000 0.3491028 1.0108415 0.8792301 1.1347526 1.1698697 2.0980904 2.5099394 2.4171247 2.7515975 2.1055493 1.9085211 2.0803940 2.2207616 1.9816994 
taxon6     1.5123266 2.0317847 1.6353010 1.5746717 0.8254731 0.3491028 0.0000000 0.9919410 0.9781578 1.1735115 1.2333493 2.6387930 2.7100487 2.9456814 2.6993421 2.3431728 2.1892173 2.5124872 2.3423458 2.2450814 
taxon7     1.2755763 1.5883771 1.3977105 1.2285732 1.1349290 1.0108415 0.9919410 0.0000000 0.5941467 0.7945702 0.7748159 2.6708715 2.8998824 2.4665858 2.6317554 2.0273614 2.0679308 2.6534316 2.7254606 2.6989754 
taxon8     1.2992643 1.6712661 1.6018130 1.2492793 1.3220973 0.8792301 0.9781578 0.5941467 0.0000000 0.5898454 0.5935876 2.5076555 2.5144653 2.2760648 2.1598258 1.6749302 1.5558520 1.9938197 2.0171182 1.8159780 
taxon9     1.5702029 2.1755697 1.8943142 1.7573364 1.4897058 1.1347526 1.1735115 0.7945702 0.5898454 0.0000000 0.2931968 2.2946070 2.2955696 2.1347432 2.1319556 1.6536256 1.6345616 2.0989441 2.0498504 1.9646549 
taxon10    1.5132551 1.8756815 1.9467383 1.6680096 1.5240213 1.1698697 1.2333493 0.7748159 0.5935876 0.2931968 0.0000000 2.6654022 2.3593372 2.5195039 2.5013176 1.9127145 1.8142286 2.2225790 2.2709863 2.1166260 
taxon11    2.2821578 2.6095003 2.1604982 2.1263719 3.3780865 2.0980904 2.6387930 2.6708715 2.5076555 2.2946070 2.6654022 0.0000000 0.8130257 0.9638185 0.8114515 1.3056931 1.4568782 1.1258740 1.1332788 1.1873058 
taxon12    2.3260250 3.0129616 2.5253682 2.6271089 3.5163980 2.5099394 2.7100487 2.8998824 2.5144653 2.2955696 2.3593372 0.8130257 0.0000000 0.7121076 0.6317982 1.3538821 1.4479534 1.2991891 1.4182699 1.6156673 
taxon13    2.1410786 2.5830607 2.6075968 2.3496429 3.4252205 2.4171247 2.9456814 2.4665858 2.2760648 2.1347432 2.5195039 0.9638185 0.7121076 0.0000000 0.4806275 1.5372121 1.5145961 1.3597767 1.5760162 1.8307317 
taxon14    2.2767468 2.7366053 2.5974861 2.3656339 3.4571415 2.7515975 2.6993421 2.6317554 2.1598258 2.1319556 2.5013176 0.8114515 0.6317982 0.4806275 0.0000000 1.5015743 1.4768856 1.2965858 1.4850175 1.6367387 
taxon15    1.5865497 2.0208088 1.9635965 1.7282426 3.0857226 2.1055493 2.3431728 2.0273614 1.6749302 1.6536256 1.9127145 1.3056931 1.3538821 1.5372121 1.5015743 0.0000000 0.4049468 0.5234774 1.1113584 1.2594342 
taxon16    1.5332928 1.8586677 1.8312246 1.6208882 3.0184336 1.9085211 2.1892173 2.0679308 1.5558520 1.6345616 1.8142286 1.4568782 1.4479534 1.5145961 1.4768856 0.4049468 0.0000000 0.6015993 1.2707010 1.2987998 
taxon17    1.9552434 2.1886484 2.3302552 2.0666915 3.1650744 2.0803940 2.5124872 2.6534316 1.9938197 2.0989441 2.2225790 1.1258740 1.2991891 1.3597767 1.2965858 0.5234774 0.6015993 0.0000000 1.1021667 1.1190588 
taxon18    1.9801909 2.4030646 2.1707629 1.8689363 2.8114159 2.2207616 2.3423458 2.7254606 2.0171182 2.0498504 2.2709863 1.1332788 1.4182699 1.5760162 1.4850175 1.1113584 1.2707010 1.1021667 0.0000000 0.4882605 
taxon19    1.8370338 2.1178889 2.0270509 1.7818435 3.1310813 1.9816994 2.2450814 2.6989754 1.8159780 1.9646549 2.1166260 1.1873058 1.6156673 1.8307317 1.6367387 1.2594342 1.2987998 1.1190588 0.4882605 0.0000000 
