20
taxon0     0.0000000 0.0493993 0.0764409 0.0713379 0.0870359 0.0604899 0.0394313 0.0553663 0.0769104 0.0936725 0.0502295 0.0400132 0.0453247 0.1571184 0.1623333 0.1617725 0.1383465 0.1440591 0.1193396 0.1248995 
taxon1     0.0493993 0.0000000 0.0300374 0.0351902 0.0402156 0.0762046 0.0597638 0.0709083 0.0986931 0.1152937 0.0761740 0.0553593 0.0608080 0.1816956 0.1752200 0.1746068 0.1622433 0.1681055 0.1373182 0.1430214 
taxon2     0.0764409 0.0300374 0.0000000 0.0144440 0.0096039 0.1051485 0.0873334 0.0932322 0.1135332 0.1392588 0.0986628 0.0830573 0.0888542 0.1965042 0.1874380 0.1747049 0.1858308 0.1797200 0.1498549 0.1556614 
taxon3     0.0713379 0.0351902 0.0144440 0.0000000 0.0144688 0.1111959 0.0928911 0.0988561 0.1036891 0.1338971 0.0934662 0.0886447 0.0945066 0.1910218 0.1819222 0.1692433 0.1803572 0.1742659 0.1444983 0.1502882 
taxon4     0.0870359 0.0402156 0.0096039 0.0144688 0.0000000 0.1161895 0.0980674 0.1040688 0.1198443 0.1506941 0.1095540 0.0938656 0.0997633 0.2084885 0.1994470 0.1865306 0.1977399 0.1915554 0.1613304 0.1672013 
taxon5     0.0604899 0.0762046 0.1051485 0.1111959 0.1161895 0.0000000 0.0396209 0.0721019 0.0832621 0.1343080 0.0721822 0.0720858 0.0724760 0.1533564 0.1696309 0.1690381 0.1399529 0.1457284 0.1207141 0.1263354 
taxon6     0.0394313 0.0597638 0.0873334 0.0928911 0.0980674 0.0396209 0.0000000 0.0452561 0.0661737 0.1103059 0.0504154 0.0452473 0.0454904 0.1330766 0.1434998 0.1430143 0.1150074 0.1205628 0.1078376 0.1133098 
taxon7     0.0553663 0.0709083 0.0932322 0.0988561 0.1040688 0.0721019 0.0452561 0.0000000 0.0294417 0.0600905 0.0048090 0.0194345 0.0195367 0.1529531 0.1635936 0.1630258 0.1341418 0.1398770 0.1216910 0.1273544 
taxon8     0.0769104 0.0986931 0.1135332 0.1036891 0.1198443 0.0832621 0.0661737 0.0294417 0.0000000 0.0816232 0.0244841 0.0497198 0.0499836 0.1542792 0.1709600 0.1703587 0.1410648 0.1468823 0.1283839 0.1341301 
taxon9     0.0936725 0.1152937 0.1392588 0.1338971 0.1506941 0.1343080 0.1103059 0.0600905 0.0816232 0.0000000 0.0549679 0.0707147 0.0760997 0.2102898 0.1971532 0.1964423 0.1897995 0.1959095 0.1667575 0.1728095 
taxon10    0.0502295 0.0761740 0.0986628 0.0934662 0.1095540 0.0721822 0.0504154 0.0048090 0.0244841 0.0549679 0.0000000 0.0243565 0.0244847 0.1471839 0.1578063 0.1572600 0.1285076 0.1342155 0.1161588 0.1217934 
taxon11    0.0400132 0.0553593 0.0830573 0.0886447 0.0938656 0.0720858 0.0452473 0.0194345 0.0497198 0.0707147 0.0243565 0.0000000 0.0097224 0.1656131 0.1710476 0.1704456 0.1463944 0.1522231 0.1268787 0.1325544 
taxon12    0.0453247 0.0608080 0.0888542 0.0945066 0.0997633 0.0724760 0.0454904 0.0195367 0.0499836 0.0760997 0.0244847 0.0097224 0.0000000 0.1665302 0.1711028 0.1767031 0.1471992 0.1530599 0.1275658 0.1332724 
taxon13    0.1571184 0.1816956 0.1965042 0.1910218 0.2084885 0.1533564 0.1330766 0.1529531 0.1542792 0.2102898 0.1471839 0.1656131 0.1665302 0.0000000 0.0541899 0.0540233 0.0292066 0.0341619 0.0928313 0.0924687 
taxon14    0.1623333 0.1752200 0.1874380 0.1819222 0.1994470 0.1696309 0.1434998 0.1635936 0.1709600 0.1971532 0.1578063 0.1710476 0.1711028 0.0541899 0.0000000 0.0190608 0.0537965 0.0588401 0.1029855 0.1025869 
taxon15    0.1617725 0.1746068 0.1747049 0.1692433 0.1865306 0.1690381 0.1430143 0.1630258 0.1703587 0.1964423 0.1572600 0.1704456 0.1767031 0.0540233 0.0190608 0.0000000 0.0536323 0.0485861 0.1026524 0.1022563 
taxon16    0.1383465 0.1622433 0.1858308 0.1803572 0.1977399 0.1399529 0.1150074 0.1341418 0.1410648 0.1897995 0.1285076 0.1463944 0.1471992 0.0292066 0.0537965 0.0536323 0.0000000 0.0143814 0.0760383 0.0757420 
taxon17    0.1440591 0.1681055 0.1797200 0.1742659 0.1915554 0.1457284 0.1205628 0.1398770 0.1468823 0.1959095 0.1342155 0.1522231 0.1530599 0.0341619 0.0588401 0.0485861 0.0143814 0.0000000 0.0813033 0.0809871 
taxon18    0.1193396 0.1373182 0.1498549 0.1444983 0.1613304 0.1207141 0.1078376 0.1216910 0.1283839 0.1667575 0.1161588 0.1268787 0.1275658 0.0928313 0.1029855 0.1026524 0.0760383 0.0813033 0.0000000 0.0047560 
taxon19    0.1248995 0.1430214 0.1556614 0.1502882 0.1672013 0.1263354 0.1133098 0.1273544 0.1341301 0.1728095 0.1217934 0.1325544 0.1332724 0.0924687 0.1025869 0.1022563 0.0757420 0.0809871 0.0047560 0.0000000 
