20
taxon0     0.0000000 0.0149715 0.0456169 0.0150066 0.0150166 0.0251105 0.0302077 0.0200787 0.0304255 0.0407317 0.0458900 0.0510057 0.1890104 0.1873612 0.2039048 0.1968855 0.1886504 0.1895252 0.2191801 0.2003954 
taxon1     0.0149715 0.0000000 0.0405765 0.0201267 0.0303201 0.0301653 0.0352810 0.0354729 0.0460723 0.0510796 0.0562706 0.0509779 0.2083365 0.1941108 0.2236285 0.2104391 0.2003095 0.2040355 0.2319520 0.2202038 
taxon2     0.0456169 0.0405765 0.0000000 0.0301083 0.0403231 0.0402415 0.0453860 0.0454940 0.0561736 0.0614409 0.0666603 0.0613178 0.2328001 0.2182247 0.2485567 0.2351429 0.2324182 0.2286193 0.2644578 0.2452289 
taxon3     0.0150066 0.0201267 0.0301083 0.0000000 0.0099495 0.0199639 0.0250170 0.0149662 0.0251960 0.0354192 0.0405388 0.0353497 0.1946176 0.1806523 0.2095855 0.1965764 0.1942547 0.1902659 0.2249064 0.2061114 
taxon4     0.0150166 0.0303201 0.0403231 0.0099495 0.0000000 0.0199769 0.0250334 0.0049824 0.0150995 0.0252685 0.0303667 0.0354393 0.1947490 0.1930597 0.1975566 0.2026791 0.1943858 0.1952811 0.2250583 0.2062522 
taxon5     0.0251105 0.0301653 0.0402415 0.0199639 0.0199769 0.0000000 0.0049546 0.0250419 0.0354153 0.0354551 0.0405800 0.0456671 0.2071201 0.2053391 0.2223356 0.2151984 0.2025611 0.2076917 0.2251743 0.2189170 
taxon6     0.0302077 0.0352810 0.0453860 0.0250170 0.0250334 0.0049546 0.0000000 0.0301255 0.0405767 0.0406218 0.0457672 0.0508689 0.2135348 0.2117054 0.2288862 0.2216968 0.2089979 0.2016014 0.2189516 0.2127092 
taxon7     0.0200787 0.0354729 0.0454940 0.0149662 0.0049824 0.0250419 0.0301255 0.0000000 0.0100612 0.0202046 0.0252929 0.0303602 0.2012027 0.1994632 0.2041052 0.2092205 0.2008352 0.2017561 0.2317667 0.2128751 
taxon8     0.0304255 0.0460723 0.0561736 0.0251960 0.0150995 0.0354153 0.0405767 0.0100612 0.0000000 0.0201393 0.0252113 0.0302639 0.2152177 0.2133634 0.2183385 0.2234569 0.2148406 0.2158203 0.2464476 0.2272985 
taxon9     0.0407317 0.0510796 0.0614409 0.0354192 0.0252685 0.0354551 0.0406218 0.0202046 0.0201393 0.0000000 0.0049783 0.0099592 0.2278774 0.2259316 0.2311767 0.2362662 0.2233678 0.2285216 0.2399555 0.2336122 
taxon10    0.0458900 0.0562706 0.0666603 0.0405388 0.0303667 0.0405800 0.0457672 0.0252929 0.0252113 0.0049783 0.0000000 0.0049761 0.2341181 0.2321285 0.2375042 0.2425777 0.2296356 0.2347827 0.2463254 0.2399662 
taxon11    0.0510057 0.0509779 0.0613178 0.0353497 0.0354393 0.0456671 0.0508689 0.0303602 0.0302639 0.0099592 0.0049761 0.0000000 0.2401062 0.2253864 0.2435729 0.2425270 0.2356529 0.2359489 0.2524271 0.2460572 
taxon12    0.1890104 0.2083365 0.2328001 0.1946176 0.1947490 0.2071201 0.2135348 0.2012027 0.2152177 0.2278774 0.2341181 0.2401062 0.0000000 0.0100200 0.0251030 0.0100129 0.0151269 0.0408849 0.0510154 0.0356655 
taxon13    0.1873612 0.1941108 0.2182247 0.1806523 0.1930597 0.2053391 0.2117054 0.1994632 0.2133634 0.2259316 0.2321285 0.2253864 0.0100200 0.0000000 0.0355168 0.0151727 0.0149882 0.0356591 0.0618592 0.0463413 
taxon14    0.2039048 0.2236285 0.2485567 0.2095855 0.1975566 0.2223356 0.2288862 0.2041052 0.2183385 0.2311767 0.2375042 0.2435729 0.0251030 0.0355168 0.0000000 0.0251652 0.0304117 0.0621134 0.0723436 0.0566587 
taxon15    0.1968855 0.2104391 0.2351429 0.1965764 0.2026791 0.2151984 0.2216968 0.2092205 0.2234569 0.2362662 0.2425777 0.2425270 0.0100129 0.0151727 0.0251652 0.0000000 0.0151648 0.0409787 0.0566696 0.0463193 
taxon16    0.1886504 0.2003095 0.2324182 0.1942547 0.1943858 0.2025611 0.2089979 0.2008352 0.2148406 0.2233678 0.2296356 0.2356529 0.0151269 0.0149882 0.0304117 0.0151648 0.0000000 0.0407702 0.0575929 0.0518277 
taxon17    0.1895252 0.2040355 0.2286193 0.1902659 0.1952811 0.2076917 0.2016014 0.2017561 0.2158203 0.2285216 0.2347827 0.2359489 0.0408849 0.0356591 0.0621134 0.0409787 0.0407702 0.0000000 0.0407107 0.0356551 
taxon18    0.2191801 0.2319520 0.2644578 0.2249064 0.2250583 0.2251743 0.2189516 0.2317667 0.2464476 0.2399555 0.2463254 0.2524271 0.0510154 0.0618592 0.0723436 0.0566696 0.0575929 0.0407107 0.0000000 0.0249304 
taxon19    0.2003954 0.2202038 0.2452289 0.2061114 0.2062522 0.2189170 0.2127092 0.2128751 0.2272985 0.2336122 0.2399662 0.2460572 0.0356655 0.0463413 0.0566587 0.0463193 0.0518277 0.0356551 0.0249304 0.0000000 
