20
taxon0     0.0000000 0.7859387 0.8627724 1.3150757 0.9102817 1.3294218 1.0941782 1.1278467 0.9772090 0.7288128 0.8687469 0.8592370 0.7722649 1.4015465 1.3938321 1.3190460 1.2711522 1.3953818 1.1966238 1.1313682 
taxon1     0.7859387 0.0000000 0.9122929 1.7371853 1.4276404 1.9209168 1.5332111 1.4592889 1.4641999 1.2651936 1.4417946 1.5187700 1.4322989 1.7569356 1.7087236 1.4833292 1.4940660 1.6723218 1.6795143 1.8157825 
taxon2     0.8627724 0.9122929 0.0000000 1.5005589 1.3219123 1.5891258 1.2341751 1.5888309 1.4412128 1.2539959 1.2562771 1.2904672 1.2449435 1.5231446 1.5613938 1.4256199 1.4314679 1.8136166 1.6493855 1.5747863 
taxon3     1.3150757 1.7371853 1.5005589 0.0000000 0.6899124 1.1534752 0.8945056 1.4917383 1.3556283 1.2431142 1.2905281 1.1769819 1.2199115 1.5602004 1.6536961 1.5687660 1.6432053 2.0090128 1.7400849 1.7603181 
taxon4     0.9102817 1.4276404 1.3219123 0.6899124 0.0000000 0.7205280 0.5529956 1.1144274 1.0273177 0.8744510 0.9604861 0.8617100 0.8032104 1.3156725 1.2992811 1.0907294 1.0844386 1.3043356 1.2078374 1.1933593 
taxon5     1.3294218 1.9209168 1.5891258 1.1534752 0.7205280 0.0000000 0.6532662 1.3376876 1.1782405 1.1607850 1.2814839 1.2872544 1.2160091 1.7450734 1.8526269 1.5884160 1.3988808 1.5757911 1.5715374 1.5887251 
taxon6     1.0941782 1.5332111 1.2341751 0.8945056 0.5529956 0.6532662 0.0000000 1.3249014 1.1790711 1.1190268 1.1904690 1.1146091 1.0752463 1.3388507 1.3952810 1.2044917 1.2660772 1.4260518 1.3152202 1.4540676 
taxon7     1.1278467 1.4592889 1.5888309 1.4917383 1.1144274 1.3376876 1.3249014 0.0000000 0.3555415 0.9110764 1.0838528 1.0280251 0.8851221 1.7736137 1.6593044 1.4357589 1.3954692 1.9171257 1.6422744 1.4178369 
taxon8     0.9772090 1.4641999 1.4412128 1.3556283 1.0273177 1.1782405 1.1790711 0.3555415 0.0000000 0.7933838 0.9428290 0.9706807 0.8135899 1.4767399 1.5599925 1.2768535 1.2357967 1.6098948 1.4256947 1.1667055 
taxon9     0.7288128 1.2651936 1.2539959 1.2431142 0.8744510 1.1607850 1.1190268 0.9110764 0.7933838 0.0000000 0.4916702 0.4994714 0.3393341 1.4161234 1.5133971 1.3714881 1.2036064 1.5139452 1.1506283 1.1015961 
taxon10    0.8687469 1.4417946 1.2562771 1.2905281 0.9604861 1.2814839 1.1904690 1.0838528 0.9428290 0.4916702 0.0000000 0.6244064 0.4370864 1.5695484 1.5681221 1.2903829 1.3250776 1.6916390 1.4338254 1.2969365 
taxon11    0.8592370 1.5187700 1.2904672 1.1769819 0.8617100 1.2872544 1.1146091 1.0280251 0.9706807 0.4994714 0.6244064 0.0000000 0.3380842 1.3474108 1.2759781 1.1715687 1.2004344 1.5957722 1.3261801 1.3205989 
taxon12    0.7722649 1.4322989 1.2449435 1.2199115 0.8032104 1.2160091 1.0752463 0.8851221 0.8135899 0.3393341 0.4370864 0.3380842 0.0000000 1.4106293 1.3797406 1.2435108 1.2100703 1.4783374 1.1882703 1.1459332 
taxon13    1.4015465 1.7569356 1.5231446 1.5602004 1.3156725 1.7450734 1.3388507 1.7736137 1.4767399 1.4161234 1.5695484 1.3474108 1.4106293 0.0000000 0.2950469 0.4713129 0.3896918 1.0324744 0.9599716 0.9501961 
taxon14    1.3938321 1.7087236 1.5613938 1.6536961 1.2992811 1.8526269 1.3952810 1.6593044 1.5599925 1.5133971 1.5681221 1.2759781 1.3797406 0.2950469 0.0000000 0.5443236 0.4755054 0.9656983 0.9785768 1.0440755 
taxon15    1.3190460 1.4833292 1.4256199 1.5687660 1.0907294 1.5884160 1.2044917 1.4357589 1.2768535 1.3714881 1.2903829 1.1715687 1.2435108 0.4713129 0.5443236 0.0000000 0.3589370 1.1636682 0.9903569 1.0143818 
taxon16    1.2711522 1.4940660 1.4314679 1.6432053 1.0844386 1.3988808 1.2660772 1.3954692 1.2357967 1.2036064 1.3250776 1.2004344 1.2100703 0.3896918 0.4755054 0.3589370 0.0000000 0.9999696 0.8885953 0.8697311 
taxon17    1.3953818 1.6723218 1.8136166 2.0090128 1.3043356 1.5757911 1.4260518 1.9171257 1.6098948 1.5139452 1.6916390 1.5957722 1.4783374 1.0324744 0.9656983 1.1636682 0.9999696 0.0000000 0.3926444 0.8582720 
taxon18    1.1966238 1.6795143 1.6493855 1.7400849 1.2078374 1.5715374 1.3152202 1.6422744 1.4256947 1.1506283 1.4338254 1.3261801 1.1882703 0.9599716 0.9785768 0.9903569 0.8885953 0.3926444 0.0000000 0.6766713 
taxon19    1.1313682 1.8157825 1.5747863 1.7603181 1.1933593 1.5887251 1.4540676 1.4178369 1.1667055 1.1015961 1.2969365 1.3205989 1.1459332 0.9501961 1.0440755 1.0143818 0.8697311 0.8582720 0.6766713 0.0000000 
