20
taxon0     0.0000000 0.0048773 0.0296971 0.0499093 0.0508074 0.0558113 0.0506113 0.0300344 0.0358357 0.0247724 0.0347664 0.0196297 0.0147680 0.0449305 0.0448367 0.0500217 0.1802383 0.2084980 0.1992893 0.1868494 
taxon1     0.0048773 0.0000000 0.0297976 0.0500778 0.0509817 0.0560020 0.0507842 0.0301370 0.0359611 0.0245344 0.0344395 0.0196019 0.0147470 0.0448655 0.0449288 0.0501245 0.1802916 0.2085505 0.1992612 0.1853447 
taxon2     0.0296971 0.0297976 0.0000000 0.0499223 0.0563411 0.0613687 0.0561225 0.0353441 0.0412951 0.0402921 0.0454473 0.0294230 0.0399250 0.0553281 0.0656368 0.0549518 0.1979835 0.2098888 0.2139821 0.2066825 
taxon3     0.0499093 0.0500778 0.0499223 0.0000000 0.0665659 0.0715884 0.0663077 0.0453987 0.0515430 0.0503322 0.0771109 0.0545059 0.0603955 0.0652696 0.0651662 0.0596342 0.2113955 0.2044998 0.2408961 0.2461860 
taxon4     0.0508074 0.0509817 0.0563411 0.0665659 0.0000000 0.0145298 0.0096620 0.0195763 0.0250384 0.0515715 0.0667189 0.0558786 0.0614722 0.0664709 0.0769916 0.0717553 0.1808311 0.2091115 0.2083389 0.2149435 
taxon5     0.0558113 0.0560020 0.0613687 0.0715884 0.0145298 0.0000000 0.0047984 0.0244409 0.0299982 0.0566333 0.0611235 0.0608752 0.0665016 0.0714864 0.0820138 0.0767755 0.1864054 0.2147395 0.2005861 0.2205317 
taxon6     0.0506113 0.0507842 0.0561225 0.0663077 0.0096620 0.0047984 0.0000000 0.0195030 0.0249427 0.0513709 0.0664603 0.0556631 0.0612335 0.0662134 0.0766927 0.0714769 0.1800467 0.2081945 0.2074268 0.2140073 
taxon7     0.0300344 0.0301370 0.0353441 0.0453987 0.0195763 0.0244409 0.0195030 0.0000000 0.0049393 0.0305213 0.0455470 0.0350338 0.0403764 0.0453349 0.0556169 0.0504925 0.1749773 0.2031551 0.2023934 0.2090191 
taxon8     0.0358357 0.0359611 0.0412951 0.0515430 0.0250384 0.0299982 0.0249427 0.0049393 0.0000000 0.0364145 0.0516989 0.0409339 0.0464290 0.0454571 0.0557669 0.0506287 0.1841752 0.2128333 0.2120457 0.2187061 
taxon9     0.0247724 0.0245344 0.0402921 0.0503322 0.0515715 0.0566333 0.0513709 0.0305213 0.0364145 0.0000000 0.0292737 0.0194846 0.0245626 0.0244302 0.0343644 0.0294145 0.1806188 0.1944332 0.1999718 0.1904521 
taxon10    0.0347664 0.0344395 0.0454473 0.0771109 0.0667189 0.0611235 0.0664603 0.0455470 0.0516989 0.0292737 0.0000000 0.0293027 0.0292688 0.0442122 0.0543008 0.0492907 0.2050731 0.2338918 0.1973384 0.2026461 
taxon11    0.0196297 0.0196019 0.0294230 0.0545059 0.0558786 0.0608752 0.0556631 0.0350338 0.0409339 0.0194846 0.0293027 0.0000000 0.0146818 0.0345480 0.0498695 0.0344208 0.1841535 0.2122402 0.2052947 0.1906479 
taxon12    0.0147680 0.0147470 0.0399250 0.0603955 0.0614722 0.0665016 0.0612335 0.0403764 0.0464290 0.0245626 0.0292688 0.0146818 0.0000000 0.0293175 0.0343727 0.0394428 0.1916012 0.2200303 0.1974607 0.1981490 
taxon13    0.0449305 0.0448655 0.0553281 0.0652696 0.0664709 0.0714864 0.0662134 0.0453349 0.0454571 0.0244302 0.0442122 0.0345480 0.0293175 0.0000000 0.0144384 0.0096127 0.2046110 0.2186645 0.1847543 0.2102741 
taxon14    0.0448367 0.0449288 0.0656368 0.0651662 0.0769916 0.0820138 0.0766927 0.0556169 0.0557669 0.0343644 0.0543008 0.0498695 0.0343727 0.0144384 0.0000000 0.0144463 0.2190695 0.2333871 0.1976616 0.2231379 
taxon15    0.0500217 0.0501245 0.0549518 0.0596342 0.0717553 0.0767755 0.0714769 0.0504925 0.0506287 0.0294145 0.0492907 0.0344208 0.0394428 0.0096127 0.0144463 0.0000000 0.2127199 0.2269602 0.1914506 0.2168428 
taxon16    0.1802383 0.1802916 0.1979835 0.2113955 0.1808311 0.1864054 0.1800467 0.1749773 0.1841752 0.1806188 0.2050731 0.1841535 0.1916012 0.2046110 0.2190695 0.2127199 0.0000000 0.0296299 0.0396932 0.0349328 
taxon17    0.2084980 0.2085505 0.2098888 0.2044998 0.2091115 0.2147395 0.2081945 0.2031551 0.2128333 0.1944332 0.2338918 0.2122402 0.2200303 0.2186645 0.2333871 0.2269602 0.0296299 0.0000000 0.0609687 0.0665927 
taxon18    0.1992893 0.1992612 0.2139821 0.2408961 0.2083389 0.2005861 0.2074268 0.2023934 0.2120457 0.1999718 0.1973384 0.2052947 0.1974607 0.1847543 0.1976616 0.1914506 0.0396932 0.0609687 0.0000000 0.0449536 
taxon19    0.1868494 0.1853447 0.2066825 0.2461860 0.2149435 0.2205317 0.2140073 0.2090191 0.2187061 0.1904521 0.2026461 0.1906479 0.1981490 0.2102741 0.2231379 0.2168428 0.0349328 0.0665927 0.0449536 0.0000000 
