20
taxon0     0.0000000 0.0254394 0.0844671 0.0852878 0.0568454 0.0566990 0.0902794 0.0737362 0.0728197 0.1274077 0.1400752 0.2245964 0.2106674 0.1824772 0.2086049 0.2102618 0.2310952 0.2440213 0.2604395 0.2738412 
taxon1     0.0254394 0.0000000 0.0616176 0.0622231 0.0462481 0.0461293 0.0671420 0.0512256 0.0620590 0.1023023 0.1143465 0.2071142 0.1958447 0.1788382 0.2076298 0.2060845 0.2265159 0.2269399 0.2428476 0.2421677 
taxon2     0.0844671 0.0616176 0.0000000 0.0099325 0.0354230 0.0250623 0.0350695 0.0199515 0.0302101 0.1613572 0.1494290 0.2046461 0.2069071 0.2122671 0.2020538 0.2133904 0.2073892 0.1947012 0.2096044 0.2090278 
taxon3     0.0852878 0.0622231 0.0099325 0.0000000 0.0357829 0.0253199 0.0354230 0.0249740 0.0408568 0.1628239 0.1508037 0.2064553 0.2087491 0.2141066 0.2038380 0.2152403 0.2091999 0.1964197 0.2114407 0.2108570 
taxon4     0.0568454 0.0462481 0.0354230 0.0357829 0.0000000 0.0098875 0.0301905 0.0252466 0.0249333 0.1446675 0.1451511 0.1996748 0.1885114 0.1951143 0.1823599 0.2092227 0.2024706 0.1897737 0.2046597 0.2040944 
taxon5     0.0566990 0.0461293 0.0250623 0.0253199 0.0098875 0.0000000 0.0302445 0.0150038 0.0148184 0.1442757 0.1447567 0.2000714 0.1888874 0.1945822 0.1818633 0.1956632 0.2028696 0.1901456 0.2050647 0.2044974 
taxon6     0.0902794 0.0671420 0.0350695 0.0354230 0.0301905 0.0302445 0.0000000 0.0352615 0.0406334 0.1679813 0.1559407 0.1976938 0.1863338 0.2193766 0.2091281 0.2205207 0.2004849 0.1879050 0.1965610 0.1836690 
taxon7     0.0737362 0.0512256 0.0199515 0.0249740 0.0252466 0.0150038 0.0352615 0.0000000 0.0200951 0.1498277 0.1503280 0.2059223 0.1947365 0.2003200 0.2033084 0.2014153 0.2086704 0.1958977 0.2109081 0.2103258 
taxon8     0.0728197 0.0620590 0.0302101 0.0408568 0.0249333 0.0148184 0.0406334 0.0200951 0.0000000 0.1625138 0.1630623 0.2196685 0.2021664 0.2137700 0.2008061 0.2149029 0.2223205 0.2093523 0.2117358 0.2111499 
taxon9     0.1274077 0.1023023 0.1613572 0.1628239 0.1446675 0.1442757 0.1679813 0.1498277 0.1625138 0.0000000 0.0101422 0.2277184 0.2161366 0.1974612 0.2130105 0.2162889 0.2371824 0.2376340 0.2539328 0.2532153 
taxon10    0.1400752 0.1143465 0.1494290 0.1508037 0.1451511 0.1447567 0.1559407 0.1503280 0.1630623 0.0101422 0.0000000 0.2144702 0.2169243 0.2117681 0.1999401 0.2170609 0.2239676 0.2243912 0.2404370 0.2397558 
taxon11    0.2245964 0.2071142 0.2046461 0.2064553 0.1996748 0.2000714 0.1976938 0.2059223 0.2196685 0.2277184 0.2144702 0.0000000 0.0305097 0.0644955 0.0652750 0.0650054 0.0591556 0.0700803 0.0870328 0.0867940 
taxon12    0.2106674 0.1958447 0.2069071 0.2087491 0.1885114 0.1888874 0.1863338 0.1947365 0.2021664 0.2161366 0.2169243 0.0305097 0.0000000 0.0647803 0.0770580 0.0652940 0.0707193 0.0708379 0.0824065 0.0821779 
taxon13    0.1824772 0.1788382 0.2122671 0.2141066 0.1951143 0.1945822 0.2193766 0.2003200 0.2137700 0.1974612 0.2117681 0.0644955 0.0647803 0.0000000 0.0409888 0.0304269 0.0461662 0.0566078 0.0727676 0.0834638 
taxon14    0.2086049 0.2076298 0.2020538 0.2038380 0.1823599 0.1818633 0.2091281 0.2033084 0.2008061 0.2130105 0.1999401 0.0652750 0.0770580 0.0409888 0.0000000 0.0459873 0.0408367 0.0512198 0.0672699 0.0670903 
taxon15    0.2102618 0.2060845 0.2133904 0.2152403 0.2092227 0.1956632 0.2205207 0.2014153 0.2149029 0.2162889 0.2170609 0.0650054 0.0652940 0.0304269 0.0459873 0.0000000 0.0149437 0.0249909 0.0403922 0.0506780 
taxon16    0.2310952 0.2265159 0.2073892 0.2091999 0.2024706 0.2028696 0.2004849 0.2086704 0.2223205 0.2371824 0.2239676 0.0591556 0.0707193 0.0461662 0.0408367 0.0149437 0.0000000 0.0098740 0.0249338 0.0350350 
taxon17    0.2440213 0.2269399 0.1947012 0.1964197 0.1897737 0.1901456 0.1879050 0.1958977 0.2093523 0.2376340 0.2243912 0.0700803 0.0708379 0.0566078 0.0512198 0.0249909 0.0098740 0.0000000 0.0148725 0.0248773 
taxon18    0.2604395 0.2428476 0.2096044 0.2114407 0.2046597 0.2050647 0.1965610 0.2109081 0.2117358 0.2539328 0.2404370 0.0870328 0.0824065 0.0727676 0.0672699 0.0403922 0.0249338 0.0148725 0.0000000 0.0098128 
taxon19    0.2738412 0.2421677 0.2090278 0.2108570 0.2040944 0.2044974 0.1836690 0.2103258 0.2111499 0.2532153 0.2397558 0.0867940 0.0821779 0.0834638 0.0670903 0.0506780 0.0350350 0.0248773 0.0098128 0.0000000 
