20
taxon0     0.0000000 0.0413134 0.0689567 0.3152378 0.2691332 0.3557852 0.4018374 0.3205936 0.3956524 0.3813167 0.3989829 0.3423764 0.3351863 0.3538742 0.4033386 0.3653358 0.3251973 0.3286136 0.3928137 0.2592958 
taxon1     0.0413134 0.0000000 0.0354602 0.3074009 0.2636994 0.3647151 0.3908653 0.3390700 0.3952380 0.3809144 0.3985579 0.3674064 0.3607021 0.3719004 0.4224200 0.3835642 0.2975073 0.2956552 0.3574584 0.2779782 
taxon2     0.0689567 0.0354602 0.0000000 0.3303336 0.2846539 0.3884990 0.4089349 0.3431032 0.4216364 0.4072882 0.4254566 0.3928210 0.3840174 0.3960898 0.4477567 0.4079695 0.3200206 0.3248592 0.3734926 0.3099665 
taxon3     0.3152378 0.3074009 0.3303336 0.0000000 0.0808132 0.2464808 0.2949944 0.2619453 0.3619275 0.3594812 0.3696312 0.3086726 0.3089673 0.3163886 0.4103724 0.3614260 0.3310074 0.3362530 0.3594136 0.4133199 
taxon4     0.2691332 0.2636994 0.2846539 0.0808132 0.0000000 0.2180135 0.2560728 0.2355116 0.3307194 0.3279704 0.3450949 0.2654800 0.2619803 0.2656101 0.3635697 0.3293705 0.2876124 0.2872433 0.3094201 0.3824406 
taxon5     0.3557852 0.3647151 0.3884990 0.2464808 0.2180135 0.0000000 0.0824241 0.1788533 0.2632449 0.2596229 0.2866201 0.1788546 0.1894863 0.1939484 0.2798754 0.2701231 0.3228784 0.3354461 0.3387625 0.4455825 
taxon6     0.4018374 0.3908653 0.4089349 0.2949944 0.2560728 0.0824241 0.0000000 0.2213982 0.2755680 0.2675711 0.2869003 0.2390705 0.2335977 0.2289268 0.2964249 0.2986117 0.3294048 0.3558392 0.3331103 0.4790495 
taxon7     0.3205936 0.3390700 0.3431032 0.2619453 0.2355116 0.1788533 0.2213982 0.0000000 0.1041625 0.1103263 0.1334592 0.1776146 0.1656050 0.1673816 0.2539741 0.2157465 0.3683653 0.3927830 0.4268654 0.3824350 
taxon8     0.3956524 0.3952380 0.4216364 0.3619275 0.3307194 0.2632449 0.2755680 0.1041625 0.0000000 0.0514517 0.0726405 0.2570226 0.2490304 0.2353147 0.2938977 0.2652520 0.4161243 0.4329041 0.4578292 0.4095280 
taxon9     0.3813167 0.3809144 0.4072882 0.3594812 0.3279704 0.2596229 0.2675711 0.1103263 0.0514517 0.0000000 0.0251750 0.2663789 0.2526722 0.2301325 0.2896866 0.2538987 0.4139990 0.4337293 0.4673122 0.4111959 
taxon10    0.3989829 0.3985579 0.4254566 0.3696312 0.3450949 0.2866201 0.2869003 0.1334592 0.0726405 0.0251750 0.0000000 0.2876407 0.2798137 0.2571531 0.3182285 0.2742536 0.4483407 0.4682731 0.4944856 0.4449240 
taxon11    0.3423764 0.3674064 0.3928210 0.3086726 0.2654800 0.1788546 0.2390705 0.1776146 0.2570226 0.2663789 0.2876407 0.0000000 0.0500787 0.1352959 0.2216226 0.1991428 0.4049390 0.3969294 0.4278127 0.4573969 
taxon12    0.3351863 0.3607021 0.3840174 0.3089673 0.2619803 0.1894863 0.2335977 0.1656050 0.2490304 0.2526722 0.2798137 0.0500787 0.0000000 0.1242851 0.2222481 0.1752048 0.3709090 0.3689469 0.4098279 0.4447563 
taxon13    0.3538742 0.3719004 0.3960898 0.3163886 0.2656101 0.1939484 0.2289268 0.1673816 0.2353147 0.2301325 0.2571531 0.1352959 0.1242851 0.0000000 0.1065169 0.0947775 0.4035393 0.4112697 0.4151684 0.4331226 
taxon14    0.4033386 0.4224200 0.4477567 0.4103724 0.3635697 0.2798754 0.2964249 0.2539741 0.2938977 0.2896866 0.3182285 0.2216226 0.2222481 0.1065169 0.0000000 0.0783182 0.4856436 0.5012831 0.5293949 0.4803732 
taxon15    0.3653358 0.3835642 0.4079695 0.3614260 0.3293705 0.2701231 0.2986117 0.2157465 0.2652520 0.2538987 0.2742536 0.1991428 0.1752048 0.0947775 0.0783182 0.0000000 0.4324853 0.4244948 0.4927174 0.4311905 
taxon16    0.3251973 0.2975073 0.3200206 0.3310074 0.2876124 0.3228784 0.3294048 0.3683653 0.4161243 0.4139990 0.4483407 0.4049390 0.3709090 0.4035393 0.4856436 0.4324853 0.0000000 0.0767520 0.2012163 0.2590289 
taxon17    0.3286136 0.2956552 0.3248592 0.3362530 0.2872433 0.3354461 0.3558392 0.3927830 0.4329041 0.4337293 0.4682731 0.3969294 0.3689469 0.4112697 0.5012831 0.4244948 0.0767520 0.0000000 0.1684193 0.2537784 
taxon18    0.3928137 0.3574584 0.3734926 0.3594136 0.3094201 0.3387625 0.3331103 0.4268654 0.4578292 0.4673122 0.4944856 0.4278127 0.4098279 0.4151684 0.5293949 0.4927174 0.2012163 0.1684193 0.0000000 0.2258104 
taxon19    0.2592958 0.2779782 0.3099665 0.4133199 0.3824406 0.4455825 0.4790495 0.3824350 0.4095280 0.4111959 0.4449240 0.4573969 0.4447563 0.4331226 0.4803732 0.4311905 0.2590289 0.2537784 0.2258104 0.0000000 
