20
taxon0     0.0000000 0.1593391 0.2289918 0.2677552 0.2864068 0.3234024 0.3588243 0.4506992 0.3938687 0.3520981 0.4072536 0.4319607 0.4155383 0.4272741 0.4251487 0.4814150 0.4726921 0.4796782 0.4537323 0.4742300 
taxon1     0.1593391 0.0000000 0.2726021 0.3056453 0.3167342 0.3607560 0.3422277 0.4131951 0.3726567 0.3480440 0.3307760 0.3819762 0.3591381 0.3810565 0.3698363 0.4520776 0.4331832 0.4333021 0.4055368 0.4445055 
taxon2     0.2289918 0.2726021 0.0000000 0.1644040 0.1911170 0.2433943 0.3570312 0.4426690 0.4140373 0.3933523 0.4381624 0.4847181 0.4514877 0.4813789 0.4698749 0.5036907 0.4632803 0.4886935 0.4774715 0.5222487 
taxon3     0.2677552 0.3056453 0.1644040 0.0000000 0.1340372 0.1807228 0.4233267 0.4971516 0.4968424 0.4372231 0.5038960 0.5552394 0.5245028 0.5584482 0.5290424 0.5562214 0.5501157 0.5050570 0.5308374 0.5554855 
taxon4     0.2864068 0.3167342 0.1911170 0.1340372 0.0000000 0.0778741 0.4767116 0.5168005 0.5254875 0.4542018 0.4897211 0.5366906 0.5234536 0.5599333 0.5279810 0.5907050 0.5573843 0.5412499 0.5360995 0.5423373 
taxon5     0.3234024 0.3607560 0.2433943 0.1807228 0.0778741 0.0000000 0.5178775 0.5418025 0.5531653 0.5116183 0.5310005 0.5828961 0.5685614 0.6185460 0.5459724 0.6293979 0.5829608 0.5358058 0.5443933 0.5969524 
taxon6     0.3588243 0.3422277 0.3570312 0.4233267 0.4767116 0.5178775 0.0000000 0.1360815 0.0858955 0.1806423 0.2651451 0.3306901 0.2975238 0.3240571 0.3238218 0.3303107 0.2889449 0.2835217 0.3156267 0.3531565 
taxon7     0.4506992 0.4131951 0.4426690 0.4971516 0.5168005 0.5418025 0.1360815 0.0000000 0.1127003 0.2824107 0.3021901 0.3633735 0.3519755 0.3811567 0.3809941 0.4034298 0.3478722 0.3310414 0.3452003 0.3856478 
taxon8     0.3938687 0.3726567 0.4140373 0.4968424 0.5254875 0.5531653 0.0858955 0.1127003 0.0000000 0.2514900 0.2887960 0.3409744 0.3201828 0.3621754 0.3533988 0.3977088 0.3394648 0.3445919 0.3382929 0.3901963 
taxon9     0.3520981 0.3480440 0.3933523 0.4372231 0.4542018 0.5116183 0.1806423 0.2824107 0.2514900 0.0000000 0.1326945 0.1850422 0.1651781 0.1913709 0.1841541 0.2382057 0.2182869 0.1899808 0.2356867 0.2924594 
taxon10    0.4072536 0.3307760 0.4381624 0.5038960 0.4897211 0.5310005 0.2651451 0.3021901 0.2887960 0.1326945 0.0000000 0.0789680 0.0671753 0.1078389 0.0795278 0.2963376 0.2662414 0.2594556 0.2708944 0.3350891 
taxon11    0.4319607 0.3819762 0.4847181 0.5552394 0.5366906 0.5828961 0.3306901 0.3633735 0.3409744 0.1850422 0.0789680 0.0000000 0.0560759 0.0950659 0.0728249 0.3369089 0.3051189 0.2792156 0.2907032 0.3476024 
taxon12    0.4155383 0.3591381 0.4514877 0.5245028 0.5234536 0.5685614 0.2975238 0.3519755 0.3201828 0.1651781 0.0671753 0.0560759 0.0000000 0.0450321 0.0344347 0.3191551 0.2991921 0.2881632 0.2997320 0.3511902 
taxon13    0.4272741 0.3810565 0.4813789 0.5584482 0.5599333 0.6185460 0.3240571 0.3811567 0.3621754 0.1913709 0.1078389 0.0950659 0.0450321 0.0000000 0.0718627 0.3563594 0.3370045 0.3197784 0.3422127 0.3826798 
taxon14    0.4251487 0.3698363 0.4698749 0.5290424 0.5279810 0.5459724 0.3238218 0.3809941 0.3533988 0.1841541 0.0795278 0.0728249 0.0344347 0.0718627 0.0000000 0.3395829 0.3171275 0.3119707 0.3238739 0.3691308 
taxon15    0.4814150 0.4520776 0.5036907 0.5562214 0.5907050 0.6293979 0.3303107 0.4034298 0.3977088 0.2382057 0.2963376 0.3369089 0.3191551 0.3563594 0.3395829 0.0000000 0.0526328 0.1619223 0.1918695 0.2606699 
taxon16    0.4726921 0.4331832 0.4632803 0.5501157 0.5573843 0.5829608 0.2889449 0.3478722 0.3394648 0.2182869 0.2662414 0.3051189 0.2991921 0.3370045 0.3171275 0.0526328 0.0000000 0.1424934 0.1772477 0.2445395 
taxon17    0.4796782 0.4333021 0.4886935 0.5050570 0.5412499 0.5358058 0.2835217 0.3310414 0.3445919 0.1899808 0.2594556 0.2792156 0.2881632 0.3197784 0.3119707 0.1619223 0.1424934 0.0000000 0.1068634 0.1797691 
taxon18    0.4537323 0.4055368 0.4774715 0.5308374 0.5360995 0.5443933 0.3156267 0.3452003 0.3382929 0.2356867 0.2708944 0.2907032 0.2997320 0.3422127 0.3238739 0.1918695 0.1772477 0.1068634 0.0000000 0.1056710 
taxon19    0.4742300 0.4445055 0.5222487 0.5554855 0.5423373 0.5969524 0.3531565 0.3856478 0.3901963 0.2924594 0.3350891 0.3476024 0.3511902 0.3826798 0.3691308 0.2606699 0.2445395 0.1797691 0.1056710 0.0000000 
