20
taxon0     0.0000000 0.0356538 0.0675018 0.0679406 0.1741520 0.1737829 0.1607386 0.1991302 0.1788271 0.1972319 0.1929520 0.1799896 0.1917909 0.1734202 0.1489745 0.1688892 0.1548609 0.1677722 0.1679841 0.1556138 
taxon1     0.0356538 0.0000000 0.0961341 0.0968427 0.1882213 0.1958762 0.1799923 0.2220196 0.2069562 0.2072756 0.1940857 0.2002641 0.2122576 0.2023970 0.1830233 0.1915860 0.1957311 0.1841113 0.1916828 0.1900545 
taxon2     0.0675018 0.0961341 0.0000000 0.0200924 0.1719567 0.1581977 0.1583889 0.1834576 0.1688421 0.1805766 0.1828742 0.1643847 0.1761963 0.1965691 0.1713162 0.1937450 0.1701461 0.1771085 0.1773356 0.1647377 
taxon3     0.0679406 0.0968427 0.0200924 0.0000000 0.1790960 0.1651521 0.1653597 0.1850173 0.1758485 0.1876783 0.1900737 0.1714008 0.1833067 0.1846268 0.1660142 0.1933975 0.1711642 0.1718284 0.1720493 0.1594329 
taxon4     0.1741520 0.1882213 0.1719567 0.1790960 0.0000000 0.0305500 0.0254862 0.0521187 0.0463757 0.0623793 0.0409548 0.0252556 0.0354050 0.0570686 0.0411543 0.0525913 0.0516464 0.0519737 0.0524091 0.0465707 
taxon5     0.1737829 0.1958762 0.1581977 0.1651521 0.0305500 0.0000000 0.0308868 0.0414938 0.0306140 0.0410003 0.0412649 0.0150939 0.0251897 0.0622076 0.0410787 0.0581181 0.0305489 0.0357652 0.0462548 0.0357860 
taxon6     0.1607386 0.1799923 0.1583889 0.1653597 0.0254862 0.0308868 0.0000000 0.0414260 0.0304860 0.0459865 0.0303472 0.0305948 0.0408431 0.0629839 0.0416031 0.0588591 0.0522005 0.0577704 0.0578364 0.0470763 
taxon7     0.1991302 0.2220196 0.1834576 0.1850173 0.0521187 0.0414938 0.0414260 0.0000000 0.0514259 0.0566165 0.0410380 0.0574218 0.0572081 0.0811965 0.0744051 0.0794181 0.0739295 0.0687551 0.0797819 0.0687974 
taxon8     0.1788271 0.2069562 0.1688421 0.1758485 0.0463757 0.0306140 0.0304860 0.0514259 0.0000000 0.0302476 0.0304414 0.0357947 0.0408685 0.0630041 0.0575159 0.0693807 0.0466673 0.0575050 0.0573125 0.0520619 
taxon9     0.1972319 0.2072756 0.1805766 0.1876783 0.0623793 0.0410003 0.0459865 0.0566165 0.0302476 0.0000000 0.0252986 0.0463099 0.0521211 0.0792083 0.0736090 0.0750205 0.0680176 0.0628524 0.0629864 0.0680560 
taxon10    0.1929520 0.1940857 0.1828742 0.1900737 0.0409548 0.0412649 0.0303472 0.0410380 0.0304414 0.0252986 0.0000000 0.0513344 0.0571878 0.0745130 0.0688931 0.0812365 0.0684529 0.0580746 0.0689714 0.0633192 
taxon11    0.1799896 0.2002641 0.1643847 0.1714008 0.0252556 0.0150939 0.0305948 0.0574218 0.0357947 0.0463099 0.0513344 0.0000000 0.0099669 0.0675484 0.0463187 0.0528108 0.0357209 0.0514548 0.0410868 0.0409911 
taxon12    0.1917909 0.2122576 0.1761963 0.1833067 0.0354050 0.0251897 0.0408431 0.0572081 0.0408685 0.0521211 0.0571878 0.0099669 0.0000000 0.0726802 0.0566904 0.0634313 0.0459903 0.0618330 0.0514302 0.0513107 
taxon13    0.1734202 0.2023970 0.1965691 0.1846268 0.0570686 0.0622076 0.0629839 0.0811965 0.0630041 0.0792083 0.0745130 0.0675484 0.0726802 0.0000000 0.0201602 0.0358845 0.0355093 0.0305715 0.0305799 0.0253465 
taxon14    0.1489745 0.1830233 0.1713162 0.1660142 0.0411543 0.0410787 0.0416031 0.0744051 0.0575159 0.0736090 0.0688931 0.0463187 0.0566904 0.0201602 0.0000000 0.0204509 0.0150771 0.0151287 0.0151452 0.0050223 
taxon15    0.1688892 0.1915860 0.1937450 0.1933975 0.0525913 0.0581181 0.0588591 0.0794181 0.0693807 0.0750205 0.0812365 0.0528108 0.0634313 0.0358845 0.0204509 0.0000000 0.0307543 0.0309755 0.0204982 0.0257082 
taxon16    0.1548609 0.1957311 0.1701461 0.1711642 0.0516464 0.0305489 0.0522005 0.0739295 0.0466673 0.0680176 0.0684529 0.0357209 0.0459903 0.0355093 0.0150771 0.0307543 0.0000000 0.0200972 0.0201193 0.0100077 
taxon17    0.1677722 0.1841113 0.1771085 0.1718284 0.0519737 0.0357652 0.0577704 0.0687551 0.0575050 0.0628524 0.0580746 0.0514548 0.0618330 0.0305715 0.0151287 0.0309755 0.0200972 0.0000000 0.0151197 0.0100419 
taxon18    0.1679841 0.1916828 0.1773356 0.1720493 0.0524091 0.0462548 0.0578364 0.0797819 0.0573125 0.0629864 0.0689714 0.0410868 0.0514302 0.0305799 0.0151452 0.0204982 0.0201193 0.0151197 0.0000000 0.0100530 
taxon19    0.1556138 0.1900545 0.1647377 0.1594329 0.0465707 0.0357860 0.0470763 0.0687974 0.0520619 0.0680560 0.0633192 0.0409911 0.0513107 0.0253465 0.0050223 0.0257082 0.0100077 0.0100419 0.0100530 0.0000000 
