20
taxon0     0.0000000 0.1194906 0.1436360 0.2414193 0.2827558 0.1840919 0.2315481 0.4074636 0.4231598 0.3521391 0.4738579 0.4550576 0.4999784 0.4860115 0.4817504 0.4728028 0.4652397 0.5002098 0.5010965 0.5115558 
taxon1     0.1194906 0.0000000 0.1042088 0.2390823 0.2674050 0.1998146 0.2445683 0.3985583 0.4324634 0.3735139 0.4758353 0.4507462 0.4758689 0.4768125 0.4827261 0.4737942 0.4662503 0.4908839 0.5001618 0.5073263 
taxon2     0.1436360 0.1042088 0.0000000 0.2668508 0.3088909 0.2267977 0.2522903 0.4280141 0.4559437 0.4027147 0.4528702 0.4609518 0.4992210 0.4750858 0.4930097 0.4920424 0.4956516 0.4943408 0.5288693 0.5349095 
taxon3     0.2414193 0.2390823 0.2668508 0.0000000 0.1047059 0.2359181 0.2544129 0.4104064 0.4550249 0.4060422 0.4969479 0.4857535 0.5524387 0.5250899 0.5199735 0.5288999 0.5176008 0.5189900 0.5643585 0.5319058 
taxon4     0.2827558 0.2674050 0.3088909 0.1047059 0.0000000 0.2630328 0.2672201 0.4049111 0.4215175 0.3856047 0.4345398 0.4400737 0.5050485 0.4709160 0.4745034 0.4829621 0.4720876 0.4739629 0.5098059 0.4682019 
taxon5     0.1840919 0.1998146 0.2267977 0.2359181 0.2630328 0.0000000 0.1213491 0.4136806 0.4496030 0.3913238 0.4747807 0.4668758 0.5037844 0.4675784 0.4754956 0.4627623 0.4663383 0.4904318 0.4966413 0.4998156 
taxon6     0.2315481 0.2445683 0.2522903 0.2544129 0.2672201 0.1213491 0.0000000 0.4190398 0.4735783 0.4338969 0.4445888 0.4749719 0.5044801 0.4871302 0.5022102 0.4740606 0.4694273 0.5023044 0.4960338 0.4940399 
taxon7     0.4074636 0.3985583 0.4280141 0.4104064 0.4049111 0.4136806 0.4190398 0.0000000 0.1334430 0.0932021 0.1864641 0.1668777 0.2175521 0.2194822 0.2125535 0.2148847 0.2515251 0.2362787 0.2621868 0.2338807 
taxon8     0.4231598 0.4324634 0.4559437 0.4550249 0.4215175 0.4496030 0.4735783 0.1334430 0.0000000 0.0632193 0.2282448 0.2400910 0.2558939 0.2738605 0.2820171 0.2753138 0.3141988 0.2919465 0.3174488 0.2817675 
taxon9     0.3521391 0.3735139 0.4027147 0.4060422 0.3856047 0.3913238 0.4338969 0.0932021 0.0632193 0.0000000 0.2067559 0.1916130 0.2286539 0.2370750 0.2461852 0.2402149 0.2773918 0.2561201 0.2889757 0.2533598 
taxon10    0.4738579 0.4758353 0.4528702 0.4969479 0.4345398 0.4747807 0.4445888 0.1864641 0.2282448 0.2067559 0.0000000 0.1476014 0.1799734 0.1919777 0.1783685 0.1706416 0.1992238 0.1979126 0.2119037 0.1770203 
taxon11    0.4550576 0.4507462 0.4609518 0.4857535 0.4400737 0.4668758 0.4749719 0.1668777 0.2400910 0.1916130 0.1476014 0.0000000 0.0859014 0.0844430 0.0847746 0.0742440 0.1039310 0.0979428 0.1107526 0.0904429 
taxon12    0.4999784 0.4758689 0.4992210 0.5524387 0.5050485 0.5037844 0.5044801 0.2175521 0.2558939 0.2286539 0.1799734 0.0859014 0.0000000 0.0967569 0.1036696 0.0913629 0.1273626 0.1157001 0.1290462 0.1138041 
taxon13    0.4860115 0.4768125 0.4750858 0.5250899 0.4709160 0.4675784 0.4871302 0.2194822 0.2738605 0.2370750 0.1919777 0.0844430 0.0967569 0.0000000 0.0849021 0.0795676 0.1148330 0.0920092 0.1107870 0.0960443 
taxon14    0.4817504 0.4827261 0.4930097 0.5199735 0.4745034 0.4754956 0.5022102 0.2125535 0.2820171 0.2461852 0.1783685 0.0847746 0.1036696 0.0849021 0.0000000 0.0358816 0.0686596 0.0579466 0.0753501 0.0568582 
taxon15    0.4728028 0.4737942 0.4920424 0.5288999 0.4829621 0.4627623 0.4740606 0.2148847 0.2753138 0.2402149 0.1706416 0.0742440 0.0913629 0.0795676 0.0358816 0.0000000 0.0307094 0.0309545 0.0365036 0.0303242 
taxon16    0.4652397 0.4662503 0.4956516 0.5176008 0.4720876 0.4663383 0.4694273 0.2515251 0.3141988 0.2773918 0.1992238 0.1039310 0.1273626 0.1148330 0.0686596 0.0307094 0.0000000 0.0579520 0.0585092 0.0569802 
taxon17    0.5002098 0.4908839 0.4943408 0.5189900 0.4739629 0.4904318 0.5023044 0.2362787 0.2919465 0.2561201 0.1979126 0.0979428 0.1157001 0.0920092 0.0579466 0.0309545 0.0579520 0.0000000 0.0588887 0.0576652 
taxon18    0.5010965 0.5001618 0.5288693 0.5643585 0.5098059 0.4966413 0.4960338 0.2621868 0.3174488 0.2889757 0.2119037 0.1107526 0.1290462 0.1107870 0.0753501 0.0365036 0.0585092 0.0588887 0.0000000 0.0586334 
taxon19    0.5115558 0.5073263 0.5349095 0.5319058 0.4682019 0.4998156 0.4940399 0.2338807 0.2817675 0.2533598 0.1770203 0.0904429 0.1138041 0.0960443 0.0568582 0.0303242 0.0569802 0.0576652 0.0586334 0.0000000 
