20
taxon0     0.0000000 0.1393990 0.2289732 0.2616281 0.3821589 0.4202618 0.4132240 0.4607604 0.4581617 0.4803218 0.4746751 0.4297918 0.3839255 0.4718918 0.4736653 0.5729001 0.5858213 0.5217739 0.6035594 0.5538133 
taxon1     0.1393990 0.0000000 0.2399977 0.2404162 0.3355310 0.3653211 0.3830093 0.4350842 0.4081119 0.4418631 0.4455921 0.4667929 0.3973207 0.4750039 0.4965853 0.5389239 0.5363629 0.4883387 0.6277423 0.5582555 
taxon2     0.2289732 0.2399977 0.0000000 0.1293500 0.3876670 0.4356294 0.4361891 0.4862892 0.4131715 0.4719604 0.4636716 0.4540231 0.4268777 0.4474411 0.4787501 0.5323754 0.5623845 0.5304449 0.6048747 0.5418045 
taxon3     0.2616281 0.2404162 0.1293500 0.0000000 0.4319179 0.4977879 0.4843024 0.5374823 0.4693128 0.5597425 0.5485612 0.5459547 0.5110509 0.5215627 0.4872816 0.5953497 0.6047864 0.5756973 0.6454364 0.5620100 
taxon4     0.3821589 0.3355310 0.3876670 0.4319179 0.0000000 0.1765967 0.1691408 0.2385322 0.2531603 0.2992927 0.3289683 0.3227939 0.2846749 0.4233265 0.4611670 0.5438400 0.5444659 0.4909099 0.6018227 0.5418127 
taxon5     0.4202618 0.3653211 0.4356294 0.4977879 0.1765967 0.0000000 0.0850669 0.1622058 0.3352374 0.3521102 0.4054460 0.3833197 0.3283930 0.4903508 0.5476482 0.5402170 0.5441570 0.5187022 0.5987628 0.5496047 
taxon6     0.4132240 0.3830093 0.4361891 0.4843024 0.1691408 0.0850669 0.0000000 0.1137654 0.3315792 0.3244330 0.3820338 0.3682493 0.3190592 0.5197922 0.5320016 0.5698082 0.5810437 0.5205324 0.6180674 0.5673314 
taxon7     0.4607604 0.4350842 0.4862892 0.5374823 0.2385322 0.1622058 0.1137654 0.0000000 0.4027622 0.4080613 0.4533045 0.4345278 0.3979407 0.5259868 0.5633242 0.5906278 0.5571473 0.5462157 0.6167183 0.5845522 
taxon8     0.4581617 0.4081119 0.4131715 0.4693128 0.2531603 0.3352374 0.3315792 0.4027622 0.0000000 0.1809146 0.1858374 0.2526637 0.2559690 0.4595709 0.4705711 0.5385802 0.5532556 0.4940623 0.5187194 0.4883050 
taxon9     0.4803218 0.4418631 0.4719604 0.5597425 0.2992927 0.3521102 0.3244330 0.4080613 0.1809146 0.0000000 0.1185286 0.3097858 0.3042627 0.5345721 0.5715350 0.5913152 0.5939358 0.5505767 0.6153480 0.6197831 
taxon10    0.4746751 0.4455921 0.4636716 0.5485612 0.3289683 0.4054460 0.3820338 0.4533045 0.1858374 0.1185286 0.0000000 0.3225883 0.3080762 0.6026000 0.6211619 0.6611251 0.6434808 0.5640292 0.6858549 0.6350191 
taxon11    0.4297918 0.4667929 0.4540231 0.5459547 0.3227939 0.3833197 0.3682493 0.4345278 0.2526637 0.3097858 0.3225883 0.0000000 0.1597952 0.5396224 0.5493341 0.6374031 0.5770094 0.5734156 0.6136076 0.5845824 
taxon12    0.3839255 0.3973207 0.4268777 0.5110509 0.2846749 0.3283930 0.3190592 0.3979407 0.2559690 0.3042627 0.3080762 0.1597952 0.0000000 0.5211873 0.5309187 0.6473749 0.6264827 0.5081294 0.6196504 0.5407204 
taxon13    0.4718918 0.4750039 0.4474411 0.5215627 0.4233265 0.4903508 0.5197922 0.5259868 0.4595709 0.5345721 0.6026000 0.5396224 0.5211873 0.0000000 0.1377284 0.3545291 0.3412609 0.3417096 0.3781376 0.3826282 
taxon14    0.4736653 0.4965853 0.4787501 0.4872816 0.4611670 0.5476482 0.5320016 0.5633242 0.4705711 0.5715350 0.6211619 0.5493341 0.5309187 0.1377284 0.0000000 0.3358443 0.3741557 0.3694888 0.3752271 0.3589898 
taxon15    0.5729001 0.5389239 0.5323754 0.5953497 0.5438400 0.5402170 0.5698082 0.5906278 0.5385802 0.5913152 0.6611251 0.6374031 0.6473749 0.3545291 0.3358443 0.0000000 0.2011914 0.3801104 0.4182123 0.4013693 
taxon16    0.5858213 0.5363629 0.5623845 0.6047864 0.5444659 0.5441570 0.5810437 0.5571473 0.5532556 0.5939358 0.6434808 0.5770094 0.6264827 0.3412609 0.3741557 0.2011914 0.0000000 0.3699904 0.4528108 0.3978459 
taxon17    0.5217739 0.4883387 0.5304449 0.5756973 0.4909099 0.5187022 0.5205324 0.5462157 0.4940623 0.5505767 0.5640292 0.5734156 0.5081294 0.3417096 0.3694888 0.3801104 0.3699904 0.0000000 0.2938828 0.2660806 
taxon18    0.6035594 0.6277423 0.6048747 0.6454364 0.6018227 0.5987628 0.6180674 0.6167183 0.5187194 0.6153480 0.6858549 0.6136076 0.6196504 0.3781376 0.3752271 0.4182123 0.4528108 0.2938828 0.0000000 0.1399906 
taxon19    0.5538133 0.5582555 0.5418045 0.5620100 0.5418127 0.5496047 0.5673314 0.5845522 0.4883050 0.6197831 0.6350191 0.5845824 0.5407204 0.3826282 0.3589898 0.4013693 0.3978459 0.2660806 0.1399906 0.0000000 
