20
taxon0     0.0000000 0.0568873 0.0716294 0.0774229 0.0854618 0.0981369 0.0965286 0.1356041 0.1488394 0.1665087 0.1481203 0.1199568 0.1006669 0.1291364 0.0891441 0.0883584 0.2364828 0.2833182 0.2972195 0.2028661 
taxon1     0.0568873 0.0000000 0.0559782 0.0511402 0.0953849 0.1090861 0.1134297 0.1467573 0.1602759 0.1658315 0.1541051 0.1384427 0.1184421 0.1426761 0.1119643 0.1109705 0.2634429 0.3083377 0.3205711 0.2343282 
taxon2     0.0716294 0.0559782 0.0000000 0.0351461 0.1140598 0.1461896 0.1453350 0.1798958 0.1868996 0.1925597 0.1793424 0.1622545 0.1414751 0.1664501 0.1340504 0.1291875 0.2821529 0.2972290 0.3111736 0.2393927 
taxon3     0.0774229 0.0511402 0.0351461 0.0000000 0.1075609 0.1330343 0.1372504 0.1712104 0.1795738 0.1909503 0.1789471 0.1443724 0.1241916 0.1485907 0.1230519 0.1122036 0.2778722 0.3056934 0.3154038 0.2493123 
taxon4     0.0854618 0.0953849 0.1140598 0.1075609 0.0000000 0.0451130 0.0551436 0.0857696 0.0973918 0.1207727 0.1024230 0.1151147 0.0889975 0.1056656 0.0828633 0.0774532 0.2533875 0.3113822 0.3274302 0.2350820 
taxon5     0.0981369 0.1090861 0.1461896 0.1330343 0.0451130 0.0000000 0.0349678 0.0653282 0.0765715 0.0994046 0.0815932 0.1219692 0.1076728 0.1194396 0.0957969 0.0953213 0.2503540 0.3242247 0.3358802 0.2631705 
taxon6     0.0965286 0.1134297 0.1453350 0.1372504 0.0551436 0.0349678 0.0000000 0.0443175 0.0550131 0.0769352 0.0599543 0.1323892 0.1125938 0.1298904 0.1117509 0.1112010 0.2666334 0.3510359 0.3632489 0.2759299 
taxon7     0.1356041 0.1467573 0.1798958 0.1712104 0.0857696 0.0653282 0.0443175 0.0000000 0.0292662 0.0500595 0.0341087 0.1603340 0.1389530 0.1447920 0.1436360 0.1429435 0.3030256 0.3640658 0.3765688 0.2953720 
taxon8     0.1488394 0.1602759 0.1868996 0.1795738 0.0973918 0.0765715 0.0550131 0.0292662 0.0000000 0.0502893 0.0342628 0.1791173 0.1521021 0.1646689 0.1499305 0.1560491 0.3057019 0.3822423 0.3943452 0.3207895 
taxon9     0.1665087 0.1658315 0.1925597 0.1909503 0.1207727 0.0994046 0.0769352 0.0500595 0.0502893 0.0000000 0.0246543 0.1972771 0.1696189 0.1909267 0.1743015 0.1734575 0.3335097 0.3826329 0.3949443 0.3003098 
taxon10    0.1481203 0.1541051 0.1793424 0.1789471 0.1024230 0.0815932 0.0599543 0.0341087 0.0342628 0.0246543 0.0000000 0.1793851 0.1523337 0.1649171 0.1570464 0.1562834 0.3150835 0.3719325 0.3868601 0.2977421 
taxon11    0.1199568 0.1384427 0.1622545 0.1443724 0.1151147 0.1219692 0.1323892 0.1603340 0.1791173 0.1972771 0.1793851 0.0000000 0.0304213 0.0461742 0.0633727 0.0630550 0.3075832 0.3752465 0.3919570 0.2932970 
taxon12    0.1006669 0.1184421 0.1414751 0.1241916 0.0889975 0.1076728 0.1125938 0.1389530 0.1521021 0.1696189 0.1523337 0.0304213 0.0000000 0.0292439 0.0503450 0.0501005 0.2705196 0.3395643 0.3550872 0.2564434 
taxon13    0.1291364 0.1426761 0.1664501 0.1485907 0.1056656 0.1194396 0.1298904 0.1447920 0.1646689 0.1909267 0.1649171 0.0461742 0.0292439 0.0000000 0.0663278 0.0660050 0.2807228 0.3659975 0.3822912 0.2850763 
taxon14    0.0891441 0.1119643 0.1340504 0.1230519 0.0828633 0.0957969 0.1117509 0.1436360 0.1499305 0.1743015 0.1570464 0.0633727 0.0503450 0.0663278 0.0000000 0.0194969 0.2665170 0.3364657 0.3518476 0.2556846 
taxon15    0.0883584 0.1109705 0.1291875 0.1122036 0.0774532 0.0953213 0.1112010 0.1429435 0.1560491 0.1734575 0.1562834 0.0630550 0.0501005 0.0660050 0.0194969 0.0000000 0.2667592 0.3318520 0.3453194 0.2460560 
taxon16    0.2364828 0.2634429 0.2821529 0.2778722 0.2533875 0.2503540 0.2666334 0.3030256 0.3057019 0.3335097 0.3150835 0.3075832 0.2705196 0.2807228 0.2665170 0.2667592 0.0000000 0.1733587 0.1719714 0.2086268 
taxon17    0.2833182 0.3083377 0.2972290 0.3056934 0.3113822 0.3242247 0.3510359 0.3640658 0.3822423 0.3826329 0.3719325 0.3752465 0.3395643 0.3659975 0.3364657 0.3318520 0.1733587 0.0000000 0.0569608 0.2132916 
taxon18    0.2972195 0.3205711 0.3111736 0.3154038 0.3274302 0.3358802 0.3632489 0.3765688 0.3943452 0.3949443 0.3868601 0.3919570 0.3550872 0.3822912 0.3518476 0.3453194 0.1719714 0.0569608 0.0000000 0.2300488 
taxon19    0.2028661 0.2343282 0.2393927 0.2493123 0.2350820 0.2631705 0.2759299 0.2953720 0.3207895 0.3003098 0.2977421 0.2932970 0.2564434 0.2850763 0.2556846 0.2460560 0.2086268 0.2132916 0.2300488 0.0000000 
