20
taxon0     0.0000000 0.0445574 0.1004851 0.0998630 0.1347797 0.1312147 0.0992591 0.1220973 0.1412095 0.1678645 0.1534206 0.1408385 0.3233272 0.3696061 0.3363796 0.3467645 0.3483891 0.3236955 0.3020451 0.3338508 
taxon1     0.0445574 0.0000000 0.1012682 0.1063891 0.1415856 0.1380378 0.0821880 0.1100359 0.1337730 0.1537324 0.1120990 0.1225086 0.3006485 0.3319227 0.3345474 0.3251516 0.3339769 0.3094099 0.2681502 0.2988152 
taxon2     0.1004851 0.1012682 0.0000000 0.0686679 0.1025944 0.0987688 0.1116856 0.1295402 0.1540709 0.1752127 0.1627650 0.1800131 0.3780954 0.4123279 0.3824267 0.4017597 0.3946747 0.3768045 0.3587870 0.3774428 
taxon3     0.0998630 0.1063891 0.0686679 0.0000000 0.0392136 0.0349472 0.1044732 0.1161779 0.1386120 0.1659895 0.1590488 0.1583187 0.3297418 0.3615473 0.3449480 0.3553389 0.3451911 0.3369202 0.3099683 0.3271391 
taxon4     0.1347797 0.1415856 0.1025944 0.0392136 0.0000000 0.0507678 0.1200476 0.1217836 0.1381405 0.1654805 0.1872172 0.1867059 0.3431265 0.3868543 0.3648251 0.3833264 0.3657486 0.3621647 0.3233646 0.3408233 
taxon5     0.1312147 0.1380378 0.0987688 0.0349472 0.0507678 0.0000000 0.1242909 0.1425106 0.1550035 0.1742543 0.1932406 0.1871675 0.3406615 0.3994685 0.3727657 0.3915459 0.3745089 0.3708717 0.3307498 0.3485318 
taxon6     0.0992591 0.0821880 0.1116856 0.1044732 0.1200476 0.1242909 0.0000000 0.0342099 0.0551045 0.0726461 0.0713319 0.0654434 0.2401271 0.2946478 0.2909832 0.3031527 0.2931749 0.2626199 0.2267287 0.2419937 
taxon7     0.1220973 0.1100359 0.1295402 0.1161779 0.1217836 0.1425106 0.0342099 0.0000000 0.0605398 0.0725587 0.0987366 0.0928850 0.2552611 0.2956269 0.3089875 0.3043136 0.3168402 0.2855707 0.2427008 0.2565570 
taxon8     0.1412095 0.1337730 0.1540709 0.1386120 0.1381405 0.1550035 0.0551045 0.0605398 0.0000000 0.0407044 0.1208889 0.1146580 0.2790381 0.3209801 0.2981197 0.3163257 0.3242099 0.3005277 0.2569999 0.2728854 
taxon9     0.1678645 0.1537324 0.1752127 0.1659895 0.1654805 0.1742543 0.0726461 0.0725587 0.0407044 0.0000000 0.1485492 0.1413676 0.2991154 0.3431168 0.3328127 0.3417536 0.3535015 0.3290873 0.2829188 0.2971936 
taxon10    0.1534206 0.1120990 0.1627650 0.1590488 0.1872172 0.1932406 0.0713319 0.0987366 0.1208889 0.1485492 0.0000000 0.0655395 0.3037932 0.3273352 0.3219457 0.3214294 0.3359891 0.3043804 0.2652747 0.2726566 
taxon11    0.1408385 0.1225086 0.1800131 0.1583187 0.1867059 0.1871675 0.0654434 0.0928850 0.1146580 0.1413676 0.0655395 0.0000000 0.2915078 0.3510885 0.3712263 0.3624553 0.3345887 0.3089188 0.2779887 0.2798064 
taxon12    0.3233272 0.3006485 0.3780954 0.3297418 0.3431265 0.3406615 0.2401271 0.2552611 0.2790381 0.2991154 0.3037932 0.2915078 0.0000000 0.0869209 0.1191741 0.1197014 0.1718612 0.1809796 0.0922177 0.1192054 
taxon13    0.3696061 0.3319227 0.4123279 0.3615473 0.3868543 0.3994685 0.2946478 0.2956269 0.3209801 0.3431168 0.3273352 0.3510885 0.0869209 0.0000000 0.0808140 0.0921213 0.1772742 0.1736753 0.0923965 0.1305686 
taxon14    0.3363796 0.3345474 0.3824267 0.3449480 0.3648251 0.3727657 0.2909832 0.3089875 0.2981197 0.3328127 0.3219457 0.3712263 0.1191741 0.0808140 0.0000000 0.0392562 0.1676648 0.1640491 0.0972958 0.1306375 
taxon15    0.3467645 0.3251516 0.4017597 0.3553389 0.3833264 0.3915459 0.3031527 0.3043136 0.3163257 0.3417536 0.3214294 0.3624553 0.1197014 0.0921213 0.0392562 0.0000000 0.1872407 0.1837414 0.1093606 0.1323768 
taxon16    0.3483891 0.3339769 0.3946747 0.3451911 0.3657486 0.3745089 0.2931749 0.3168402 0.3242099 0.3535015 0.3359891 0.3345887 0.1718612 0.1772742 0.1676648 0.1872407 0.0000000 0.0343347 0.1048483 0.1143255 
taxon17    0.3236955 0.3094099 0.3768045 0.3369202 0.3621647 0.3708717 0.2626199 0.2855707 0.3005277 0.3290873 0.3043804 0.3089188 0.1809796 0.1736753 0.1640491 0.1837414 0.0343347 0.0000000 0.1003481 0.1210242 
taxon18    0.3020451 0.2681502 0.3587870 0.3099683 0.3233646 0.3307498 0.2267287 0.2427008 0.2569999 0.2829188 0.2652747 0.2779887 0.0922177 0.0923965 0.0972958 0.1093606 0.1048483 0.1003481 0.0000000 0.0387421 
taxon19    0.3338508 0.2988152 0.3774428 0.3271391 0.3408233 0.3485318 0.2419937 0.2565570 0.2728854 0.2971936 0.2726566 0.2798064 0.1192054 0.1305686 0.1306375 0.1323768 0.1143255 0.1210242 0.0387421 0.0000000 
