20
taxon0     0.0000000 0.0634657 0.0734269 0.0631168 0.0731894 0.0893269 0.0890640 0.0989067 0.0890533 0.0940817 0.3074672 0.3385495 0.2810849 0.3034294 0.2501510 0.2908998 0.3097341 0.3022608 0.2736506 0.2456740 
taxon1     0.0634657 0.0000000 0.0484600 0.0933978 0.0729910 0.0899089 0.0888160 0.0838722 0.0841335 0.0891612 0.3155115 0.3604140 0.3282439 0.3036291 0.2837198 0.3038357 0.2964109 0.2966341 0.2758100 0.2657331 
taxon2     0.0734269 0.0484600 0.0000000 0.0984065 0.0779491 0.1108588 0.1041797 0.0992050 0.0995160 0.1045792 0.3411117 0.3722871 0.3320869 0.3152780 0.2952103 0.3153783 0.3078967 0.3081283 0.2872101 0.2770348 
taxon3     0.0631168 0.0933978 0.0984065 0.0000000 0.0281113 0.0678521 0.0427541 0.0524271 0.0427491 0.0475404 0.3044480 0.3363593 0.2849629 0.3144430 0.2551898 0.3018292 0.2995943 0.2922881 0.2707243 0.2682923 
taxon4     0.0731894 0.0729910 0.0779491 0.0281113 0.0000000 0.0578347 0.0235786 0.0476366 0.0284305 0.0236736 0.3183479 0.3242086 0.2862606 0.3148967 0.2555155 0.3022514 0.2867473 0.2795310 0.2591592 0.2694726 
taxon5     0.0893269 0.0899089 0.1108588 0.0678521 0.0578347 0.0000000 0.0331171 0.0426847 0.0331132 0.0378748 0.3282394 0.3889119 0.3272262 0.3689541 0.3047633 0.3685991 0.3385224 0.3308296 0.3221433 0.3195055 
taxon6     0.0890640 0.0888160 0.1041797 0.0427541 0.0235786 0.0331171 0.0000000 0.0279649 0.0092715 0.0046320 0.3275898 0.3616894 0.3012523 0.3518353 0.2901220 0.3384918 0.3221705 0.3146402 0.2935425 0.2910003 
taxon7     0.0989067 0.0838722 0.0992050 0.0524271 0.0476366 0.0426847 0.0279649 0.0000000 0.0185689 0.0232316 0.3262819 0.3815314 0.3252902 0.3453192 0.2966105 0.3376098 0.3086084 0.3011946 0.3122174 0.3145895 
taxon8     0.0890533 0.0841335 0.0995160 0.0427491 0.0284305 0.0331132 0.0092715 0.0185689 0.0000000 0.0046214 0.3275451 0.3694872 0.3136394 0.3466761 0.2850334 0.3333741 0.3171027 0.3095860 0.3007256 0.3031404 
taxon9     0.0940817 0.0891612 0.1045792 0.0475404 0.0236736 0.0378748 0.0046320 0.0232316 0.0046214 0.0000000 0.3338801 0.3629987 0.3074322 0.3531089 0.2911995 0.3397170 0.3233376 0.3157826 0.2946200 0.2970561 
taxon10    0.3074672 0.3155115 0.3411117 0.3044480 0.3183479 0.3282394 0.3275898 0.3262819 0.3275451 0.3338801 0.0000000 0.0932747 0.0867254 0.0877177 0.1206214 0.1142444 0.1366867 0.1190248 0.1026521 0.1160320 
taxon11    0.3385495 0.3604140 0.3722871 0.3363593 0.3242086 0.3889119 0.3616894 0.3815314 0.3694872 0.3629987 0.0932747 0.0000000 0.0653179 0.0603570 0.0954069 0.1153449 0.1740039 0.1486810 0.0891312 0.1119180 
taxon12    0.2810849 0.3282439 0.3320869 0.2849629 0.2862606 0.3272262 0.3012523 0.3252902 0.3136394 0.3074322 0.0867254 0.0653179 0.0000000 0.0851301 0.0821300 0.1253390 0.1467120 0.1362028 0.0975437 0.1042163 
taxon13    0.3034294 0.3036291 0.3152780 0.3144430 0.3148967 0.3689541 0.3518353 0.3453192 0.3466761 0.3531089 0.0877177 0.0603570 0.0851301 0.0000000 0.0885816 0.0865773 0.1319136 0.1195597 0.0982194 0.1101020 
taxon14    0.2501510 0.2837198 0.2952103 0.2551898 0.2555155 0.3047633 0.2901220 0.2966105 0.2850334 0.2911995 0.1206214 0.0954069 0.0821300 0.0885816 0.0000000 0.0757405 0.1013407 0.0804058 0.0756251 0.0973791 
taxon15    0.2908998 0.3038357 0.3153783 0.3018292 0.3022514 0.3685991 0.3384918 0.3376098 0.3333741 0.3397170 0.1142444 0.1153449 0.1253390 0.0865773 0.0757405 0.0000000 0.0547063 0.0440381 0.1073655 0.0867339 
taxon16    0.3097341 0.2964109 0.3078967 0.2995943 0.2867473 0.3385224 0.3221705 0.3086084 0.3171027 0.3233376 0.1366867 0.1740039 0.1467120 0.1319136 0.1013407 0.0547063 0.0000000 0.0394629 0.1228085 0.1238241 
taxon17    0.3022608 0.2966341 0.3081283 0.2922881 0.2795310 0.3308296 0.3146402 0.3011946 0.3095860 0.3157826 0.1190248 0.1486810 0.1362028 0.1195597 0.0804058 0.0440381 0.0394629 0.0000000 0.1284040 0.1351928 
taxon18    0.2736506 0.2758100 0.2872101 0.2707243 0.2591592 0.3221433 0.2935425 0.3122174 0.3007256 0.2946200 0.1026521 0.0891312 0.0975437 0.0982194 0.0756251 0.1073655 0.1228085 0.1284040 0.0000000 0.0445089 
taxon19    0.2456740 0.2657331 0.2770348 0.2682923 0.2694726 0.3195055 0.2910003 0.3145895 0.3031404 0.2970561 0.1160320 0.1119180 0.1042163 0.1101020 0.0973791 0.0867339 0.1238241 0.1351928 0.0445089 0.0000000 
