20
taxon0     0.0000000 0.4865676 0.2888077 0.3062384 0.2500131 0.2491691 0.2503971 0.3094897 0.2868644 0.2167151 0.6037710 0.5466180 0.5569030 0.6209704 0.5612698 0.5697444 0.7833817 0.4954279 0.5725225 0.4789252 
taxon1     0.4865676 0.0000000 0.3962769 0.6115591 0.6031473 0.6103860 0.6317459 0.6332227 0.5926175 0.5518054 0.9176312 0.9253838 0.9821958 0.9803194 0.8750478 0.7933089 1.1565564 0.7516969 0.8481275 0.8218754 
taxon2     0.2888077 0.3962769 0.0000000 0.3615256 0.3331224 0.2946503 0.3623721 0.3695557 0.3717522 0.3061168 0.6631177 0.5804950 0.6515836 0.6528708 0.6154195 0.5550889 0.8431273 0.5961648 0.5861460 0.5419733 
taxon3     0.3062384 0.6115591 0.3615256 0.0000000 0.1602050 0.1872999 0.2696227 0.2785842 0.3088569 0.2159201 0.6745767 0.5832414 0.5814784 0.6073300 0.5332806 0.5565980 0.8262321 0.5754667 0.5202825 0.5153083 
taxon4     0.2500131 0.6031473 0.3331224 0.1602050 0.0000000 0.1561191 0.2464623 0.2897576 0.2994265 0.1998514 0.6582724 0.5494767 0.6069546 0.6298792 0.5353111 0.5697090 0.8504954 0.5533175 0.5493318 0.5013960 
taxon5     0.2491691 0.6103860 0.2946503 0.1872999 0.1561191 0.0000000 0.2577493 0.2750085 0.2785489 0.1999093 0.6521373 0.5602412 0.5645220 0.5520676 0.5500896 0.5060115 0.7664221 0.5349392 0.5308046 0.4889081 
taxon6     0.2503971 0.6317459 0.3623721 0.2696227 0.2464623 0.2577493 0.0000000 0.1802249 0.1471236 0.2224898 0.6588065 0.5756143 0.5841104 0.6261737 0.5545736 0.6187997 0.8274611 0.6036402 0.5883738 0.5417507 
taxon7     0.3094897 0.6332227 0.3695557 0.2785842 0.2897576 0.2750085 0.1802249 0.0000000 0.1514461 0.2850918 0.6868148 0.5936721 0.5387082 0.6283239 0.5669345 0.5781416 0.7964876 0.5688039 0.5343865 0.4948991 
taxon8     0.2868644 0.5926175 0.3717522 0.3088569 0.2994265 0.2785489 0.1471236 0.1514461 0.0000000 0.2934990 0.7002158 0.6197808 0.6068458 0.6578886 0.5603729 0.6445525 0.8353387 0.6191411 0.5938322 0.5455370 
taxon9     0.2167151 0.5518054 0.3061168 0.2159201 0.1998514 0.1999093 0.2224898 0.2850918 0.2934990 0.0000000 0.6448034 0.6008258 0.5805147 0.6499743 0.6018815 0.5366597 0.8422725 0.5057359 0.5320180 0.5041152 
taxon10    0.6037710 0.9176312 0.6631177 0.6745767 0.6582724 0.6521373 0.6588065 0.6868148 0.7002158 0.6448034 0.0000000 0.1159108 0.3356270 0.4727375 0.4678041 0.3652600 0.6321681 0.3286490 0.4141686 0.3200920 
taxon11    0.5466180 0.9253838 0.5804950 0.5832414 0.5494767 0.5602412 0.5756143 0.5936721 0.6197808 0.6008258 0.1159108 0.0000000 0.2713646 0.3745824 0.3842997 0.3040759 0.5812415 0.3053014 0.3696097 0.2948751 
taxon12    0.5569030 0.9821958 0.6515836 0.5814784 0.6069546 0.5645220 0.5841104 0.5387082 0.6068458 0.5805147 0.3356270 0.2713646 0.0000000 0.2814629 0.3711967 0.2926203 0.5558380 0.3109943 0.3402527 0.2980261 
taxon13    0.6209704 0.9803194 0.6528708 0.6073300 0.6298792 0.5520676 0.6261737 0.6283239 0.6578886 0.6499743 0.4727375 0.3745824 0.2814629 0.0000000 0.2692775 0.3542159 0.6194188 0.3923586 0.4304898 0.4405138 
taxon14    0.5612698 0.8750478 0.6154195 0.5332806 0.5353111 0.5500896 0.5545736 0.5669345 0.5603729 0.6018815 0.4678041 0.3842997 0.3711967 0.2692775 0.0000000 0.3900959 0.6114612 0.3733735 0.4030164 0.3814821 
taxon15    0.5697444 0.7933089 0.5550889 0.5565980 0.5697090 0.5060115 0.6187997 0.5781416 0.6445525 0.5366597 0.3652600 0.3040759 0.2926203 0.3542159 0.3900959 0.0000000 0.3453047 0.2606959 0.3333040 0.2915449 
taxon16    0.7833817 1.1565564 0.8431273 0.8262321 0.8504954 0.7664221 0.8274611 0.7964876 0.8353387 0.8422725 0.6321681 0.5812415 0.5558380 0.6194188 0.6114612 0.3453047 0.0000000 0.5405245 0.6011497 0.5576373 
taxon17    0.4954279 0.7516969 0.5961648 0.5754667 0.5533175 0.5349392 0.6036402 0.5688039 0.6191411 0.5057359 0.3286490 0.3053014 0.3109943 0.3923586 0.3733735 0.2606959 0.5405245 0.0000000 0.2761016 0.2250616 
taxon18    0.5725225 0.8481275 0.5861460 0.5202825 0.5493318 0.5308046 0.5883738 0.5343865 0.5938322 0.5320180 0.4141686 0.3696097 0.3402527 0.4304898 0.4030164 0.3333040 0.6011497 0.2761016 0.0000000 0.1501317 
taxon19    0.4789252 0.8218754 0.5419733 0.5153083 0.5013960 0.4889081 0.5417507 0.4948991 0.5455370 0.5041152 0.3200920 0.2948751 0.2980261 0.4405138 0.3814821 0.2915449 0.5576373 0.2250616 0.1501317 0.0000000 
