20
taxon0     0.0000000 0.2931928 0.3624524 0.4652998 0.4132583 0.3010060 0.3605928 0.4285795 0.4541410 0.4452478 0.4961723 0.4750570 0.4958033 0.5326168 0.5057438 0.5881646 0.5759549 0.5906274 0.5220972 0.5358098 
taxon1     0.2931928 0.0000000 0.2652790 0.3720851 0.3201360 0.4295331 0.4546366 0.5327495 0.5413197 0.5612263 0.6017068 0.5172116 0.5355046 0.5397500 0.5437481 0.6112674 0.6200001 0.6017308 0.5681951 0.6229954 
taxon2     0.3624524 0.2652790 0.0000000 0.2872169 0.2364819 0.4592382 0.5317580 0.5718314 0.5805389 0.5426378 0.5859081 0.5665007 0.5701016 0.5506951 0.5341196 0.6102198 0.6085210 0.6117565 0.5628691 0.6093200 
taxon3     0.4652998 0.3720851 0.2872169 0.0000000 0.2062623 0.4982363 0.5977371 0.5939795 0.6452382 0.6287736 0.6638864 0.6305638 0.6204325 0.5995843 0.5712554 0.6256612 0.6544968 0.6309378 0.6475724 0.6769179 
taxon4     0.4132583 0.3201360 0.2364819 0.2062623 0.0000000 0.4638451 0.5302349 0.5459534 0.5504605 0.5556424 0.5933410 0.5644078 0.5793615 0.5390412 0.5319162 0.5662423 0.5870599 0.5786200 0.5780122 0.6137674 
taxon5     0.3010060 0.4295331 0.4592382 0.4982363 0.4638451 0.0000000 0.2401257 0.3005948 0.3137724 0.3000507 0.3599385 0.4680934 0.4916865 0.4875720 0.4937562 0.5399982 0.5595367 0.5549544 0.5256093 0.5535075 
taxon6     0.3605928 0.4546366 0.5317580 0.5977371 0.5302349 0.2401257 0.0000000 0.2473103 0.2778500 0.2721915 0.3210860 0.5019392 0.4665102 0.5120534 0.5470978 0.6094795 0.6078659 0.5890257 0.5228740 0.5391500 
taxon7     0.4285795 0.5327495 0.5718314 0.5939795 0.5459534 0.3005948 0.2473103 0.0000000 0.2620185 0.2284816 0.2783101 0.5434100 0.5201300 0.5872117 0.4933672 0.5391191 0.5365807 0.5520817 0.5192468 0.5571534 
taxon8     0.4541410 0.5413197 0.5805389 0.6452382 0.5504605 0.3137724 0.2778500 0.2620185 0.0000000 0.1442587 0.1973420 0.5644960 0.5742236 0.6021520 0.5723098 0.6029553 0.6142200 0.6043934 0.5524507 0.5823596 
taxon9     0.4452478 0.5612263 0.5426378 0.6287736 0.5556424 0.3000507 0.2721915 0.2284816 0.1442587 0.0000000 0.1045789 0.5849253 0.5493953 0.5929704 0.5719074 0.6043621 0.6187743 0.6092696 0.5535358 0.6009579 
taxon10    0.4961723 0.6017068 0.5859081 0.6638864 0.5933410 0.3599385 0.3210860 0.2783101 0.1973420 0.1045789 0.0000000 0.5830998 0.6151199 0.6200269 0.6283260 0.6811980 0.6690340 0.6793631 0.5934336 0.6527803 
taxon11    0.4750570 0.5172116 0.5665007 0.6305638 0.5644078 0.4680934 0.5019392 0.5434100 0.5644960 0.5849253 0.5830998 0.0000000 0.2013944 0.2719935 0.4242948 0.4703455 0.4991213 0.5207667 0.4001061 0.4334503 
taxon12    0.4958033 0.5355046 0.5701016 0.6204325 0.5793615 0.4916865 0.4665102 0.5201300 0.5742236 0.5493953 0.6151199 0.2013944 0.0000000 0.1577674 0.4022097 0.4645395 0.4989124 0.5016553 0.4097912 0.4191699 
taxon13    0.5326168 0.5397500 0.5506951 0.5995843 0.5390412 0.4875720 0.5120534 0.5872117 0.6021520 0.5929704 0.6200269 0.2719935 0.1577674 0.0000000 0.4706721 0.5175494 0.5634764 0.5799674 0.4552018 0.4604160 
taxon14    0.5057438 0.5437481 0.5341196 0.5712554 0.5319162 0.4937562 0.5470978 0.4933672 0.5723098 0.5719074 0.6283260 0.4242948 0.4022097 0.4706721 0.0000000 0.1957289 0.2213406 0.2351462 0.3023303 0.3237592 
taxon15    0.5881646 0.6112674 0.6102198 0.6256612 0.5662423 0.5399982 0.6094795 0.5391191 0.6029553 0.6043621 0.6811980 0.4703455 0.4645395 0.5175494 0.1957289 0.0000000 0.2529157 0.2409010 0.3377045 0.3885599 
taxon16    0.5759549 0.6200001 0.6085210 0.6544968 0.5870599 0.5595367 0.6078659 0.5365807 0.6142200 0.6187743 0.6690340 0.4991213 0.4989124 0.5634764 0.2213406 0.2529157 0.0000000 0.1617355 0.3883701 0.4152034 
taxon17    0.5906274 0.6017308 0.6117565 0.6309378 0.5786200 0.5549544 0.5890257 0.5520817 0.6043934 0.6092696 0.6793631 0.5207667 0.5016553 0.5799674 0.2351462 0.2409010 0.1617355 0.0000000 0.4089123 0.4151551 
taxon18    0.5220972 0.5681951 0.5628691 0.6475724 0.5780122 0.5256093 0.5228740 0.5192468 0.5524507 0.5535358 0.5934336 0.4001061 0.4097912 0.4552018 0.3023303 0.3377045 0.3883701 0.4089123 0.0000000 0.2315679 
taxon19    0.5358098 0.6229954 0.6093200 0.6769179 0.6137674 0.5535075 0.5391500 0.5571534 0.5823596 0.6009579 0.6527803 0.4334503 0.4191699 0.4604160 0.3237592 0.3885599 0.4152034 0.4151551 0.2315679 0.0000000 
