20
taxon0     0.0000000 0.0921948 0.0692296 0.0820037 0.1373232 0.1700906 0.1947182 0.1589588 0.1213469 0.1326198 0.1144129 0.2287989 0.2055109 0.2188173 0.2200713 0.2311562 0.2245788 0.1837661 0.2257692 0.2207771 
taxon1     0.0921948 0.0000000 0.0799764 0.0873427 0.1574905 0.1569295 0.2034802 0.1677958 0.1533292 0.1476315 0.1538329 0.2090288 0.2094589 0.2053443 0.2312671 0.2249065 0.2228851 0.2105656 0.2347993 0.2490614 
taxon2     0.0692296 0.0799764 0.0000000 0.0312669 0.1296203 0.1552763 0.1954965 0.1495647 0.1193346 0.1304375 0.1138255 0.2210126 0.2035965 0.2174659 0.2116321 0.2165173 0.2160136 0.1783982 0.2201648 0.2150864 
taxon3     0.0820037 0.0873427 0.0312669 0.0000000 0.1230134 0.1365501 0.1755230 0.1524398 0.1206780 0.1327763 0.1074512 0.2217436 0.2036567 0.2168307 0.2097071 0.2080459 0.2075661 0.1789912 0.2208468 0.2030249 
taxon4     0.1373232 0.1574905 0.1296203 0.1230134 0.0000000 0.0698033 0.0747346 0.1631991 0.1269495 0.1242491 0.0987272 0.2472154 0.2024826 0.2291301 0.2306847 0.2282959 0.2217223 0.2107485 0.2467401 0.2165144 
taxon5     0.1700906 0.1569295 0.1552763 0.1365501 0.0698033 0.0000000 0.0812572 0.1877416 0.1686785 0.1664639 0.1396429 0.2720139 0.2391532 0.2596749 0.2607247 0.2560526 0.2560624 0.2555579 0.2953312 0.2724311 
taxon6     0.1947182 0.2034802 0.1954965 0.1755230 0.0747346 0.0812572 0.0000000 0.2135170 0.1996420 0.1821688 0.1691988 0.2775396 0.2479158 0.2759798 0.2964551 0.2797199 0.2797007 0.2677296 0.3086155 0.2830501 
taxon7     0.1589588 0.1677958 0.1495647 0.1524398 0.1631991 0.1877416 0.2135170 0.0000000 0.0910158 0.0860545 0.1011546 0.2267857 0.2124232 0.2408568 0.2452878 0.2347598 0.2409403 0.2065378 0.2102411 0.2331249 
taxon8     0.1213469 0.1533292 0.1193346 0.1206780 0.1269495 0.1686785 0.1996420 0.0910158 0.0000000 0.0691569 0.0657764 0.2232556 0.1850311 0.2190839 0.2236178 0.2194273 0.2255570 0.1537231 0.1936083 0.1842469 
taxon9     0.1326198 0.1476315 0.1304375 0.1327763 0.1242491 0.1664639 0.1821688 0.0860545 0.0691569 0.0000000 0.0705873 0.1908190 0.1738249 0.2076030 0.2021416 0.1939204 0.1999683 0.1546065 0.1885784 0.1788222 
taxon10    0.1144129 0.1538329 0.1138255 0.1074512 0.0987272 0.1396429 0.1691988 0.1011546 0.0657764 0.0705873 0.0000000 0.2404002 0.2013286 0.2362576 0.2218936 0.2177355 0.2238083 0.1823248 0.2178273 0.1973618 
taxon11    0.2287989 0.2090288 0.2210126 0.2217436 0.2472154 0.2720139 0.2775396 0.2267857 0.2232556 0.1908190 0.2404002 0.0000000 0.0698097 0.0754811 0.1133047 0.1066209 0.1062910 0.0981756 0.1087154 0.1300165 
taxon12    0.2055109 0.2094589 0.2035965 0.2036567 0.2024826 0.2391532 0.2479158 0.2124232 0.1850311 0.1738249 0.2013286 0.0698097 0.0000000 0.0463989 0.1272195 0.1141488 0.1082805 0.0762624 0.1063852 0.1072502 
taxon13    0.2188173 0.2053443 0.2174659 0.2168307 0.2291301 0.2596749 0.2759798 0.2408568 0.2190839 0.2076030 0.2362576 0.0754811 0.0463989 0.0000000 0.1168606 0.1275145 0.1215464 0.1053693 0.1368007 0.1375952 
taxon14    0.2200713 0.2312671 0.2116321 0.2097071 0.2306847 0.2607247 0.2964551 0.2452878 0.2236178 0.2021416 0.2218936 0.1133047 0.1272195 0.1168606 0.0000000 0.0365404 0.0312674 0.0864610 0.1110898 0.1106941 
taxon15    0.2311562 0.2249065 0.2165173 0.2080459 0.2282959 0.2560526 0.2797199 0.2347598 0.2194273 0.1939204 0.2177355 0.1066209 0.1141488 0.1275145 0.0365404 0.0000000 0.0050434 0.0877045 0.1126697 0.1104330 
taxon16    0.2245788 0.2228851 0.2160136 0.2075661 0.2217223 0.2560624 0.2797007 0.2409403 0.2255570 0.1999683 0.2238083 0.1062910 0.1082805 0.1215464 0.0312674 0.0050434 0.0000000 0.0880227 0.1130837 0.1108329 
taxon17    0.1837661 0.2105656 0.1783982 0.1789912 0.2107485 0.2555579 0.2677296 0.2065378 0.1537231 0.1546065 0.1823248 0.0981756 0.0762624 0.1053693 0.0864610 0.0877045 0.0880227 0.0000000 0.0310934 0.0425592 
taxon18    0.2257692 0.2347993 0.2201648 0.2208468 0.2467401 0.2953312 0.3086155 0.2102411 0.1936083 0.1885784 0.2178273 0.1087154 0.1063852 0.1368007 0.1110898 0.1126697 0.1130837 0.0310934 0.0000000 0.0654511 
taxon19    0.2207771 0.2490614 0.2150864 0.2030249 0.2165144 0.2724311 0.2830501 0.2331249 0.1842469 0.1788222 0.1973618 0.1300165 0.1072502 0.1375952 0.1106941 0.1104330 0.1108329 0.0425592 0.0654511 0.0000000 
