20
taxon0     0.0000000 0.0727670 0.1304515 0.1104736 0.1115823 0.1244108 0.1112414 0.1164316 0.1111271 0.1402437 0.1651026 0.1349751 0.1700718 0.1821864 0.2091665 0.1419690 0.1820871 0.1889075 0.1782009 0.1754287 
taxon1     0.0727670 0.0000000 0.1259713 0.0777991 0.0941513 0.0947983 0.1051829 0.1196937 0.1005758 0.1295569 0.1443465 0.1128889 0.1628951 0.1759265 0.1988029 0.1265863 0.1578288 0.1660988 0.1339517 0.1428177 
taxon2     0.1304515 0.1259713 0.0000000 0.0798149 0.0907754 0.1035052 0.1367181 0.1486771 0.1626214 0.1664462 0.1845788 0.1700795 0.2168267 0.2106937 0.2499103 0.1734442 0.1946036 0.2078258 0.2018667 0.2085504 
taxon3     0.1104736 0.0777991 0.0798149 0.0000000 0.0411374 0.0466328 0.1225896 0.1276220 0.1309419 0.1459362 0.1634936 0.1369096 0.1855471 0.1820247 0.2047498 0.1269972 0.1471979 0.1597574 0.1619928 0.1680529 
taxon4     0.1115823 0.0941513 0.0907754 0.0411374 0.0000000 0.0519218 0.1235333 0.1212931 0.1352195 0.1402960 0.1577612 0.1372189 0.1815212 0.1902634 0.2084412 0.1346239 0.1601283 0.1675612 0.1677709 0.1685885 
taxon5     0.1244108 0.0947983 0.1035052 0.0466328 0.0519218 0.0000000 0.1356210 0.1237367 0.1430941 0.1586132 0.1764712 0.1557801 0.1926798 0.1885875 0.2141164 0.1471192 0.1722115 0.1806703 0.1638834 0.1757115 
taxon6     0.1112414 0.1051829 0.1367181 0.1225896 0.1235333 0.1356210 0.0000000 0.0844156 0.1025333 0.1136643 0.1285589 0.0970675 0.1415990 0.1644410 0.1894287 0.1398882 0.1693029 0.1734977 0.1588014 0.1613980 
taxon7     0.1164316 0.1196937 0.1486771 0.1276220 0.1212931 0.1237367 0.0844156 0.0000000 0.0613027 0.1207436 0.1245957 0.1356497 0.1762203 0.2007826 0.2150037 0.1435762 0.1808835 0.1889352 0.1641912 0.1716601 
taxon8     0.1111271 0.1005758 0.1626214 0.1309419 0.1352195 0.1430941 0.1025333 0.0613027 0.0000000 0.1278257 0.1425165 0.1316853 0.1828414 0.1970604 0.2280913 0.1462729 0.1982665 0.2017727 0.1850052 0.1890237 
taxon9     0.1402437 0.1295569 0.1664462 0.1459362 0.1402960 0.1586132 0.1136643 0.1207436 0.1278257 0.0000000 0.0357105 0.0892175 0.1158174 0.1274238 0.1406146 0.1782328 0.2075332 0.2139417 0.1991126 0.2020059 
taxon10    0.1651026 0.1443465 0.1845788 0.1634936 0.1577612 0.1764712 0.1285589 0.1245957 0.1425165 0.0357105 0.0000000 0.0989808 0.1339487 0.1407790 0.1505450 0.2012157 0.2073488 0.2197794 0.2049302 0.2204801 
taxon11    0.1349751 0.1128889 0.1700795 0.1369096 0.1372189 0.1557801 0.0970675 0.1356497 0.1316853 0.0892175 0.0989808 0.0000000 0.0838465 0.0958622 0.1180489 0.1483945 0.1702523 0.1820420 0.1621727 0.1677819 
taxon12    0.1700718 0.1628951 0.2168267 0.1855471 0.1815212 0.1926798 0.1415990 0.1762203 0.1828414 0.1158174 0.1339487 0.0838465 0.0000000 0.0447084 0.0773015 0.1765995 0.2080735 0.2141360 0.1820604 0.1979976 
taxon13    0.1821864 0.1759265 0.2106937 0.1820247 0.1902634 0.1885875 0.1644410 0.2007826 0.1970604 0.1274238 0.1407790 0.0958622 0.0447084 0.0000000 0.0559743 0.2049740 0.2222461 0.2226862 0.2085684 0.2242960 
taxon14    0.2091665 0.1988029 0.2499103 0.2047498 0.2084412 0.2141164 0.1894287 0.2150037 0.2280913 0.1406146 0.1505450 0.1180489 0.0773015 0.0559743 0.0000000 0.2179564 0.2222672 0.2220391 0.2209375 0.2363676 
taxon15    0.1419690 0.1265863 0.1734442 0.1269972 0.1346239 0.1471192 0.1398882 0.1435762 0.1462729 0.1782328 0.2012157 0.1483945 0.1765995 0.2049740 0.2179564 0.0000000 0.1011894 0.0856104 0.1153694 0.1029231 
taxon16    0.1820871 0.1578288 0.1946036 0.1471979 0.1601283 0.1722115 0.1693029 0.1808835 0.1982665 0.2075332 0.2073488 0.1702523 0.2080735 0.2222461 0.2222672 0.1011894 0.0000000 0.0745156 0.1352512 0.1464377 
taxon17    0.1889075 0.1660988 0.2078258 0.1597574 0.1675612 0.1806703 0.1734977 0.1889352 0.2017727 0.2139417 0.2197794 0.1820420 0.2141360 0.2226862 0.2220391 0.0856104 0.0745156 0.0000000 0.1305196 0.1306411 
taxon18    0.1782009 0.1339517 0.2018667 0.1619928 0.1677709 0.1638834 0.1588014 0.1641912 0.1850052 0.1991126 0.2049302 0.1621727 0.1820604 0.2085684 0.2209375 0.1153694 0.1352512 0.1305196 0.0000000 0.1014860 
taxon19    0.1754287 0.1428177 0.2085504 0.1680529 0.1685885 0.1757115 0.1613980 0.1716601 0.1890237 0.2020059 0.2204801 0.1677819 0.1979976 0.2242960 0.2363676 0.1029231 0.1464377 0.1306411 0.1014860 0.0000000 
