20
taxon0     0.0000000 0.2252492 0.2705469 0.2793229 0.3341577 0.2870844 0.2946780 0.4236573 0.3230200 0.3478258 0.3252208 0.4197940 0.3935348 0.4246280 0.4479924 0.5026808 0.4737496 0.4584112 0.4964452 0.4638763 
taxon1     0.2252492 0.0000000 0.1343780 0.1772386 0.1897465 0.2964207 0.2954780 0.3925864 0.3175576 0.3413754 0.3497195 0.4252938 0.3923485 0.4201076 0.4322214 0.4766373 0.4488325 0.4726671 0.4734056 0.4506587 
taxon2     0.2705469 0.1343780 0.0000000 0.1331024 0.1494992 0.3023169 0.3308026 0.3919332 0.3289954 0.3602260 0.3412624 0.3861935 0.3793688 0.4087544 0.4270662 0.4697668 0.4562904 0.4462235 0.4547315 0.4396116 
taxon3     0.2793229 0.1772386 0.1331024 0.0000000 0.0766525 0.3542869 0.3616031 0.4103191 0.3597171 0.3901609 0.3548993 0.4286526 0.4120305 0.4611599 0.4687270 0.4737985 0.4378194 0.4594922 0.4330283 0.4122203 
taxon4     0.3341577 0.1897465 0.1494992 0.0766525 0.0000000 0.3791376 0.3928287 0.4142977 0.3829458 0.4136289 0.3933761 0.4585835 0.4387711 0.4842105 0.4832705 0.5019537 0.4758340 0.4723518 0.4756235 0.4609345 
taxon5     0.2870844 0.2964207 0.3023169 0.3542869 0.3791376 0.0000000 0.1076711 0.2043756 0.2263861 0.2520086 0.2358058 0.3228275 0.2731955 0.3433369 0.3682751 0.4021676 0.3679968 0.3630571 0.3907775 0.3794394 
taxon6     0.2946780 0.2954780 0.3308026 0.3616031 0.3928287 0.1076711 0.0000000 0.1377509 0.2422020 0.2761419 0.2647137 0.3150135 0.2665087 0.3548653 0.3684002 0.4134958 0.3937775 0.3774882 0.3935451 0.3770086 
taxon7     0.4236573 0.3925864 0.3919332 0.4103191 0.4142977 0.2043756 0.1377509 0.0000000 0.2839250 0.3117847 0.2918015 0.3203024 0.2957306 0.3392968 0.3500750 0.3437392 0.3647547 0.3480038 0.3234216 0.3358445 
taxon8     0.3230200 0.3175576 0.3289954 0.3597171 0.3829458 0.2263861 0.2422020 0.2839250 0.0000000 0.0858289 0.0736795 0.2033487 0.1696885 0.2053472 0.2485327 0.2797655 0.2578479 0.2731685 0.2981308 0.2824938 
taxon9     0.3478258 0.3413754 0.3602260 0.3901609 0.4136289 0.2520086 0.2761419 0.3117847 0.0858289 0.0000000 0.0312198 0.2381404 0.2048797 0.2337658 0.2549160 0.2883094 0.2741807 0.2757736 0.3025790 0.2907081 
taxon10    0.3252208 0.3497195 0.3412624 0.3548993 0.3933761 0.2358058 0.2647137 0.2918015 0.0736795 0.0312198 0.0000000 0.2154323 0.1893045 0.2258774 0.2468154 0.2797926 0.2659319 0.2675051 0.2940503 0.2823519 
taxon11    0.4197940 0.4252938 0.3861935 0.4286526 0.4585835 0.3228275 0.3150135 0.3203024 0.2033487 0.2381404 0.2154323 0.0000000 0.0639807 0.2162368 0.2285517 0.2361022 0.2332667 0.2610782 0.2729231 0.2528347 
taxon12    0.3935348 0.3923485 0.3793688 0.4120305 0.4387711 0.2731955 0.2665087 0.2957306 0.1696885 0.2048797 0.1893045 0.0639807 0.0000000 0.1778373 0.1872075 0.1916401 0.1991702 0.2214101 0.2447651 0.2254543 
taxon13    0.4246280 0.4201076 0.4087544 0.4611599 0.4842105 0.3433369 0.3548653 0.3392968 0.2053472 0.2337658 0.2258774 0.2162368 0.1778373 0.0000000 0.0590248 0.0761949 0.1247520 0.1326307 0.1553218 0.1551900 
taxon14    0.4479924 0.4322214 0.4270662 0.4687270 0.4832705 0.3682751 0.3684002 0.3500750 0.2485327 0.2549160 0.2468154 0.2285517 0.1872075 0.0590248 0.0000000 0.0574076 0.1432879 0.1507837 0.1457635 0.1726750 
taxon15    0.5026808 0.4766373 0.4697668 0.4737985 0.5019537 0.4021676 0.4134958 0.3437392 0.2797655 0.2883094 0.2797926 0.2361022 0.1916401 0.0761949 0.0574076 0.0000000 0.1378458 0.1443186 0.1284909 0.1609446 
taxon16    0.4737496 0.4488325 0.4562904 0.4378194 0.4758340 0.3679968 0.3937775 0.3647547 0.2578479 0.2741807 0.2659319 0.2332667 0.1991702 0.1247520 0.1432879 0.1378458 0.0000000 0.0853884 0.1011291 0.0952072 
taxon17    0.4584112 0.4726671 0.4462235 0.4594922 0.4723518 0.3630571 0.3774882 0.3480038 0.2731685 0.2757736 0.2675051 0.2610782 0.2214101 0.1326307 0.1507837 0.1443186 0.0853884 0.0000000 0.0646858 0.0694079 
taxon18    0.4964452 0.4734056 0.4547315 0.4330283 0.4756235 0.3907775 0.3935451 0.3234216 0.2981308 0.3025790 0.2940503 0.2729231 0.2447651 0.1553218 0.1457635 0.1284909 0.1011291 0.0646858 0.0000000 0.0360614 
taxon19    0.4638763 0.4506587 0.4396116 0.4122203 0.4609345 0.3794394 0.3770086 0.3358445 0.2824938 0.2907081 0.2823519 0.2528347 0.2254543 0.1551900 0.1726750 0.1609446 0.0952072 0.0694079 0.0360614 0.0000000 
