20
taxon0     0.0000000 0.0409500 0.0353786 0.0671171 0.0677591 0.0677591 0.0739787 0.0733033 0.0724863 0.0722296 0.0729655 0.0671030 0.0622382 0.0843323 0.2798993 0.2739768 0.2659590 0.2659590 0.2663223 0.2800156 
taxon1     0.0409500 0.0000000 0.0149365 0.0745304 0.0685342 0.0685342 0.0628842 0.0741473 0.0680485 0.0683757 0.0624591 0.0624927 0.0517950 0.0736994 0.3034885 0.2973730 0.2889400 0.2889400 0.2893531 0.3036309 
taxon2     0.0353786 0.0149365 0.0000000 0.0683394 0.0624708 0.0624708 0.0686152 0.0570859 0.0627810 0.0630906 0.0565405 0.0565705 0.0355362 0.0675797 0.2784183 0.2872372 0.2789648 0.2789648 0.2793569 0.2934146 
taxon3     0.0671171 0.0745304 0.0683394 0.0000000 0.0261112 0.0261112 0.0541050 0.0535919 0.0477915 0.0531179 0.0478090 0.0420944 0.0425046 0.0481883 0.2675788 0.2616476 0.2405322 0.2405322 0.2502703 0.2542210 
taxon4     0.0677591 0.0685342 0.0624708 0.0261112 0.0000000 0.0000010 0.0360069 0.0356741 0.0411170 0.0308123 0.0355179 0.0301469 0.0252356 0.0462080 0.2599003 0.2539854 0.2328901 0.2328901 0.2331997 0.2466162 
taxon5     0.0677591 0.0685342 0.0624708 0.0261112 0.0000010 0.0000000 0.0360069 0.0356741 0.0411170 0.0308123 0.0355179 0.0301469 0.0252356 0.0462080 0.2599003 0.2539854 0.2328901 0.2328901 0.2331997 0.2466162 
taxon6     0.0739787 0.0628842 0.0686152 0.0541050 0.0360069 0.0360069 0.0000000 0.0203529 0.0357431 0.0359412 0.0516839 0.0460549 0.0411239 0.0520926 0.2582898 0.2657797 0.2576844 0.2576844 0.2580404 0.2719107 
taxon7     0.0733033 0.0741473 0.0570859 0.0535919 0.0356741 0.0356741 0.0203529 0.0000000 0.0358528 0.0360517 0.0512103 0.0456352 0.0303116 0.0516123 0.2416042 0.2475893 0.2553156 0.2553156 0.2556652 0.2694170 
taxon8     0.0724863 0.0680485 0.0627810 0.0477915 0.0411170 0.0411170 0.0357431 0.0358528 0.0000000 0.0248818 0.0568048 0.0511319 0.0356668 0.0679306 0.2672709 0.2759067 0.2677884 0.2677884 0.2681587 0.2820142 
taxon9     0.0722296 0.0683757 0.0630906 0.0531179 0.0308123 0.0308123 0.0359412 0.0360517 0.0248818 0.0000000 0.0570911 0.0513941 0.0358639 0.0682578 0.2661698 0.2747608 0.2666829 0.2666829 0.2670499 0.2808424 
taxon10    0.0729655 0.0624591 0.0565405 0.0478090 0.0355179 0.0355179 0.0516839 0.0512103 0.0568048 0.0570911 0.0000000 0.0249786 0.0199265 0.0302341 0.2671919 0.2612523 0.2389108 0.2389108 0.2465771 0.2538175 
taxon11    0.0671030 0.0624927 0.0565705 0.0420944 0.0301469 0.0301469 0.0460549 0.0456352 0.0511319 0.0513941 0.0249786 0.0000000 0.0249873 0.0353851 0.2681077 0.2621552 0.2397495 0.2397495 0.2474389 0.2546997 
taxon12    0.0622382 0.0517950 0.0355362 0.0425046 0.0252356 0.0252356 0.0411239 0.0303116 0.0356668 0.0358639 0.0199265 0.0249873 0.0000000 0.0302446 0.2551412 0.2636587 0.2422161 0.2422161 0.2425436 0.2561626 
taxon13    0.0843323 0.0736994 0.0675797 0.0481883 0.0462080 0.0462080 0.0520926 0.0516123 0.0679306 0.0682578 0.0302341 0.0353851 0.0302446 0.0000000 0.2564237 0.2638615 0.2413019 0.2413019 0.2490457 0.2563556 
taxon14    0.2798993 0.3034885 0.2784183 0.2675788 0.2599003 0.2599003 0.2582898 0.2416042 0.2672709 0.2661698 0.2671919 0.2681077 0.2551412 0.2564237 0.0000000 0.0146498 0.0245214 0.0245214 0.0295737 0.0296586 
taxon15    0.2739768 0.2973730 0.2872372 0.2616476 0.2539854 0.2539854 0.2657797 0.2475893 0.2759067 0.2747608 0.2612523 0.2621552 0.2636587 0.2638615 0.0146498 0.0000000 0.0196282 0.0196282 0.0246585 0.0247295 
taxon16    0.2659590 0.2889400 0.2789648 0.2405322 0.2328901 0.2328901 0.2576844 0.2553156 0.2677884 0.2666829 0.2389108 0.2397495 0.2422161 0.2413019 0.0245214 0.0196282 0.0000000 0.0000010 0.0097511 0.0146452 
taxon17    0.2659590 0.2889400 0.2789648 0.2405322 0.2328901 0.2328901 0.2576844 0.2553156 0.2677884 0.2666829 0.2389108 0.2397495 0.2422161 0.2413019 0.0245214 0.0196282 0.0000010 0.0000000 0.0097511 0.0146452 
taxon18    0.2663223 0.2893531 0.2793569 0.2502703 0.2331997 0.2331997 0.2580404 0.2556652 0.2681587 0.2670499 0.2465771 0.2474389 0.2425436 0.2490457 0.0295737 0.0246585 0.0097511 0.0097511 0.0000000 0.0097659 
taxon19    0.2800156 0.3036309 0.2934146 0.2542210 0.2466162 0.2466162 0.2719107 0.2694170 0.2820142 0.2808424 0.2538175 0.2546997 0.2561626 0.2563556 0.0296586 0.0247295 0.0146452 0.0146452 0.0097659 0.0000000 
