20
taxon0     0.0000000 0.0405266 0.0405502 0.0403368 0.0719687 0.0948521 0.0934608 0.0882303 0.0710610 0.0720762 0.0972846 0.1452551 0.1210903 0.0821936 0.0820595 0.3023693 0.2501308 0.2947861 0.2880890 0.3006542 
taxon1     0.0405266 0.0000000 0.0195513 0.0294612 0.0496417 0.0713011 0.0759792 0.0833084 0.0950266 0.0838370 0.0883287 0.1485810 0.1239836 0.0827963 0.0939185 0.3288067 0.2587464 0.2893148 0.2703202 0.3035406 
taxon2     0.0405502 0.0195513 0.0000000 0.0294776 0.0496702 0.0713437 0.0760247 0.0939096 0.0950862 0.0944862 0.0989095 0.1598779 0.1350206 0.0933273 0.1045635 0.3210469 0.2483506 0.2885325 0.2820790 0.3101387 
taxon3     0.0403368 0.0294612 0.0294776 0.0000000 0.0497526 0.0714621 0.0761497 0.0867167 0.0878131 0.0872525 0.0916517 0.1512698 0.1269244 0.0861900 0.0971758 0.3409902 0.2852793 0.3169000 0.3098304 0.3390247 
taxon4     0.0719687 0.0496417 0.0496702 0.0497526 0.0000000 0.0446984 0.0444515 0.1101242 0.1172455 0.1165606 0.1208685 0.1519388 0.1463261 0.1262174 0.1378975 0.3873804 0.3128044 0.3306229 0.3232744 0.3529306 
taxon5     0.0948521 0.0713011 0.0713437 0.0714621 0.0446984 0.0000000 0.0300974 0.1173214 0.1418960 0.1411185 0.1342695 0.1642243 0.1606071 0.1508633 0.1630156 0.4237354 0.3456479 0.3506084 0.3427595 0.3734687 
taxon6     0.0934608 0.0759792 0.0760247 0.0761497 0.0444515 0.0300974 0.0000000 0.1280201 0.1398887 0.1269231 0.1158901 0.1456075 0.1345523 0.1430976 0.1482723 0.3854038 0.3112693 0.3386645 0.3311341 0.3512385 
taxon7     0.0882303 0.0833084 0.0939096 0.0867167 0.1101242 0.1173214 0.1280201 0.0000000 0.0505403 0.0612879 0.0602091 0.1172284 0.0938450 0.0605116 0.0712124 0.3640269 0.3315264 0.3174661 0.2974286 0.3265986 
taxon8     0.0710610 0.0950266 0.0950862 0.0878131 0.1172455 0.1418960 0.1398887 0.0505403 0.0000000 0.0505677 0.0650147 0.1051546 0.0823208 0.0605192 0.0604229 0.3641500 0.3230312 0.3196642 0.2987303 0.3115644 
taxon9     0.0720762 0.0838370 0.0944862 0.0872525 0.1165606 0.1411185 0.1269231 0.0612879 0.0505677 0.0000000 0.0396796 0.0710422 0.0496293 0.0298347 0.0297883 0.3253093 0.2729465 0.2832434 0.2830660 0.2763502 
taxon10    0.0972846 0.0883287 0.0989095 0.0916517 0.1208685 0.1342695 0.1158901 0.0602091 0.0650147 0.0396796 0.0000000 0.0614467 0.0400710 0.0492107 0.0595575 0.3628258 0.3082508 0.3167236 0.2970839 0.3256742 
taxon11    0.1452551 0.1485810 0.1598779 0.1512698 0.1519388 0.1642243 0.1456075 0.1172284 0.1051546 0.0710422 0.0614467 0.0000000 0.0401674 0.0977789 0.0976189 0.3925776 0.3536223 0.3645285 0.3575420 0.3504927 
taxon12    0.1210903 0.1239836 0.1350206 0.1269244 0.1463261 0.1606071 0.1345523 0.0938450 0.0823208 0.0496293 0.0400710 0.0401674 0.0000000 0.0817744 0.0816420 0.3593059 0.3218327 0.3320785 0.3254015 0.3185126 
taxon13    0.0821936 0.0827963 0.0933273 0.0861900 0.1262174 0.1508633 0.1430976 0.0605116 0.0605192 0.0298347 0.0492107 0.0977789 0.0817744 0.0000000 0.0096846 0.3586715 0.3040169 0.2990391 0.2797510 0.3078864 
taxon14    0.0820595 0.0939185 0.1045635 0.0971758 0.1378975 0.1630156 0.1482723 0.0712124 0.0604229 0.0297883 0.0595575 0.0976189 0.0816420 0.0096846 0.0000000 0.3578868 0.3033893 0.3144242 0.2946355 0.3072419 
taxon15    0.3023693 0.3288067 0.3210469 0.3409902 0.3873804 0.4237354 0.3854038 0.3640269 0.3641500 0.3253093 0.3628258 0.3925776 0.3593059 0.3586715 0.3578868 0.0000000 0.0671552 0.0946071 0.1178885 0.1057478 
taxon16    0.2501308 0.2587464 0.2483506 0.2852793 0.3128044 0.3456479 0.3112693 0.3315264 0.3230312 0.2729465 0.3082508 0.3536223 0.3218327 0.3040169 0.3033893 0.0671552 0.0000000 0.0684111 0.1014492 0.0786985 
taxon17    0.2947861 0.2893148 0.2885325 0.3169000 0.3306229 0.3506084 0.3386645 0.3174661 0.3196642 0.2832434 0.3167236 0.3645285 0.3320785 0.2990391 0.3144242 0.0946071 0.0684111 0.0000000 0.0456892 0.0352232 
taxon18    0.2880890 0.2703202 0.2820790 0.3098304 0.3232744 0.3427595 0.3311341 0.2974286 0.2987303 0.2830660 0.2970839 0.3575420 0.3254015 0.2797510 0.2946355 0.1178885 0.1014492 0.0456892 0.0000000 0.0303887 
taxon19    0.3006542 0.3035406 0.3101387 0.3390247 0.3529306 0.3734687 0.3512385 0.3265986 0.3115644 0.2763502 0.3256742 0.3504927 0.3185126 0.3078864 0.3072419 0.1057478 0.0786985 0.0352232 0.0303887 0.0000000 
