20
taxon0     0.0000000 0.1630260 0.1327703 0.2768624 0.3438753 0.3668624 0.3298120 0.6184970 0.6144527 0.6318245 0.6575537 0.6547531 0.6185618 0.6657660 0.6634931 0.6887802 0.7067022 0.7224208 0.7573619 0.7583481 
taxon1     0.1630260 0.0000000 0.0682251 0.3033721 0.3605986 0.3803390 0.3410293 0.6545207 0.6460331 0.6527296 0.6823448 0.6667499 0.6140439 0.6901684 0.6684105 0.7019649 0.7286053 0.7583589 0.7816838 0.7897935 
taxon2     0.1327703 0.0682251 0.0000000 0.3004312 0.3586363 0.3907202 0.3444134 0.6651101 0.6435853 0.6712833 0.7016179 0.6855766 0.6393015 0.7172597 0.6943997 0.7138682 0.7405276 0.7864040 0.7939346 0.8020681 
taxon3     0.2768624 0.3033721 0.3004312 0.0000000 0.1711868 0.1904384 0.1699330 0.5828485 0.6012507 0.5638783 0.5978066 0.6085319 0.5642784 0.6102491 0.5908924 0.6001518 0.6455335 0.6661904 0.6712126 0.6792675 
taxon4     0.3438753 0.3605986 0.3586363 0.1711868 0.0000000 0.0910055 0.0567446 0.5091923 0.5304266 0.5014523 0.5487882 0.5228610 0.5000342 0.5318651 0.5282502 0.5489268 0.5763428 0.6075378 0.5998299 0.6225309 
taxon5     0.3668624 0.3803390 0.3907202 0.1904384 0.0910055 0.0000000 0.0466069 0.5497435 0.5609336 0.5539087 0.5947867 0.5673240 0.5328866 0.5662752 0.5688119 0.5700657 0.5665974 0.5976421 0.5899547 0.6295920 
taxon6     0.3298120 0.3410293 0.3444134 0.1699330 0.0567446 0.0466069 0.0000000 0.5323199 0.5295307 0.5374917 0.5867178 0.5596627 0.5356075 0.5688410 0.5713093 0.5725882 0.6097608 0.6421856 0.6342285 0.6509031 
taxon7     0.6184970 0.6545207 0.6651101 0.5828485 0.5091923 0.5497435 0.5323199 0.0000000 0.0645749 0.1337217 0.1560335 0.1437436 0.1524477 0.1818662 0.1679661 0.1923645 0.2073418 0.2265639 0.2285074 0.2561117 
taxon8     0.6144527 0.6460331 0.6435853 0.6012507 0.5304266 0.5609336 0.5295307 0.0645749 0.0000000 0.1589648 0.1821789 0.1772504 0.1721366 0.2024960 0.1876652 0.2064684 0.2342614 0.2612829 0.2564146 0.2766642 
taxon9     0.6318245 0.6527296 0.6712833 0.5638783 0.5014523 0.5539087 0.5374917 0.1337217 0.1589648 0.0000000 0.0587026 0.0532645 0.0850253 0.1099954 0.1131060 0.1407901 0.1617381 0.1868102 0.1737184 0.2239521 
taxon10    0.6575537 0.6823448 0.7016179 0.5978066 0.5487882 0.5947867 0.5867178 0.1560335 0.1821789 0.0587026 0.0000000 0.0360796 0.0970669 0.1274229 0.1311866 0.1659629 0.1737257 0.1990762 0.1858128 0.2226972 
taxon11    0.6547531 0.6667499 0.6855766 0.6085319 0.5228610 0.5673240 0.5596627 0.1437436 0.1772504 0.0532645 0.0360796 0.0000000 0.0680591 0.0921978 0.1008444 0.1279689 0.1352632 0.1594714 0.1468876 0.1866479 
taxon12    0.6185618 0.6140439 0.6393015 0.5642784 0.5000342 0.5328866 0.5356075 0.1524477 0.1721366 0.0850253 0.0970669 0.0680591 0.0000000 0.0459009 0.0503779 0.0790646 0.0975019 0.1203837 0.1151051 0.1531167 
taxon13    0.6657660 0.6901684 0.7172597 0.6102491 0.5318651 0.5662752 0.5688410 0.1818662 0.2024960 0.1099954 0.1274229 0.0921978 0.0459009 0.0000000 0.0775859 0.1022203 0.1215592 0.1382533 0.1329327 0.1719797 
taxon14    0.6634931 0.6684105 0.6943997 0.5908924 0.5282502 0.5688119 0.5713093 0.1679661 0.1876652 0.1131060 0.1311866 0.1008444 0.0503779 0.0775859 0.0000000 0.0731367 0.0912683 0.1138679 0.1086324 0.1460578 
taxon15    0.6887802 0.7019649 0.7138682 0.6001518 0.5489268 0.5700657 0.5725882 0.1923645 0.2064684 0.1407901 0.1659629 0.1279689 0.0790646 0.1022203 0.0731367 0.0000000 0.0470571 0.0753269 0.0585219 0.0933768 
taxon16    0.7067022 0.7286053 0.7405276 0.6455335 0.5763428 0.5665974 0.6097608 0.2073418 0.2342614 0.1617381 0.1737257 0.1352632 0.0975019 0.1215592 0.0912683 0.0470571 0.0000000 0.0460067 0.0357951 0.0687586 
taxon17    0.7224208 0.7583589 0.7864040 0.6661904 0.6075378 0.5976421 0.6421856 0.2265639 0.2612829 0.1868102 0.1990762 0.1594714 0.1203837 0.1382533 0.1138679 0.0753269 0.0460067 0.0000000 0.0251770 0.0516401 
taxon18    0.7573619 0.7816838 0.7939346 0.6712126 0.5998299 0.5899547 0.6342285 0.2285074 0.2564146 0.1737184 0.1858128 0.1468876 0.1151051 0.1329327 0.1086324 0.0585219 0.0357951 0.0251770 0.0000000 0.0411553 
taxon19    0.7583481 0.7897935 0.8020681 0.6792675 0.6225309 0.6295920 0.6509031 0.2561117 0.2766642 0.2239521 0.2226972 0.1866479 0.1531167 0.1719797 0.1460578 0.0933768 0.0687586 0.0516401 0.0411553 0.0000000 
