20
taxon0     0.0000000 0.0356254 0.0512051 0.0505763 0.1001876 0.0877937 0.1168283 0.1155447 0.0552156 0.0556158 0.0825891 0.0766907 0.0774758 0.0834708 0.0890874 0.0890626 0.2189326 0.2262536 0.2336059 0.2465058 
taxon1     0.0356254 0.0000000 0.0450010 0.0454855 0.0950850 0.0825885 0.0984472 0.1102524 0.0723125 0.0712170 0.0773384 0.0819275 0.0706613 0.0764770 0.0926402 0.0819272 0.2048418 0.2182911 0.2400330 0.2529898 
taxon2     0.0512051 0.0450010 0.0000000 0.0199034 0.0785256 0.0664594 0.0713644 0.0826520 0.0355426 0.0452545 0.0613202 0.0556680 0.0348256 0.0452155 0.0453889 0.0454464 0.2064838 0.1815069 0.1884659 0.2009830 
taxon3     0.0505763 0.0454855 0.0199034 0.0000000 0.0684349 0.0450974 0.0614657 0.0607638 0.0249352 0.0345718 0.0501937 0.0447375 0.0555644 0.0557884 0.0665435 0.0560661 0.1851492 0.1786754 0.1855251 0.1978667 
taxon4     0.1001876 0.0950850 0.0785256 0.0684349 0.0000000 0.0414276 0.0570675 0.0573393 0.0726875 0.0785855 0.0781373 0.0728709 0.1000461 0.0834223 0.1178671 0.0949983 0.2794527 0.2444823 0.2515194 0.2508408 
taxon5     0.0877937 0.0825885 0.0664594 0.0450974 0.0414276 0.0000000 0.0248199 0.0245303 0.0554906 0.0495578 0.0548243 0.0394810 0.0711749 0.0659861 0.1096535 0.0878178 0.2439807 0.2107037 0.2315973 0.2309957 
taxon6     0.1168283 0.0984472 0.0713644 0.0614657 0.0570675 0.0248199 0.0000000 0.0098290 0.0721688 0.0764491 0.0820169 0.0659791 0.0867439 0.0815030 0.1032663 0.0925193 0.2485366 0.2192723 0.2405029 0.2398674 
taxon7     0.1155447 0.1102524 0.0826520 0.0607638 0.0573393 0.0245303 0.0098290 0.0000000 0.0713526 0.0755975 0.0703380 0.0652369 0.0982355 0.0818575 0.1150760 0.0929114 0.2458823 0.2169074 0.2379286 0.2373063 
taxon8     0.0552156 0.0723125 0.0355426 0.0249352 0.0726875 0.0554906 0.0721688 0.0713526 0.0000000 0.0198238 0.0352493 0.0299201 0.0510725 0.0407055 0.0621022 0.0515421 0.2125963 0.1863932 0.2067526 0.2193801 
taxon9     0.0556158 0.0712170 0.0452545 0.0345718 0.0785855 0.0495578 0.0764491 0.0755975 0.0198238 0.0000000 0.0294619 0.0195878 0.0401338 0.0400683 0.0612388 0.0507393 0.2226623 0.1964281 0.2168465 0.2294657 
taxon10    0.0825891 0.0773384 0.0613202 0.0501937 0.0781373 0.0548243 0.0820169 0.0703380 0.0352493 0.0294619 0.0000000 0.0195225 0.0503788 0.0351545 0.0885686 0.0562249 0.2442577 0.2173005 0.2304606 0.2432307 
taxon11    0.0766907 0.0819275 0.0556680 0.0447375 0.0728709 0.0394810 0.0659791 0.0652369 0.0299201 0.0195878 0.0195225 0.0000000 0.0401972 0.0401315 0.0825663 0.0612742 0.2361019 0.2094676 0.2224757 0.2219087 
taxon12    0.0774758 0.0706613 0.0348256 0.0555644 0.1000461 0.0711749 0.0867439 0.0982355 0.0510725 0.0401338 0.0503788 0.0401972 0.0000000 0.0297658 0.0503561 0.0400876 0.2517597 0.2259594 0.2333256 0.2321930 
taxon13    0.0834708 0.0764770 0.0452155 0.0557884 0.0834223 0.0659861 0.0815030 0.0818575 0.0407055 0.0400683 0.0351545 0.0401315 0.0297658 0.0000000 0.0610146 0.0299279 0.2463777 0.1978101 0.2183514 0.2173110 
taxon14    0.0890874 0.0926402 0.0453889 0.0665435 0.1178671 0.1096535 0.1032663 0.1150760 0.0621022 0.0612388 0.0885686 0.0825663 0.0503561 0.0610146 0.0000000 0.0294154 0.2441019 0.2185654 0.2258276 0.2247424 
taxon15    0.0890626 0.0819272 0.0454464 0.0560661 0.0949983 0.0878178 0.0925193 0.0929114 0.0515421 0.0507393 0.0562249 0.0612742 0.0400876 0.0299279 0.0294154 0.0000000 0.2311453 0.2058425 0.2129885 0.2119742 
taxon16    0.2189326 0.2048418 0.2064838 0.1851492 0.2794527 0.2439807 0.2485366 0.2458823 0.2125963 0.2226623 0.2442577 0.2361019 0.2517597 0.2463777 0.2441019 0.2311453 0.0000000 0.0455216 0.0616600 0.0615159 
taxon17    0.2262536 0.2182911 0.1815069 0.1786754 0.2444823 0.2107037 0.2192723 0.2169074 0.1863932 0.1964281 0.2173005 0.2094676 0.2259594 0.1978101 0.2185654 0.2058425 0.0455216 0.0000000 0.0249440 0.0350583 
taxon18    0.2336059 0.2400330 0.1884659 0.1855251 0.2515194 0.2315973 0.2405029 0.2379286 0.2067526 0.2168465 0.2304606 0.2224757 0.2333256 0.2183514 0.2258276 0.2129885 0.0616600 0.0249440 0.0000000 0.0198828 
taxon19    0.2465058 0.2529898 0.2009830 0.1978667 0.2508408 0.2309957 0.2398674 0.2373063 0.2193801 0.2294657 0.2432307 0.2219087 0.2321930 0.2173110 0.2247424 0.2119742 0.0615159 0.0350583 0.0198828 0.0000000 
