20
taxon0     0.0000000 0.1075075 0.2147054 0.2541370 0.2112468 0.2519343 0.2892657 0.3132649 0.4510856 0.4619431 0.5256243 0.5039321 0.4903902 0.4389163 0.5058932 0.4671646 0.4910306 0.5208232 0.4898449 0.4846126 
taxon1     0.1075075 0.0000000 0.2150977 0.2450460 0.2074112 0.2551049 0.2915175 0.3007481 0.4438867 0.4308153 0.4757512 0.5237281 0.4930624 0.4433294 0.5094127 0.4767577 0.5087997 0.5350580 0.4985893 0.4715639 
taxon2     0.2147054 0.2150977 0.0000000 0.0943677 0.1385337 0.1664549 0.2187827 0.2059776 0.4880066 0.5136287 0.5888354 0.5719946 0.5419182 0.4964688 0.5984731 0.5799530 0.5601951 0.5938969 0.5768722 0.5658145 
taxon3     0.2541370 0.2450460 0.0943677 0.0000000 0.1567491 0.1912535 0.2607382 0.2503507 0.5192715 0.5437370 0.6293621 0.5990119 0.5653293 0.5003963 0.6019155 0.5561125 0.5779534 0.5824105 0.5723636 0.5874371 
taxon4     0.2112468 0.2074112 0.1385337 0.1567491 0.0000000 0.0702610 0.1297853 0.1097060 0.4670123 0.4907990 0.5622253 0.5209075 0.5183553 0.4690958 0.5615997 0.5146601 0.5226866 0.5213541 0.5212760 0.5475491 
taxon5     0.2519343 0.2551049 0.1664549 0.1912535 0.0702610 0.0000000 0.1367364 0.1114818 0.4861016 0.5187706 0.5810249 0.5229675 0.5298867 0.4747019 0.5298255 0.4977377 0.5085648 0.5077760 0.5683822 0.6037359 
taxon6     0.2892657 0.2915175 0.2187827 0.2607382 0.1297853 0.1367364 0.0000000 0.0782404 0.5349462 0.5367068 0.5993540 0.5850756 0.5778304 0.5539593 0.6016663 0.5575645 0.5764050 0.5811990 0.6179861 0.6356173 
taxon7     0.3132649 0.3007481 0.2059776 0.2503507 0.1097060 0.1114818 0.0782404 0.0000000 0.5275556 0.5159108 0.5720750 0.5667728 0.5630107 0.5643255 0.6375776 0.5707320 0.5588192 0.5789461 0.6048794 0.6542687 
taxon8     0.4510856 0.4438867 0.4880066 0.5192715 0.4670123 0.4861016 0.5349462 0.5275556 0.0000000 0.1122742 0.1633026 0.2355834 0.2296143 0.3072085 0.3890742 0.4143071 0.4374740 0.4215639 0.3876786 0.3779752 
taxon9     0.4619431 0.4308153 0.5136287 0.5437370 0.4907990 0.5187706 0.5367068 0.5159108 0.1122742 0.0000000 0.1368843 0.2376639 0.2376272 0.3257621 0.4191538 0.4201523 0.4645293 0.4797688 0.3922265 0.3825797 
taxon10    0.5256243 0.4757512 0.5888354 0.6293621 0.5622253 0.5810249 0.5993540 0.5720750 0.1633026 0.1368843 0.0000000 0.3281797 0.3387153 0.4031742 0.4878902 0.5117946 0.5793727 0.5569259 0.4648913 0.4709094 
taxon11    0.5039321 0.5237281 0.5719946 0.5990119 0.5209075 0.5229675 0.5850756 0.5667728 0.2355834 0.2376639 0.3281797 0.0000000 0.1311200 0.3267265 0.3787773 0.3804183 0.4084331 0.4135862 0.4070690 0.3884578 
taxon12    0.4903902 0.4930624 0.5419182 0.5653293 0.5183553 0.5298867 0.5778304 0.5630107 0.2296143 0.2376272 0.3387153 0.1311200 0.0000000 0.3226714 0.3676726 0.3745830 0.4021075 0.4167941 0.3973281 0.3933638 
taxon13    0.4389163 0.4433294 0.4964688 0.5003963 0.4690958 0.4747019 0.5539593 0.5643255 0.3072085 0.3257621 0.4031742 0.3267265 0.3226714 0.0000000 0.1216148 0.1554644 0.1830305 0.1805330 0.2225568 0.2197936 
taxon14    0.5058932 0.5094127 0.5984731 0.6019155 0.5615997 0.5298255 0.6016663 0.6375776 0.3890742 0.4191538 0.4878902 0.3787773 0.3676726 0.1216148 0.0000000 0.1037985 0.1349711 0.1252675 0.2931480 0.2779712 
taxon15    0.4671646 0.4767577 0.5799530 0.5561125 0.5146601 0.4977377 0.5575645 0.5707320 0.4143071 0.4201523 0.5117946 0.3804183 0.3745830 0.1554644 0.1037985 0.0000000 0.0960125 0.0852762 0.3338742 0.3255878 
taxon16    0.4910306 0.5087997 0.5601951 0.5779534 0.5226866 0.5085648 0.5764050 0.5588192 0.4374740 0.4645293 0.5793727 0.4084331 0.4021075 0.1830305 0.1349711 0.0960125 0.0000000 0.0733195 0.3553265 0.3625393 
taxon17    0.5208232 0.5350580 0.5938969 0.5824105 0.5213541 0.5077760 0.5811990 0.5789461 0.4215639 0.4797688 0.5569259 0.4135862 0.4167941 0.1805330 0.1252675 0.0852762 0.0733195 0.0000000 0.3522842 0.3795445 
taxon18    0.4898449 0.4985893 0.5768722 0.5723636 0.5212760 0.5683822 0.6179861 0.6048794 0.3876786 0.3922265 0.4648913 0.4070690 0.3973281 0.2225568 0.2931480 0.3338742 0.3553265 0.3522842 0.0000000 0.1605310 
taxon19    0.4846126 0.4715639 0.5658145 0.5874371 0.5475491 0.6037359 0.6356173 0.6542687 0.3779752 0.3825797 0.4709094 0.3884578 0.3933638 0.2197936 0.2779712 0.3255878 0.3625393 0.3795445 0.1605310 0.0000000 
