20
taxon0     0.0000000 0.1347579 0.1229321 0.3637109 0.2496740 0.3489967 0.3882433 0.4131008 0.4770485 0.4837081 0.4910415 0.5454912 0.5377640 0.4603878 0.4590449 0.4972334 0.4864494 0.4948309 0.4597582 0.4201443 
taxon1     0.1347579 0.0000000 0.1110612 0.3208761 0.2764408 0.3698918 0.4067349 0.4514170 0.4803909 0.5322370 0.5182019 0.5448717 0.5514787 0.4597764 0.4543009 0.5049861 0.4815362 0.5042959 0.4665749 0.4461040 
taxon2     0.1229321 0.1110612 0.0000000 0.3619887 0.2671010 0.3743467 0.4063901 0.4382881 0.4714180 0.5366457 0.5048964 0.5502942 0.5449297 0.4307097 0.4509324 0.4980973 0.4778124 0.4971114 0.4433159 0.4415121 
taxon3     0.3637109 0.3208761 0.3619887 0.0000000 0.2359480 0.3947434 0.4269681 0.4187966 0.4346588 0.4972698 0.5109519 0.4832182 0.4864500 0.3308049 0.3350645 0.3639605 0.3828217 0.3716695 0.4442824 0.4358447 
taxon4     0.2496740 0.2764408 0.2671010 0.2359480 0.0000000 0.3250948 0.3468829 0.3671372 0.4455524 0.4680486 0.5095916 0.5056781 0.4986250 0.4385746 0.4012589 0.4431635 0.4435611 0.4581036 0.3593663 0.3445303 
taxon5     0.3489967 0.3698918 0.3743467 0.3947434 0.3250948 0.0000000 0.0884456 0.1896774 0.2575083 0.2561918 0.2991018 0.3391243 0.3258479 0.3954027 0.3880232 0.4216192 0.3955407 0.4148655 0.3034092 0.3011781 
taxon6     0.3882433 0.4067349 0.4063901 0.4269681 0.3468829 0.0884456 0.0000000 0.1902738 0.2871332 0.2676451 0.3042165 0.3657737 0.3522751 0.4169379 0.3861170 0.4210271 0.4032894 0.4309315 0.2861331 0.3246443 
taxon7     0.4131008 0.4514170 0.4382881 0.4187966 0.3671372 0.1896774 0.1902738 0.0000000 0.1329939 0.1902540 0.2132819 0.2887716 0.2752634 0.3966026 0.3718306 0.3945133 0.3937455 0.4014537 0.3283043 0.3382073 
taxon8     0.4770485 0.4803909 0.4714180 0.4346588 0.4455524 0.2575083 0.2871332 0.1329939 0.0000000 0.2370208 0.2452236 0.2661348 0.2461322 0.3467995 0.3231018 0.3233039 0.3320291 0.3446570 0.4162735 0.3870190 
taxon9     0.4837081 0.5322370 0.5366457 0.4972698 0.4680486 0.2561918 0.2676451 0.1902540 0.2370208 0.0000000 0.1322076 0.1945588 0.1820841 0.4145725 0.4053949 0.4226971 0.4305890 0.4522347 0.3999811 0.3814704 
taxon10    0.4910415 0.5182019 0.5048964 0.5109519 0.5095916 0.2991018 0.3042165 0.2132819 0.2452236 0.1322076 0.0000000 0.1299954 0.1234516 0.4239149 0.4211394 0.4258317 0.4255507 0.4456314 0.4194795 0.3955581 
taxon11    0.5454912 0.5448717 0.5502942 0.4832182 0.5056781 0.3391243 0.3657737 0.2887716 0.2661348 0.1945588 0.1299954 0.0000000 0.0361328 0.4254581 0.4050178 0.4039322 0.4110919 0.4241547 0.4825066 0.4351085 
taxon12    0.5377640 0.5514787 0.5449297 0.4864500 0.4986250 0.3258479 0.3522751 0.2752634 0.2461322 0.1820841 0.1234516 0.0361328 0.0000000 0.3891856 0.3694359 0.3789167 0.3751001 0.3882758 0.4496430 0.4202072 
taxon13    0.4603878 0.4597764 0.4307097 0.3308049 0.4385746 0.3954027 0.4169379 0.3966026 0.3467995 0.4145725 0.4239149 0.4254581 0.3891856 0.0000000 0.0572604 0.0980910 0.0924772 0.1035023 0.3236416 0.3407321 
taxon14    0.4590449 0.4543009 0.4509324 0.3350645 0.4012589 0.3880232 0.3861170 0.3718306 0.3231018 0.4053949 0.4211394 0.4050178 0.3694359 0.0572604 0.0000000 0.0673464 0.0741373 0.0849036 0.3036950 0.3137980 
taxon15    0.4972334 0.5049861 0.4980973 0.3639605 0.4431635 0.4216192 0.4210271 0.3945133 0.3233039 0.4226971 0.4258317 0.4039322 0.3789167 0.0980910 0.0673464 0.0000000 0.0697058 0.0740954 0.3417905 0.3588256 
taxon16    0.4864494 0.4815362 0.4778124 0.3828217 0.4435611 0.3955407 0.4032894 0.3937455 0.3320291 0.4305890 0.4255507 0.4110919 0.3751001 0.0924772 0.0741373 0.0697058 0.0000000 0.0587495 0.3111092 0.3367604 
taxon17    0.4948309 0.5042959 0.4971114 0.3716695 0.4581036 0.4148655 0.4309315 0.4014537 0.3446570 0.4522347 0.4456314 0.4241547 0.3882758 0.1035023 0.0849036 0.0740954 0.0587495 0.0000000 0.3415500 0.3577043 
taxon18    0.4597582 0.4665749 0.4433159 0.4442824 0.3593663 0.3034092 0.2861331 0.3283043 0.4162735 0.3999811 0.4194795 0.4825066 0.4496430 0.3236416 0.3036950 0.3417905 0.3111092 0.3415500 0.0000000 0.1367503 
taxon19    0.4201443 0.4461040 0.4415121 0.4358447 0.3445303 0.3011781 0.3246443 0.3382073 0.3870190 0.3814704 0.3955581 0.4351085 0.4202072 0.3407321 0.3137980 0.3588256 0.3367604 0.3577043 0.1367503 0.0000000 
