20
taxon0     0.0000000 0.0150244 0.0898293 0.0564456 0.0303010 0.0780614 0.0510247 0.0784006 0.0898339 0.2448234 0.2512691 0.2668160 0.2970334 0.2559023 0.2661364 0.2374954 0.2500064 0.2248626 0.2378370 0.2403673 
taxon1     0.0150244 0.0000000 0.0733137 0.0512821 0.0354668 0.0619005 0.0354013 0.0621553 0.0733068 0.2379265 0.2449954 0.2459272 0.2899777 0.2636207 0.2740046 0.2448832 0.2571332 0.2321592 0.2311695 0.2334512 
taxon2     0.0898293 0.0733137 0.0000000 0.0511088 0.0848833 0.0674568 0.0847193 0.1074144 0.0961534 0.3117519 0.3140653 0.3046579 0.3270791 0.3174525 0.2966815 0.3108144 0.3057164 0.3057682 0.2594230 0.2652405 
taxon3     0.0564456 0.0512821 0.0511088 0.0000000 0.0732953 0.0564986 0.0625358 0.0953797 0.0954372 0.2939907 0.2811960 0.2870896 0.3243832 0.2847022 0.2646422 0.2640744 0.2736361 0.2732093 0.2573166 0.2492146 
taxon4     0.0303010 0.0354668 0.0848833 0.0732953 0.0000000 0.0459918 0.0200393 0.0461704 0.0570408 0.2451019 0.2512624 0.2522125 0.2670872 0.2558959 0.2661307 0.2451739 0.2432640 0.2526774 0.2320768 0.2213285 
taxon5     0.0780614 0.0619005 0.0674568 0.0564986 0.0459918 0.0000000 0.0356029 0.0460507 0.0460725 0.2794697 0.2865003 0.2629012 0.2858525 0.2899756 0.2698690 0.2790349 0.2592025 0.3024279 0.2657419 0.2442583 
taxon6     0.0510247 0.0354013 0.0847193 0.0625358 0.0200393 0.0356029 0.0000000 0.0460841 0.0569328 0.2583090 0.2373050 0.2516504 0.2807710 0.2693280 0.2797636 0.2583957 0.2709864 0.2659843 0.2453403 0.2343957 
taxon7     0.0784006 0.0621553 0.1074144 0.0953797 0.0461704 0.0460507 0.0460841 0.0000000 0.0100094 0.2814517 0.2885521 0.2645136 0.2802442 0.2929612 0.3095398 0.2723677 0.2688179 0.3046484 0.2664189 0.2467873 
taxon8     0.0898339 0.0733068 0.0961534 0.0954372 0.0570408 0.0460725 0.0569328 0.0100094 0.0000000 0.2829116 0.2900501 0.2658723 0.2816918 0.2789094 0.2952375 0.2726701 0.2691165 0.3062382 0.2526663 0.2538325 
taxon9     0.2448234 0.2379265 0.3117519 0.2939907 0.2451019 0.2794697 0.2583090 0.2814517 0.2829116 0.0000000 0.0351884 0.0250351 0.0777902 0.0561128 0.0562834 0.0566755 0.0630106 0.0355167 0.0838349 0.0570751 
taxon10    0.2512691 0.2449954 0.3140653 0.2811960 0.2512624 0.2865003 0.2373050 0.2885521 0.2900501 0.0351884 0.0000000 0.0200212 0.0617086 0.0301022 0.0302049 0.0565589 0.0852207 0.0406421 0.0846867 0.0685488 
taxon11    0.2668160 0.2459272 0.3046579 0.2870896 0.2522125 0.2629012 0.2516504 0.2645136 0.2658723 0.0250351 0.0200212 0.0000000 0.0559560 0.0406272 0.0351323 0.0676653 0.0679326 0.0514246 0.0850263 0.0625945 
taxon12    0.2970334 0.2899777 0.3270791 0.3243832 0.2670872 0.2858525 0.2807710 0.2802442 0.2816918 0.0777902 0.0617086 0.0559560 0.0000000 0.0620321 0.0507263 0.1002029 0.0840348 0.0951186 0.0846861 0.0675016 
taxon13    0.2559023 0.2636207 0.3174525 0.2847022 0.2558959 0.2899756 0.2693280 0.2929612 0.2789094 0.0561128 0.0301022 0.0406272 0.0620321 0.0000000 0.0200410 0.0617563 0.0850716 0.0618661 0.0845394 0.0849437 
taxon14    0.2661364 0.2740046 0.2966815 0.2646422 0.2661307 0.2698690 0.2797636 0.3095398 0.2952375 0.0562834 0.0302049 0.0351323 0.0507263 0.0200410 0.0000000 0.0673508 0.0730354 0.0620507 0.0847675 0.0729432 
taxon15    0.2374954 0.2448832 0.3108144 0.2640744 0.2451739 0.2790349 0.2583957 0.2723677 0.2726701 0.0566755 0.0565589 0.0676653 0.1002029 0.0617563 0.0673508 0.0000000 0.0464411 0.0513981 0.0720500 0.0406365 
taxon16    0.2500064 0.2571332 0.3057164 0.2736361 0.2432640 0.2592025 0.2709864 0.2688179 0.2691165 0.0630106 0.0852207 0.0679326 0.0840348 0.0850716 0.0730354 0.0464411 0.0000000 0.0682360 0.0680926 0.0356257 
taxon17    0.2248626 0.2321592 0.3057682 0.2732093 0.2526774 0.3024279 0.2659843 0.3046484 0.3062382 0.0355167 0.0406421 0.0514246 0.0951186 0.0618661 0.0620507 0.0513981 0.0682360 0.0000000 0.0787024 0.0626200 
taxon18    0.2378370 0.2311695 0.2594230 0.2573166 0.2320768 0.2657419 0.2453403 0.2664189 0.2526663 0.0838349 0.0846867 0.0850263 0.0846861 0.0845394 0.0847675 0.0720500 0.0680926 0.0787024 0.0000000 0.0512122 
taxon19    0.2403673 0.2334512 0.2652405 0.2492146 0.2213285 0.2442583 0.2343957 0.2467873 0.2538325 0.0570751 0.0685488 0.0625945 0.0675016 0.0849437 0.0729432 0.0406365 0.0356257 0.0626200 0.0512122 0.0000000 
