20
taxon0     0.0000000 0.0773918 0.1875907 0.3058809 0.2859571 0.3017810 0.3276467 0.3409188 0.1746338 0.1874404 0.2213988 0.2121795 0.2134723 0.1916666 0.2486946 0.2436374 0.2597109 0.2532618 0.2712511 0.2854877 
taxon1     0.0773918 0.0000000 0.2050395 0.3038454 0.2963435 0.3145854 0.3475174 0.3532030 0.1983107 0.2053621 0.2356283 0.2463248 0.2415976 0.2104804 0.2631950 0.2621368 0.2772996 0.2643072 0.2824611 0.3108103 
taxon2     0.1875907 0.2050395 0.0000000 0.1453707 0.1315831 0.1625368 0.2000567 0.2145822 0.1262550 0.1175688 0.2753132 0.2760513 0.2775995 0.2697025 0.2502562 0.2371350 0.2746683 0.2549204 0.2727103 0.2936143 
taxon3     0.3058809 0.3038454 0.1453707 0.0000000 0.0403579 0.0615963 0.0803328 0.0925282 0.2000773 0.2188837 0.3509564 0.3506269 0.3443431 0.3292494 0.2604982 0.2540320 0.2734698 0.2588991 0.2649056 0.2865364 
taxon4     0.2859571 0.2963435 0.1315831 0.0403579 0.0000000 0.0403785 0.0748026 0.0797667 0.2023603 0.1998707 0.3254904 0.3143718 0.3197289 0.3136695 0.2313779 0.2250901 0.2445784 0.2373046 0.2516362 0.2642817 
taxon5     0.3017810 0.3145854 0.1625368 0.0615963 0.0403785 0.0000000 0.0853195 0.0902391 0.2219087 0.2289170 0.3639032 0.3543711 0.3577714 0.3425899 0.2698737 0.2617366 0.2812390 0.2748725 0.2898629 0.3029455 
taxon6     0.3276467 0.3475174 0.2000567 0.0803328 0.0748026 0.0853195 0.0000000 0.0520558 0.2447895 0.2633882 0.3819430 0.3694578 0.3680779 0.3690274 0.2934264 0.2925318 0.3030206 0.2999984 0.2976811 0.3128752 
taxon7     0.3409188 0.3532030 0.2145822 0.0925282 0.0797667 0.0902391 0.0520558 0.0000000 0.2594617 0.2694449 0.3830445 0.3850003 0.3843505 0.3749119 0.2964707 0.2841467 0.2931220 0.2899335 0.3052533 0.3095832 
taxon8     0.1746338 0.1983107 0.1262550 0.2000773 0.2023603 0.2219087 0.2447895 0.2594617 0.0000000 0.0407510 0.2480239 0.2604730 0.2586557 0.2498313 0.2588109 0.2657474 0.2826402 0.2779516 0.2962767 0.3089870 
taxon9     0.1874404 0.2053621 0.1175688 0.2188837 0.1998707 0.2289170 0.2633882 0.2694449 0.0407510 0.0000000 0.2440632 0.2393711 0.2434919 0.2305838 0.2402729 0.2471714 0.2567558 0.2584437 0.2779107 0.2826503 
taxon10    0.2213988 0.2356283 0.2753132 0.3509564 0.3254904 0.3639032 0.3819430 0.3830445 0.2480239 0.2440632 0.0000000 0.0462927 0.1574615 0.1418699 0.2807001 0.2676906 0.2857035 0.2855874 0.2902866 0.3107140 
taxon11    0.2121795 0.2463248 0.2760513 0.3506269 0.3143718 0.3543711 0.3694578 0.3850003 0.2604730 0.2393711 0.0462927 0.0000000 0.1517531 0.1364698 0.2652542 0.2632672 0.2748359 0.2815454 0.2855896 0.3058989 
taxon12    0.2134723 0.2415976 0.2775995 0.3443431 0.3197289 0.3577714 0.3680779 0.3843505 0.2586557 0.2434919 0.1574615 0.1517531 0.0000000 0.0802057 0.2526419 0.2364061 0.2504332 0.2456537 0.2654771 0.2747366 
taxon13    0.1916666 0.2104804 0.2697025 0.3292494 0.3136695 0.3425899 0.3690274 0.3749119 0.2498313 0.2305838 0.1418699 0.1364698 0.0802057 0.0000000 0.2787545 0.2580320 0.2748365 0.2693652 0.2828680 0.3024725 
taxon14    0.2486946 0.2631950 0.2502562 0.2604982 0.2313779 0.2698737 0.2934264 0.2964707 0.2588109 0.2402729 0.2807001 0.2652542 0.2526419 0.2787545 0.0000000 0.0461152 0.0727131 0.0565261 0.0728679 0.0936925 
taxon15    0.2436374 0.2621368 0.2371350 0.2540320 0.2250901 0.2617366 0.2925318 0.2841467 0.2657474 0.2471714 0.2676906 0.2632672 0.2364061 0.2580320 0.0461152 0.0000000 0.0460422 0.0304563 0.0515235 0.0721278 
taxon16    0.2597109 0.2772996 0.2746683 0.2734698 0.2445784 0.2812390 0.3030206 0.2931220 0.2826402 0.2567558 0.2857035 0.2748359 0.2504332 0.2748365 0.0727131 0.0460422 0.0000000 0.0567710 0.0625240 0.0779980 
taxon17    0.2532618 0.2643072 0.2549204 0.2588991 0.2373046 0.2748725 0.2999984 0.2899335 0.2779516 0.2584437 0.2855874 0.2815454 0.2456537 0.2693652 0.0565261 0.0304563 0.0567710 0.0000000 0.0302336 0.0503752 
taxon18    0.2712511 0.2824611 0.2727103 0.2649056 0.2516362 0.2898629 0.2976811 0.3052533 0.2962767 0.2779107 0.2902866 0.2855896 0.2654771 0.2828680 0.0728679 0.0515235 0.0625240 0.0302336 0.0000000 0.0301187 
taxon19    0.2854877 0.3108103 0.2936143 0.2865364 0.2642817 0.3029455 0.3128752 0.3095832 0.3089870 0.2826503 0.3107140 0.3058989 0.2747366 0.3024725 0.0936925 0.0721278 0.0779980 0.0503752 0.0301187 0.0000000 
