20
taxon0     0.0000000 0.1766411 0.2504208 0.2494074 0.1996560 0.3083325 0.2842663 0.2836178 0.3112825 0.4732087 0.4466905 0.5457195 0.6116765 0.6837961 0.5072651 0.4842140 0.3894764 0.4164171 0.3693771 0.3564728 
taxon1     0.1766411 0.0000000 0.1061345 0.3407503 0.2785242 0.3557164 0.3458764 0.3315929 0.3509352 0.5549320 0.5439098 0.6234781 0.6630352 0.7289508 0.5715439 0.5585380 0.4596603 0.5229517 0.4852663 0.4754271 
taxon2     0.2504208 0.1061345 0.0000000 0.4048456 0.3589944 0.4263508 0.4040738 0.4175998 0.4393737 0.6499699 0.6091115 0.6930279 0.6991060 0.7626563 0.6509161 0.6515977 0.5237596 0.5952952 0.5330614 0.5310475 
taxon3     0.2494074 0.3407503 0.4048456 0.0000000 0.1280600 0.3420197 0.3392796 0.3221303 0.3601055 0.4997604 0.4820305 0.5614665 0.5637450 0.6243986 0.5300846 0.5396563 0.4075797 0.4034484 0.3447644 0.3364034 
taxon4     0.1996560 0.2785242 0.3589944 0.1280600 0.0000000 0.2856053 0.2681352 0.2603202 0.2950154 0.5076497 0.4875845 0.5668738 0.6423661 0.6939274 0.5493536 0.5409375 0.3859451 0.4255428 0.3750331 0.3517857 
taxon5     0.3083325 0.3557164 0.4263508 0.3420197 0.2856053 0.0000000 0.0773506 0.1634183 0.1831899 0.4687220 0.4609149 0.6144591 0.6068162 0.6824050 0.5968372 0.5671533 0.4129936 0.4560386 0.3944022 0.3669397 
taxon6     0.2842663 0.3458764 0.4040738 0.3392796 0.2681352 0.0773506 0.0000000 0.1280556 0.1469783 0.4658849 0.4446113 0.5891038 0.6216781 0.7033445 0.5819351 0.5600574 0.3870144 0.4299379 0.3843686 0.3477001 
taxon7     0.2836178 0.3315929 0.4175998 0.3221303 0.2603202 0.1634183 0.1280556 0.0000000 0.0452999 0.4703294 0.4499530 0.5998078 0.6198227 0.6931525 0.5534154 0.5338916 0.3809675 0.4444909 0.3880953 0.3712116 
taxon8     0.3112825 0.3509352 0.4393737 0.3601055 0.2950154 0.1831899 0.1469783 0.0452999 0.0000000 0.4668898 0.4542578 0.6043482 0.6437623 0.7187648 0.5761511 0.5564078 0.3836958 0.4629738 0.4059007 0.3888280 
taxon9     0.4732087 0.5549320 0.6499699 0.4997604 0.5076497 0.4687220 0.4658849 0.4703294 0.4668898 0.0000000 0.0715427 0.2856826 0.3407631 0.3822135 0.2543775 0.2541756 0.3434829 0.3445747 0.3459380 0.3254753 
taxon10    0.4466905 0.5439098 0.6091115 0.4820305 0.4875845 0.4609149 0.4446113 0.4499530 0.4542578 0.0715427 0.0000000 0.2697233 0.3432944 0.3762532 0.2444392 0.2537255 0.3117972 0.3319472 0.3163423 0.3056615 
taxon11    0.5457195 0.6234781 0.6930279 0.5614665 0.5668738 0.6144591 0.5891038 0.5998078 0.6043482 0.2856826 0.2697233 0.0000000 0.1699982 0.1809374 0.1832405 0.2257208 0.4174733 0.3962636 0.3865859 0.3877958 
taxon12    0.6116765 0.6630352 0.6991060 0.5637450 0.6423661 0.6068162 0.6216781 0.6198227 0.6437623 0.3407631 0.3432944 0.1699982 0.0000000 0.0737876 0.2511803 0.3363809 0.4603199 0.4387294 0.4084385 0.3994838 
taxon13    0.6837961 0.7289508 0.7626563 0.6243986 0.6939274 0.6824050 0.7033445 0.6931525 0.7187648 0.3822135 0.3762532 0.1809374 0.0737876 0.0000000 0.2897764 0.3659182 0.5313708 0.5044574 0.4680879 0.4715844 
taxon14    0.5072651 0.5715439 0.6509161 0.5300846 0.5493536 0.5968372 0.5819351 0.5534154 0.5761511 0.2543775 0.2444392 0.1832405 0.2511803 0.2897764 0.0000000 0.1013740 0.4349860 0.4186279 0.4087941 0.3948655 
taxon15    0.4842140 0.5585380 0.6515977 0.5396563 0.5409375 0.5671533 0.5600574 0.5338916 0.5564078 0.2541756 0.2537255 0.2257208 0.3363809 0.3659182 0.1013740 0.0000000 0.4373811 0.4313728 0.3875317 0.3868803 
taxon16    0.3894764 0.4596603 0.5237596 0.4075797 0.3859451 0.4129936 0.3870144 0.3809675 0.3836958 0.3434829 0.3117972 0.4174733 0.4603199 0.5313708 0.4349860 0.4373811 0.0000000 0.1750780 0.1680941 0.1584034 
taxon17    0.4164171 0.5229517 0.5952952 0.4034484 0.4255428 0.4560386 0.4299379 0.4444909 0.4629738 0.3445747 0.3319472 0.3962636 0.4387294 0.5044574 0.4186279 0.4313728 0.1750780 0.0000000 0.1319141 0.1246596 
taxon18    0.3693771 0.4852663 0.5330614 0.3447644 0.3750331 0.3944022 0.3843686 0.3880953 0.4059007 0.3459380 0.3163423 0.3865859 0.4084385 0.4680879 0.4087941 0.3875317 0.1680941 0.1319141 0.0000000 0.0511819 
taxon19    0.3564728 0.4754271 0.5310475 0.3364034 0.3517857 0.3669397 0.3477001 0.3712116 0.3888280 0.3254753 0.3056615 0.3877958 0.3994838 0.4715844 0.3948655 0.3868803 0.1584034 0.1246596 0.0511819 0.0000000 
