20
taxon0     0.0000000 0.0205995 0.0202819 0.0202819 0.0413567 0.0410195 0.0513499 0.0413817 0.0464447 0.2197800 0.2398936 0.2630370 0.2005236 0.2157765 0.2586786 0.2425589 0.2374557 0.2721023 0.2710388 0.2995661 
taxon1     0.0205995 0.0000000 0.0418469 0.0418469 0.0416972 0.0575661 0.0681329 0.0469296 0.0520211 0.2521839 0.2732347 0.2645288 0.2321148 0.2313228 0.2588948 0.2598403 0.2547212 0.2736474 0.2890912 0.3012390 
taxon2     0.0202819 0.0418469 0.0000000 0.0000010 0.0415677 0.0305888 0.0408434 0.0308594 0.0359154 0.2482169 0.2484560 0.2770541 0.2284389 0.2443585 0.2747057 0.2581674 0.2668152 0.2735239 0.2863458 0.3153418 
taxon3     0.0202819 0.0418469 0.0000010 0.0000000 0.0415677 0.0305888 0.0408434 0.0308594 0.0359154 0.2482169 0.2484560 0.2770541 0.2284389 0.2443585 0.2747057 0.2581674 0.2668152 0.2735239 0.2863458 0.3153418 
taxon4     0.0413567 0.0416972 0.0415677 0.0415677 0.0000000 0.0415841 0.0520504 0.0413495 0.0577726 0.2362975 0.2365356 0.2644526 0.2304033 0.2464631 0.2770584 0.2603766 0.2691049 0.2595585 0.2741251 0.3009133 
taxon5     0.0410195 0.0575661 0.0305888 0.0305888 0.0415841 0.0000000 0.0099949 0.0203433 0.0253677 0.2481280 0.2483668 0.2639830 0.2283742 0.2354638 0.2383383 0.2451913 0.2666992 0.2603671 0.2717997 0.2872199 
taxon6     0.0513499 0.0681329 0.0408434 0.0408434 0.0520504 0.0099949 0.0000000 0.0305573 0.0355652 0.2473773 0.2476153 0.2631750 0.2408973 0.2480539 0.2510588 0.2579549 0.2796392 0.2595640 0.2709647 0.2863296 
taxon7     0.0413817 0.0469296 0.0308594 0.0308594 0.0413495 0.0203433 0.0305573 0.0000000 0.0151699 0.2639275 0.2641692 0.2638287 0.2438200 0.2510671 0.2522521 0.2450633 0.2665398 0.2602168 0.2860119 0.3016562 
taxon8     0.0464447 0.0520211 0.0359154 0.0359154 0.0577726 0.0253677 0.0355652 0.0151699 0.0000000 0.2696585 0.2698996 0.2695545 0.2495254 0.2567927 0.2579891 0.2507852 0.2723074 0.2659873 0.2917853 0.3074837 
taxon9     0.2197800 0.2521839 0.2482169 0.2482169 0.2362975 0.2481280 0.2473773 0.2639275 0.2696585 0.0000000 0.0148574 0.0302478 0.0200729 0.0251999 0.0512442 0.0404125 0.0354849 0.0511275 0.0405034 0.0721402 
taxon10    0.2398936 0.2732347 0.2484560 0.2484560 0.2365356 0.2483668 0.2476153 0.2641692 0.2698996 0.0148574 0.0000000 0.0354715 0.0353850 0.0406205 0.0515406 0.0406436 0.0510786 0.0512028 0.0456130 0.0773726 
taxon11    0.2630370 0.2645288 0.2770541 0.2770541 0.2644526 0.2639830 0.2631750 0.2638287 0.2695545 0.0302478 0.0354715 0.0000000 0.0514581 0.0568643 0.0516937 0.0407635 0.0565064 0.0510392 0.0615652 0.0720132 
taxon12    0.2005236 0.2321148 0.2284389 0.2284389 0.2304033 0.2283742 0.2408973 0.2438200 0.2495254 0.0200729 0.0353850 0.0514581 0.0000000 0.0254685 0.0517809 0.0408356 0.0358610 0.0622439 0.0620238 0.0836330 
taxon13    0.2157765 0.2313228 0.2443585 0.2443585 0.2464631 0.2354638 0.2480539 0.2510671 0.2567927 0.0251999 0.0406205 0.0568643 0.0254685 0.0000000 0.0304596 0.0305801 0.0255776 0.0517792 0.0515957 0.0730357 
taxon14    0.2586786 0.2588948 0.2747057 0.2747057 0.2770584 0.2383383 0.2510588 0.2522521 0.2579891 0.0512442 0.0515406 0.0516937 0.0517809 0.0304596 0.0000000 0.0100351 0.0355431 0.0408687 0.0509030 0.0616293 
taxon15    0.2425589 0.2598403 0.2581674 0.2581674 0.2603766 0.2451913 0.2579549 0.2450633 0.2507852 0.0404125 0.0406436 0.0407635 0.0408356 0.0305801 0.0100351 0.0000000 0.0250284 0.0302151 0.0505040 0.0611459 
taxon16    0.2374557 0.2547212 0.2668152 0.2668152 0.2691049 0.2666992 0.2796392 0.2665398 0.2723074 0.0354849 0.0510786 0.0565064 0.0358610 0.0255776 0.0355431 0.0250284 0.0000000 0.0457733 0.0456134 0.0666295 
taxon17    0.2721023 0.2736474 0.2735239 0.2735239 0.2595585 0.2603671 0.2595640 0.2602168 0.2659873 0.0511275 0.0512028 0.0510392 0.0622439 0.0517792 0.0408687 0.0302151 0.0457733 0.0000000 0.0403036 0.0401526 
taxon18    0.2710388 0.2890912 0.2863458 0.2863458 0.2741251 0.2717997 0.2709647 0.2860119 0.2917853 0.0405034 0.0456130 0.0615652 0.0620238 0.0515957 0.0509030 0.0505040 0.0456134 0.0403036 0.0000000 0.0300238 
taxon19    0.2995661 0.3012390 0.3153418 0.3153418 0.3009133 0.2872199 0.2863296 0.3016562 0.3074837 0.0721402 0.0773726 0.0720132 0.0836330 0.0730357 0.0616293 0.0611459 0.0666295 0.0401526 0.0300238 0.0000000 
