20
taxon0     0.0000000 0.2344938 0.2074197 0.3900015 0.2983798 0.3788479 0.3831238 0.3980173 0.3508939 0.4123667 0.3747907 0.4137335 0.3786475 0.4591872 0.4315729 0.5238563 0.5784498 0.5345472 0.5250652 0.5246644 
taxon1     0.2344938 0.0000000 0.2355399 0.4318173 0.3940081 0.4624316 0.4430443 0.4568349 0.4486247 0.4505888 0.4555568 0.4856184 0.4469394 0.5094838 0.4600743 0.5602832 0.5773909 0.5431886 0.5598650 0.5141770 
taxon2     0.2074197 0.2355399 0.0000000 0.3821733 0.3129197 0.4101439 0.3885357 0.3931585 0.3744039 0.4079030 0.4089306 0.4433409 0.3896854 0.4982548 0.5083132 0.5867685 0.6100643 0.5704221 0.5895746 0.5936366 
taxon3     0.3900015 0.4318173 0.3821733 0.0000000 0.1756996 0.2848781 0.4088250 0.4207975 0.3909374 0.4972316 0.4627497 0.5030025 0.4855714 0.5712013 0.5478374 0.6690767 0.6199623 0.6394259 0.6429486 0.5809995 
taxon4     0.2983798 0.3940081 0.3129197 0.1756996 0.0000000 0.1496692 0.3704234 0.3652259 0.3322025 0.4301030 0.4052624 0.4784870 0.4218363 0.5238525 0.4638214 0.5994812 0.5854018 0.5450828 0.5905397 0.5299400 
taxon5     0.3788479 0.4624316 0.4101439 0.2848781 0.1496692 0.0000000 0.4352093 0.4357474 0.4102926 0.5017253 0.4818301 0.5200331 0.5130418 0.5893230 0.5313407 0.6716599 0.6485948 0.5924086 0.6275499 0.5734579 
taxon6     0.3831238 0.4430443 0.3885357 0.4088250 0.3704234 0.4352093 0.0000000 0.1900601 0.2319596 0.4470611 0.4504301 0.4477505 0.4853923 0.5799649 0.5690246 0.6062369 0.6409554 0.6375596 0.6477051 0.6306866 
taxon7     0.3980173 0.4568349 0.3931585 0.4207975 0.3652259 0.4357474 0.1900601 0.0000000 0.2460638 0.4508999 0.4670222 0.4812472 0.5054964 0.5604931 0.5786198 0.6230317 0.6308187 0.6402273 0.6469595 0.6273124 
taxon8     0.3508939 0.4486247 0.3744039 0.3909374 0.3322025 0.4102926 0.2319596 0.2460638 0.0000000 0.4790914 0.4671107 0.4645313 0.4669231 0.5530800 0.5194211 0.6094191 0.6541933 0.6546190 0.6834870 0.6264873 
taxon9     0.4123667 0.4505888 0.4079030 0.4972316 0.4301030 0.5017253 0.4470611 0.4508999 0.4790914 0.0000000 0.2437770 0.2915196 0.2919219 0.3822227 0.3782300 0.5464359 0.5460878 0.5607121 0.5410438 0.5491469 
taxon10    0.3747907 0.4555568 0.4089306 0.4627497 0.4052624 0.4818301 0.4504301 0.4670222 0.4671107 0.2437770 0.0000000 0.2366646 0.2346961 0.3159735 0.3346264 0.4797863 0.4691748 0.4526406 0.4840047 0.4885895 
taxon11    0.4137335 0.4856184 0.4433409 0.5030025 0.4784870 0.5200331 0.4477505 0.4812472 0.4645313 0.2915196 0.2366646 0.0000000 0.2078350 0.3292354 0.3213400 0.4883516 0.4763777 0.4928293 0.4758574 0.4613306 
taxon12    0.3786475 0.4469394 0.3896854 0.4855714 0.4218363 0.5130418 0.4853923 0.5054964 0.4669231 0.2919219 0.2346961 0.2078350 0.0000000 0.2392911 0.2483772 0.4258970 0.4309241 0.4288311 0.4438188 0.4539096 
taxon13    0.4591872 0.5094838 0.4982548 0.5712013 0.5238525 0.5893230 0.5799649 0.5604931 0.5530800 0.3822227 0.3159735 0.3292354 0.2392911 0.0000000 0.1985296 0.3582521 0.4015406 0.3861944 0.4131793 0.4177207 
taxon14    0.4315729 0.4600743 0.5083132 0.5478374 0.4638214 0.5313407 0.5690246 0.5786198 0.5194211 0.3782300 0.3346264 0.3213400 0.2483772 0.1985296 0.0000000 0.2185257 0.2582634 0.2855508 0.3138513 0.3276673 
taxon15    0.5238563 0.5602832 0.5867685 0.6690767 0.5994812 0.6716599 0.6062369 0.6230317 0.6094191 0.5464359 0.4797863 0.4883516 0.4258970 0.3582521 0.2185257 0.0000000 0.2956800 0.2716344 0.3262659 0.3431639 
taxon16    0.5784498 0.5773909 0.6100643 0.6199623 0.5854018 0.6485948 0.6409554 0.6308187 0.6541933 0.5460878 0.4691748 0.4763777 0.4309241 0.4015406 0.2582634 0.2956800 0.0000000 0.2272170 0.2583521 0.2562292 
taxon17    0.5345472 0.5431886 0.5704221 0.6394259 0.5450828 0.5924086 0.6375596 0.6402273 0.6546190 0.5607121 0.4526406 0.4928293 0.4288311 0.3861944 0.2855508 0.2716344 0.2272170 0.0000000 0.2107558 0.2130900 
taxon18    0.5250652 0.5598650 0.5895746 0.6429486 0.5905397 0.6275499 0.6477051 0.6469595 0.6834870 0.5410438 0.4840047 0.4758574 0.4438188 0.4131793 0.3138513 0.3262659 0.2583521 0.2107558 0.0000000 0.1916404 
taxon19    0.5246644 0.5141770 0.5936366 0.5809995 0.5299400 0.5734579 0.6306866 0.6273124 0.6264873 0.5491469 0.4885895 0.4613306 0.4539096 0.4177207 0.3276673 0.3431639 0.2562292 0.2130900 0.1916404 0.0000000 
