20
taxon0     0.0000000 0.2948575 0.2633064 0.4539585 0.4494886 0.4113625 0.4725114 0.4900462 0.4462904 0.5015616 0.5163907 0.5742328 0.5889977 0.6051314 0.6057978 0.6307941 0.6283052 0.4862558 0.4509771 0.4198533 
taxon1     0.2948575 0.0000000 0.1772953 0.5149648 0.4698246 0.4567435 0.5031392 0.5372937 0.5237808 0.5732168 0.5661447 0.5742007 0.5679940 0.6247131 0.6053697 0.6325461 0.6158391 0.5490218 0.5334720 0.4862383 
taxon2     0.2633064 0.1772953 0.0000000 0.4744303 0.4635750 0.4749099 0.5345784 0.5493484 0.4760085 0.5666640 0.5688823 0.5823196 0.5887093 0.6228551 0.5935529 0.6397974 0.6303290 0.5169200 0.4958011 0.4905442 
taxon3     0.4539585 0.5149648 0.4744303 0.0000000 0.0870771 0.3116864 0.3620268 0.3631277 0.3215050 0.4213984 0.3777414 0.4040306 0.4009634 0.3928882 0.4543001 0.4376978 0.4673118 0.3282782 0.3147129 0.3315606 
taxon4     0.4494886 0.4698246 0.4635750 0.0870771 0.0000000 0.3335842 0.3723951 0.3687006 0.3216227 0.4156190 0.3633911 0.3769692 0.3635862 0.3663429 0.4084968 0.4007355 0.4209833 0.3153321 0.3092812 0.3118545 
taxon5     0.4113625 0.4567435 0.4749099 0.3116864 0.3335842 0.0000000 0.1845649 0.1989927 0.2791885 0.3434934 0.3518997 0.3993161 0.4093928 0.4258054 0.4575475 0.4405395 0.4776517 0.3095914 0.3460811 0.2783865 
taxon6     0.4725114 0.5031392 0.5345784 0.3620268 0.3723951 0.1845649 0.0000000 0.0708268 0.3040857 0.3892987 0.3691740 0.3914419 0.4122778 0.3931176 0.4414195 0.4209452 0.4540398 0.3667408 0.3794049 0.3030336 
taxon7     0.4900462 0.5372937 0.5493484 0.3631277 0.3687006 0.1989927 0.0708268 0.0000000 0.3104077 0.3921975 0.3727347 0.4028639 0.4252158 0.3997558 0.4471942 0.4319873 0.4612204 0.3586103 0.3711300 0.3128799 
taxon8     0.4462904 0.5237808 0.4760085 0.3215050 0.3216227 0.2791885 0.3040857 0.3104077 0.0000000 0.1809836 0.1588847 0.2335450 0.2416932 0.2684757 0.2763849 0.2696122 0.3220016 0.2407474 0.2717350 0.2301558 
taxon9     0.5015616 0.5732168 0.5666640 0.4213984 0.4156190 0.3434934 0.3892987 0.3921975 0.1809836 0.0000000 0.1499382 0.2090385 0.2104661 0.2286680 0.2819939 0.3093958 0.3031689 0.3212277 0.3496599 0.3107844 
taxon10    0.5163907 0.5661447 0.5688823 0.3777414 0.3633911 0.3518997 0.3691740 0.3727347 0.1588847 0.1499382 0.0000000 0.1747932 0.1517932 0.1661693 0.2263930 0.2585521 0.2622100 0.3079838 0.3395104 0.2775020 
taxon11    0.5742328 0.5742007 0.5823196 0.4040306 0.3769692 0.3993161 0.3914419 0.4028639 0.2335450 0.2090385 0.1747932 0.0000000 0.1226767 0.1333646 0.1692639 0.2012505 0.1999961 0.3426295 0.3657598 0.3345808 
taxon12    0.5889977 0.5679940 0.5887093 0.4009634 0.3635862 0.4093928 0.4122778 0.4252158 0.2416932 0.2104661 0.1517932 0.1226767 0.0000000 0.1046692 0.1503956 0.1643802 0.1742494 0.3484100 0.3884994 0.3251954 
taxon13    0.6051314 0.6247131 0.6228551 0.3928882 0.3663429 0.4258054 0.3931176 0.3997558 0.2684757 0.2286680 0.1661693 0.1333646 0.1046692 0.0000000 0.1128586 0.1355163 0.1265292 0.3487592 0.3779198 0.3319227 
taxon14    0.6057978 0.6053697 0.5935529 0.4543001 0.4084968 0.4575475 0.4414195 0.4471942 0.2763849 0.2819939 0.2263930 0.1692639 0.1503956 0.1128586 0.0000000 0.0782301 0.0890723 0.3704607 0.4054847 0.3570818 
taxon15    0.6307941 0.6325461 0.6397974 0.4376978 0.4007355 0.4405395 0.4209452 0.4319873 0.2696122 0.3093958 0.2585521 0.2012505 0.1643802 0.1355163 0.0782301 0.0000000 0.0769067 0.3805934 0.4120816 0.3496754 
taxon16    0.6283052 0.6158391 0.6303290 0.4673118 0.4209833 0.4776517 0.4540398 0.4612204 0.3220016 0.3031689 0.2622100 0.1999961 0.1742494 0.1265292 0.0890723 0.0769067 0.0000000 0.3965312 0.4265384 0.3823355 
taxon17    0.4862558 0.5490218 0.5169200 0.3282782 0.3153321 0.3095914 0.3667408 0.3586103 0.2407474 0.3212277 0.3079838 0.3426295 0.3484100 0.3487592 0.3704607 0.3805934 0.3965312 0.0000000 0.0952454 0.1674424 
taxon18    0.4509771 0.5334720 0.4958011 0.3147129 0.3092812 0.3460811 0.3794049 0.3711300 0.2717350 0.3496599 0.3395104 0.3657598 0.3884994 0.3779198 0.4054847 0.4120816 0.4265384 0.0952454 0.0000000 0.1765668 
taxon19    0.4198533 0.4862383 0.4905442 0.3315606 0.3118545 0.2783865 0.3030336 0.3128799 0.2301558 0.3107844 0.2775020 0.3345808 0.3251954 0.3319227 0.3570818 0.3496754 0.3823355 0.1674424 0.1765668 0.0000000 
