20
taxon0     0.0000000 0.0309057 0.0692882 0.0689846 0.0626302 0.0623826 0.0516240 0.0679355 0.0733305 0.0737664 0.0622166 0.0683567 0.0738570 0.2325946 0.2141969 0.2165317 0.2091045 0.2167423 0.2325008 0.2327013 
taxon1     0.0309057 0.0000000 0.0579708 0.0572701 0.0519747 0.0517691 0.0517797 0.0572419 0.0625875 0.0514573 0.0517447 0.0462159 0.0515201 0.2203805 0.2285725 0.2323544 0.2247019 0.2044686 0.2202933 0.2202225 
taxon2     0.0692882 0.0579708 0.0000000 0.0253409 0.0360724 0.0413984 0.0467369 0.0466375 0.0519361 0.0517668 0.0575362 0.0518340 0.0572058 0.2067782 0.2226763 0.2171917 0.2243956 0.2105915 0.2212960 0.2128180 
taxon3     0.0689846 0.0572701 0.0253409 0.0000000 0.0355602 0.0408110 0.0460746 0.0459775 0.0512026 0.0510380 0.0567220 0.0511035 0.0564004 0.2048117 0.2076183 0.2032334 0.2103027 0.2025057 0.2131421 0.2180270 
taxon4     0.0626302 0.0519747 0.0360724 0.0355602 0.0000000 0.0049622 0.0199929 0.0099391 0.0149427 0.0355671 0.0410693 0.0356144 0.0408334 0.1922921 0.2077095 0.2095434 0.2166465 0.1960923 0.2067141 0.2063392 
taxon5     0.0623826 0.0517691 0.0413984 0.0408110 0.0049622 0.0000000 0.0199156 0.0149708 0.0200069 0.0303598 0.0409079 0.0354744 0.0406729 0.1990010 0.2068454 0.2165029 0.2157367 0.1952703 0.1999140 0.1993867 
taxon6     0.0516240 0.0517797 0.0467369 0.0460746 0.0199929 0.0199156 0.0000000 0.0301577 0.0352649 0.0406328 0.0409165 0.0354820 0.0406815 0.2055358 0.1936764 0.2232571 0.2157684 0.1953000 0.2124475 0.2122023 
taxon7     0.0679355 0.0572419 0.0466375 0.0459775 0.0099391 0.0149708 0.0301577 0.0000000 0.0049367 0.0302708 0.0409558 0.0303102 0.0354752 0.1991349 0.2209091 0.2228682 0.2300884 0.1886912 0.1992678 0.1987274 
taxon8     0.0733305 0.0625875 0.0519361 0.0512026 0.0149427 0.0200069 0.0352649 0.0049367 0.0000000 0.0353955 0.0461787 0.0354422 0.0406354 0.1927005 0.2273812 0.2294000 0.2366705 0.1950113 0.2055812 0.2051828 
taxon9     0.0737664 0.0514573 0.0517668 0.0510380 0.0355671 0.0303598 0.0406328 0.0302708 0.0353955 0.0000000 0.0301670 0.0148537 0.0198684 0.2049055 0.2190858 0.2289980 0.2281847 0.1808932 0.1855622 0.1847144 
taxon10    0.0622166 0.0517447 0.0575362 0.0567220 0.0410693 0.0409079 0.0409165 0.0409558 0.0461787 0.0301670 0.0000000 0.0250892 0.0302038 0.2028943 0.2042092 0.2203847 0.2129828 0.1794373 0.1831741 0.1956901 
taxon11    0.0683567 0.0462159 0.0518340 0.0511035 0.0356144 0.0354744 0.0354820 0.0303102 0.0354422 0.0148537 0.0250892 0.0000000 0.0049471 0.2050935 0.2126704 0.2291952 0.2216554 0.1746735 0.1916020 0.1908919 
taxon12    0.0738570 0.0515201 0.0572058 0.0564004 0.0408334 0.0406729 0.0406815 0.0354752 0.0406354 0.0198684 0.0302038 0.0049471 0.0000000 0.1985844 0.2060919 0.2224249 0.2149559 0.1683168 0.1851998 0.1843456 
taxon13    0.2325946 0.2203805 0.2067782 0.2048117 0.1922921 0.1990010 0.2055358 0.1991349 0.1927005 0.2049055 0.2028943 0.2050935 0.1985844 0.0000000 0.0359234 0.0574443 0.0629829 0.0413465 0.0457970 0.0470899 
taxon14    0.2141969 0.2285725 0.2226763 0.2076183 0.2077095 0.2068454 0.1936764 0.2209091 0.2273812 0.2190858 0.2042092 0.2126704 0.2060919 0.0359234 0.0000000 0.0521289 0.0466139 0.0471093 0.0569597 0.0469884 
taxon15    0.2165317 0.2323544 0.2171917 0.2032334 0.2095434 0.2165029 0.2232571 0.2228682 0.2294000 0.2289980 0.2203847 0.2291952 0.2224249 0.0574443 0.0521289 0.0000000 0.0050174 0.0574273 0.0738504 0.0520914 
taxon16    0.2091045 0.2247019 0.2243956 0.2103027 0.2166465 0.2157367 0.2157684 0.2300884 0.2366705 0.2281847 0.2129828 0.2216554 0.2149559 0.0629829 0.0466139 0.0050174 0.0000000 0.0518689 0.0736165 0.0519282 
taxon17    0.2167423 0.2044686 0.2105915 0.2025057 0.1960923 0.1952703 0.1953000 0.1886912 0.1950113 0.1808932 0.1794373 0.1746735 0.1683168 0.0413465 0.0471093 0.0574273 0.0518689 0.0000000 0.0254178 0.0203723 
taxon18    0.2325008 0.2202933 0.2212960 0.2131421 0.2067141 0.1999140 0.2124475 0.1992678 0.2055812 0.1855622 0.1831741 0.1916020 0.1851998 0.0457970 0.0569597 0.0738504 0.0736165 0.0254178 0.0000000 0.0257381 
taxon19    0.2327013 0.2202225 0.2128180 0.2180270 0.2063392 0.1993867 0.2122023 0.1987274 0.2051828 0.1847144 0.1956901 0.1908919 0.1843456 0.0470899 0.0469884 0.0520914 0.0519282 0.0203723 0.0257381 0.0000000 
