20
taxon0     0.0000000 0.0287833 0.0239376 0.0287192 0.0337612 0.0843244 0.0589922 0.0743616 0.0691316 0.0843017 0.0645167 0.0444483 0.2611080 0.2720857 0.2533887 0.2777237 0.2796765 0.2920052 0.2469535 0.2877841 
taxon1     0.0287833 0.0000000 0.0288310 0.0336291 0.0435265 0.0840638 0.0588128 0.0741320 0.0689194 0.0840412 0.0799216 0.0544691 0.2588918 0.2846958 0.2657702 0.2774540 0.2923896 0.2779358 0.2593916 0.2866450 
taxon2     0.0239376 0.0288310 0.0000000 0.0047204 0.0388155 0.0796586 0.0642973 0.0696630 0.0644321 0.0796371 0.0646622 0.0497946 0.2547332 0.2806739 0.2470685 0.2934106 0.3011486 0.2944009 0.2677136 0.2958296 
taxon3     0.0287192 0.0336291 0.0047204 0.0000000 0.0436579 0.0846214 0.0692287 0.0746233 0.0693739 0.0795163 0.0696179 0.0547577 0.2605667 0.2865615 0.2528613 0.2993204 0.3070971 0.3003303 0.2735710 0.3017849 
taxon4     0.0337612 0.0435265 0.0388155 0.0436579 0.0000000 0.0685173 0.0436551 0.0586948 0.0535930 0.0684993 0.0695447 0.0391584 0.2560281 0.2797597 0.2757548 0.2714922 0.2734008 0.2723969 0.2266352 0.2534598 
taxon5     0.0843244 0.0840638 0.0796586 0.0846214 0.0685173 0.0000000 0.0290616 0.0341077 0.0291210 0.0438627 0.0808076 0.0695201 0.3179148 0.3156457 0.3253162 0.3479791 0.3375583 0.3218030 0.2858224 0.3001335 
taxon6     0.0589922 0.0588128 0.0642973 0.0692287 0.0436551 0.0290616 0.0000000 0.0144212 0.0095767 0.0240407 0.0754181 0.0648576 0.2978260 0.2957154 0.3050963 0.3147448 0.3169868 0.3015738 0.2539942 0.2679201 
taxon7     0.0743616 0.0741320 0.0696630 0.0746233 0.0586948 0.0341077 0.0144212 0.0000000 0.0047863 0.0192235 0.0809369 0.0702696 0.3059782 0.2982382 0.3133323 0.3360493 0.3325247 0.3226502 0.2741699 0.2742795 
taxon8     0.0691316 0.0689194 0.0644321 0.0693739 0.0535930 0.0291210 0.0095767 0.0047863 0.0000000 0.0143616 0.0755790 0.0649947 0.2986036 0.2909392 0.3058969 0.3285514 0.3308949 0.3152401 0.2671062 0.2672172 
taxon9     0.0843017 0.0840412 0.0796371 0.0795163 0.0684993 0.0438627 0.0240407 0.0192235 0.0143616 0.0000000 0.0910738 0.0803227 0.3183238 0.2973681 0.3124154 0.3350809 0.3509340 0.3349715 0.2861594 0.2862652 
taxon10    0.0645167 0.0799216 0.0646622 0.0696179 0.0695447 0.0808076 0.0754181 0.0809369 0.0755790 0.0910738 0.0000000 0.0392501 0.2887808 0.2948514 0.2870380 0.3271990 0.3166278 0.3361688 0.2652236 0.3073632 
taxon11    0.0444483 0.0544691 0.0497946 0.0547577 0.0391584 0.0695201 0.0648576 0.0702696 0.0649947 0.0803227 0.0392501 0.0000000 0.2618460 0.2730563 0.2753406 0.2915972 0.2936878 0.3128427 0.2441513 0.2853561 
taxon12    0.2611080 0.2588918 0.2547332 0.2605667 0.2560281 0.3179148 0.2978260 0.3059782 0.2986036 0.3183238 0.2887808 0.2618460 0.0000000 0.0292519 0.0194289 0.0542462 0.0545904 0.0696454 0.0297854 0.0498242 
taxon13    0.2720857 0.2846958 0.2806739 0.2865615 0.2797597 0.3156457 0.2957154 0.2982382 0.2909392 0.2973681 0.2948514 0.2730563 0.0292519 0.0000000 0.0292948 0.0440527 0.0543469 0.0794220 0.0395966 0.0547309 
taxon14    0.2533887 0.2657702 0.2470685 0.2528613 0.2757548 0.3253162 0.3050963 0.3133323 0.3058969 0.3124154 0.2870380 0.2753406 0.0194289 0.0292948 0.0000000 0.0543271 0.0648114 0.0695709 0.0500116 0.0702877 
taxon15    0.2777237 0.2774540 0.2934106 0.2993204 0.2714922 0.3479791 0.3147448 0.3360493 0.3285514 0.3350809 0.3271990 0.2915972 0.0542462 0.0440527 0.0543271 0.0000000 0.0439955 0.0588728 0.0545879 0.0697134 
taxon16    0.2796765 0.2923896 0.3011486 0.3070971 0.2734008 0.3375583 0.3169868 0.3325247 0.3308949 0.3509340 0.3166278 0.2936878 0.0545904 0.0543469 0.0648114 0.0439955 0.0000000 0.0594346 0.0549363 0.0702796 
taxon17    0.2920052 0.2779358 0.2944009 0.3003303 0.2723969 0.3218030 0.3015738 0.3226502 0.3152401 0.3349715 0.3361688 0.3128427 0.0696454 0.0794220 0.0695709 0.0588728 0.0594346 0.0000000 0.0700795 0.0591975 
taxon18    0.2469535 0.2593916 0.2677136 0.2735710 0.2266352 0.2858224 0.2539942 0.2741699 0.2671062 0.2861594 0.2652236 0.2441513 0.0297854 0.0395966 0.0500116 0.0545879 0.0549363 0.0700795 0.0000000 0.0295241 
taxon19    0.2877841 0.2866450 0.2958296 0.3017849 0.2534598 0.3001335 0.2679201 0.2742795 0.2672172 0.2862652 0.3073632 0.2853561 0.0498242 0.0547309 0.0702877 0.0697134 0.0702796 0.0591975 0.0295241 0.0000000 
