20
taxon0     0.0000000 0.0195640 0.0195561 0.0244498 0.0294101 0.0244962 0.0293938 0.0448113 0.0293938 0.0247729 0.0246719 0.1872340 0.1933371 0.1813712 0.1682719 0.1813712 0.1757771 0.1878695 0.1875114 0.1878300 
taxon1     0.0195640 0.0000000 0.0096943 0.0145440 0.0194379 0.0445428 0.0394779 0.0551676 0.0394779 0.0450462 0.0448617 0.1871117 0.1932081 0.1941996 0.1927447 0.1941996 0.2005409 0.2068353 0.1992864 0.1996262 
taxon2     0.0195561 0.0096943 0.0000000 0.0048288 0.0096803 0.0445245 0.0394617 0.0551445 0.0394617 0.0450275 0.0448431 0.1870217 0.1931149 0.1941053 0.1926515 0.1941053 0.2004430 0.2067340 0.1991897 0.1995292 
taxon3     0.0244498 0.0145440 0.0048288 0.0000000 0.0048185 0.0443804 0.0393344 0.0549639 0.0393344 0.0500405 0.0396765 0.1926907 0.1865212 0.1998194 0.1983381 0.1998194 0.2061787 0.1999960 0.1925451 0.1928714 
taxon4     0.0294101 0.0194379 0.0096803 0.0048185 0.0000000 0.0494314 0.0443582 0.0499168 0.0443582 0.0551792 0.0447441 0.1988426 0.1926344 0.1939258 0.1924742 0.1939258 0.2002576 0.1941016 0.1867077 0.1870235 
taxon5     0.0244962 0.0445428 0.0445245 0.0443804 0.0494314 0.0000000 0.0048146 0.0195751 0.0048146 0.0299260 0.0246522 0.1984921 0.1979165 0.1923411 0.1739679 0.1923411 0.1867592 0.1924840 0.1921227 0.1796807 
taxon6     0.0293938 0.0394779 0.0394617 0.0393344 0.0443582 0.0048146 0.0000000 0.0146408 0.0000010 0.0349101 0.0295801 0.1922225 0.1916708 0.1861087 0.1795125 0.1861087 0.1923411 0.1980641 0.1976971 0.1852225 
taxon7     0.0448113 0.0551676 0.0551445 0.0549639 0.0499168 0.0195751 0.0146408 0.0000000 0.0146408 0.0506897 0.0450958 0.1843614 0.1838420 0.1789205 0.1723940 0.1789205 0.1850910 0.1783470 0.1904226 0.1780700 
taxon8     0.0293938 0.0394779 0.0394617 0.0393344 0.0443582 0.0048146 0.0000010 0.0146408 0.0000000 0.0349101 0.0295801 0.1922225 0.1916708 0.1861087 0.1795125 0.1861087 0.1923411 0.1980641 0.1976971 0.1852225 
taxon9     0.0247729 0.0450462 0.0450275 0.0500405 0.0551792 0.0299260 0.0349101 0.0506897 0.0349101 0.0000000 0.0147759 0.1951058 0.2078543 0.1956715 0.1822668 0.1956715 0.1900009 0.2023242 0.2019454 0.2022940 
taxon10    0.0246719 0.0448617 0.0448431 0.0396765 0.0447441 0.0246522 0.0295801 0.0450958 0.0295801 0.0147759 0.0000000 0.1934353 0.1936683 0.1939928 0.1807062 0.1939928 0.1883663 0.1881947 0.1878358 0.1881554 
taxon11    0.1872340 0.1871117 0.1870217 0.1926907 0.1988426 0.1984921 0.1922225 0.1843614 0.1922225 0.1951058 0.1934353 0.0000000 0.0195727 0.0296392 0.0549706 0.0296392 0.0346797 0.0446638 0.0396009 0.0446819 
taxon12    0.1933371 0.1932081 0.1931149 0.1865212 0.1926344 0.1979165 0.1916708 0.1838420 0.1916708 0.2078543 0.1936683 0.0195727 0.0000000 0.0297580 0.0551810 0.0297580 0.0348175 0.0347095 0.0346725 0.0347233 
taxon13    0.1813712 0.1941996 0.1941053 0.1998194 0.1939258 0.1923411 0.1861087 0.1789205 0.1861087 0.1956715 0.1939928 0.0296392 0.0297580 0.0000000 0.0246363 0.0000010 0.0048860 0.0295745 0.0246284 0.0246643 
taxon14    0.1682719 0.1927447 0.1926515 0.1983381 0.1924742 0.1739679 0.1795125 0.1723940 0.1795125 0.1822668 0.1807062 0.0549706 0.0551810 0.0246363 0.0000000 0.0246363 0.0197105 0.0345905 0.0296277 0.0247954 
taxon15    0.1813712 0.1941996 0.1941053 0.1998194 0.1939258 0.1923411 0.1861087 0.1789205 0.1861087 0.1956715 0.1939928 0.0296392 0.0297580 0.0000010 0.0246363 0.0000000 0.0048860 0.0295745 0.0246284 0.0246643 
taxon16    0.1757771 0.2005409 0.2004430 0.2061787 0.2002576 0.1867592 0.1923411 0.1850910 0.1923411 0.1900009 0.1883663 0.0346797 0.0348175 0.0048860 0.0197105 0.0048860 0.0000000 0.0246472 0.0197043 0.0197330 
taxon17    0.1878695 0.2068353 0.2067340 0.1999960 0.1941016 0.1924840 0.1980641 0.1783470 0.1980641 0.2023242 0.1881947 0.0446638 0.0347095 0.0295745 0.0345905 0.0295745 0.0246472 0.0000000 0.0196444 0.0196729 
taxon18    0.1875114 0.1992864 0.1991897 0.1925451 0.1867077 0.1921227 0.1976971 0.1904226 0.1976971 0.2019454 0.1878358 0.0396009 0.0346725 0.0246284 0.0296277 0.0246284 0.0197043 0.0196444 0.0000000 0.0097670 
taxon19    0.1878300 0.1996262 0.1995292 0.1928714 0.1870235 0.1796807 0.1852225 0.1780700 0.1852225 0.2022940 0.1881554 0.0446819 0.0347233 0.0246643 0.0247954 0.0246643 0.0197330 0.0196729 0.0097670 0.0000000 
