20
taxon0     0.0000000 0.2203704 0.4802512 0.4664145 0.6642129 0.6699889 0.5336978 0.5512916 0.7808050 0.6744804 0.6769746 0.7574720 0.8126035 0.7409238 0.6392877 0.5540683 0.6211664 0.5882595 0.5774296 0.5706455 
taxon1     0.2203704 0.0000000 0.5130270 0.4986444 0.6155170 0.6403355 0.5473172 0.5304376 0.7584900 0.6879301 0.6907548 0.7608597 0.7779173 0.7440460 0.6767967 0.5799186 0.7200347 0.6769974 0.5748374 0.5954312 
taxon2     0.4802512 0.5130270 0.0000000 0.2380798 0.6166259 0.6211725 0.5687723 0.5366852 0.7946171 0.7856899 0.7738005 0.8248500 0.7625031 0.7460162 0.6317324 0.6493404 0.7121725 0.7856857 0.6698410 0.7083742 
taxon3     0.4664145 0.4986444 0.2380798 0.0000000 0.6114869 0.5745622 0.4972772 0.4974626 0.7865164 0.6921915 0.7019643 0.7639894 0.7602282 0.7570202 0.6199562 0.5827331 0.6924349 0.7083386 0.6087036 0.6239945 
taxon4     0.6642129 0.6155170 0.6166259 0.6114869 0.0000000 0.2207660 0.2567946 0.2055984 0.7006713 0.6651690 0.6681019 0.6666399 0.7582867 0.6764720 0.5720770 0.5565997 0.6208054 0.6173366 0.5484482 0.5174799 
taxon5     0.6699889 0.6403355 0.6211725 0.5745622 0.2207660 0.0000000 0.2759241 0.2010942 0.7339050 0.6904142 0.6558312 0.6813861 0.7841228 0.7204887 0.6248053 0.5566708 0.6285129 0.6326286 0.5484483 0.5113402 
taxon6     0.5336978 0.5473172 0.5687723 0.4972772 0.2567946 0.2759241 0.0000000 0.1153159 0.7109144 0.6495645 0.5927519 0.6138910 0.7283637 0.6759783 0.5617174 0.4906066 0.5826446 0.5826108 0.4984647 0.4515817 
taxon7     0.5512916 0.5304376 0.5366852 0.4974626 0.2055984 0.2010942 0.1153159 0.0000000 0.6360460 0.5869392 0.5451512 0.5401646 0.7106563 0.6388465 0.5151739 0.4612169 0.5651263 0.5644388 0.4543125 0.3880377 
taxon8     0.7808050 0.7584900 0.7946171 0.7865164 0.7006713 0.7339050 0.7109144 0.6360460 0.0000000 0.1646722 0.4102246 0.4575772 0.5502621 0.6115416 0.4249089 0.5093586 0.6659939 0.6429954 0.4804078 0.5934743 
taxon9     0.6744804 0.6879301 0.7856899 0.6921915 0.6651690 0.6904142 0.6495645 0.5869392 0.1646722 0.0000000 0.3549384 0.3661402 0.5291868 0.5913115 0.4151351 0.4669613 0.6396627 0.6113693 0.4748731 0.5303356 
taxon10    0.6769746 0.6907548 0.7738005 0.7019643 0.6681019 0.6558312 0.5927519 0.5451512 0.4102246 0.3549384 0.0000000 0.1909294 0.5324340 0.5718291 0.4248831 0.4248789 0.5479013 0.5807727 0.4297966 0.4227581 
taxon11    0.7574720 0.7608597 0.8248500 0.7639894 0.6666399 0.6813861 0.6138910 0.5401646 0.4575772 0.3661402 0.1909294 0.0000000 0.5829776 0.6131466 0.4344039 0.5160408 0.6254970 0.6168451 0.5018344 0.4470426 
taxon12    0.8126035 0.7779173 0.7625031 0.7602282 0.7582867 0.7841228 0.7283637 0.7106563 0.5502621 0.5291868 0.5324340 0.5829776 0.0000000 0.2174326 0.2797911 0.5738758 0.7100540 0.6874973 0.5248048 0.6316400 
taxon13    0.7409238 0.7440460 0.7460162 0.7570202 0.6764720 0.7204887 0.6759783 0.6388465 0.6115416 0.5913115 0.5718291 0.6131466 0.2174326 0.0000000 0.3403230 0.5178211 0.6580820 0.6441461 0.5039503 0.5855865 
taxon14    0.6392877 0.6767967 0.6317324 0.6199562 0.5720770 0.6248053 0.5617174 0.5151739 0.4249089 0.4151351 0.4248831 0.4344039 0.2797911 0.3403230 0.0000000 0.3926855 0.5672115 0.5675083 0.3755676 0.4465998 
taxon15    0.5540683 0.5799186 0.6493404 0.5827331 0.5565997 0.5566708 0.4906066 0.4612169 0.5093586 0.4669613 0.4248789 0.5160408 0.5738758 0.5178211 0.3926855 0.0000000 0.2311582 0.2749701 0.1738849 0.2434245 
taxon16    0.6211664 0.7200347 0.7121725 0.6924349 0.6208054 0.6285129 0.5826446 0.5651263 0.6659939 0.6396627 0.5479013 0.6254970 0.7100540 0.6580820 0.5672115 0.2311582 0.0000000 0.2322055 0.2850300 0.3754871 
taxon17    0.5882595 0.6769974 0.7856857 0.7083386 0.6173366 0.6326286 0.5826108 0.5644388 0.6429954 0.6113693 0.5807727 0.6168451 0.6874973 0.6441461 0.5675083 0.2749701 0.2322055 0.0000000 0.2884654 0.3995665 
taxon18    0.5774296 0.5748374 0.6698410 0.6087036 0.5484482 0.5484483 0.4984647 0.4543125 0.4804078 0.4748731 0.4297966 0.5018344 0.5248048 0.5039503 0.3755676 0.1738849 0.2850300 0.2884654 0.0000000 0.1610882 
taxon19    0.5706455 0.5954312 0.7083742 0.6239945 0.5174799 0.5113402 0.4515817 0.3880377 0.5934743 0.5303356 0.4227581 0.4470426 0.6316400 0.5855865 0.4465998 0.2434245 0.3754871 0.3995665 0.1610882 0.0000000 
