20
taxon0     0.0000000 0.0100633 0.0361923 0.0311767 0.0362810 0.0415389 0.0416770 0.0364735 0.0475603 0.0488002 0.0546489 0.0721057 0.0545194 0.0544346 0.0650431 0.0539738 0.0595837 0.0538998 0.0482939 0.0482844 
taxon1     0.0100633 0.0000000 0.0309153 0.0311649 0.0362675 0.0415236 0.0470149 0.0417967 0.0529867 0.0489808 0.0488932 0.0661608 0.0601102 0.0600169 0.0594792 0.0484614 0.0540375 0.0483948 0.0539820 0.0539719 
taxon2     0.0361923 0.0309153 0.0000000 0.0311001 0.0154047 0.0258303 0.0520281 0.0414437 0.0579060 0.0578115 0.0524221 0.0581697 0.0523987 0.0632413 0.0470133 0.0523808 0.0417457 0.0578489 0.0524340 0.0633675 
taxon3     0.0311767 0.0311649 0.0311001 0.0000000 0.0151856 0.0202433 0.0468493 0.0417375 0.0527356 0.0588760 0.0534824 0.0706255 0.0646010 0.0645021 0.0582408 0.0531136 0.0587717 0.0588279 0.0644439 0.0644334 
taxon4     0.0362810 0.0362675 0.0154047 0.0151856 0.0000000 0.0100898 0.0522105 0.0415948 0.0581063 0.0641208 0.0587312 0.0646268 0.0587048 0.0697603 0.0472957 0.0585450 0.0477318 0.0641154 0.0586053 0.0697376 
taxon5     0.0415389 0.0415236 0.0258303 0.0202433 0.0100898 0.0000000 0.0522005 0.0523134 0.0633880 0.0587916 0.0534056 0.0592581 0.0533814 0.0644095 0.0420479 0.0532359 0.0424393 0.0587867 0.0532907 0.0643879 
taxon6     0.0416770 0.0470149 0.0520281 0.0468493 0.0522105 0.0522005 0.0000000 0.0100517 0.0203021 0.0469927 0.0472378 0.0586250 0.0471296 0.0470585 0.0690292 0.0580302 0.0636548 0.0642276 0.0585970 0.0585867 
taxon7     0.0364735 0.0417967 0.0414437 0.0417375 0.0415948 0.0523134 0.0100517 0.0000000 0.0152560 0.0416883 0.0419052 0.0585365 0.0418095 0.0417463 0.0635888 0.0526478 0.0582313 0.0587599 0.0531665 0.0531566 
taxon8     0.0475603 0.0529867 0.0579060 0.0527356 0.0581063 0.0633880 0.0203021 0.0152560 0.0000000 0.0527834 0.0530615 0.0700758 0.0529388 0.0528583 0.0751476 0.0639967 0.0697120 0.0703382 0.0646206 0.0646099 
taxon9     0.0488002 0.0489808 0.0578115 0.0588760 0.0641208 0.0587916 0.0469927 0.0416883 0.0527834 0.0000000 0.0100721 0.0255827 0.0100501 0.0100351 0.0254444 0.0151670 0.0203328 0.0205254 0.0153225 0.0153185 
taxon10    0.0546489 0.0488932 0.0524221 0.0534824 0.0587312 0.0534056 0.0472378 0.0419052 0.0530615 0.0100721 0.0000000 0.0152909 0.0101003 0.0100853 0.0203012 0.0100845 0.0152089 0.0153541 0.0205576 0.0205525 
taxon11    0.0721057 0.0661608 0.0581697 0.0706255 0.0646268 0.0592581 0.0586250 0.0585365 0.0700758 0.0255827 0.0152909 0.0000000 0.0152838 0.0256173 0.0255991 0.0256153 0.0204573 0.0311960 0.0259219 0.0365396 
taxon12    0.0545194 0.0601102 0.0523987 0.0646010 0.0587048 0.0533814 0.0471296 0.0418095 0.0529388 0.0100501 0.0101003 0.0152838 0.0000000 0.0100633 0.0202920 0.0203046 0.0152020 0.0257596 0.0101840 0.0205064 
taxon13    0.0544346 0.0600169 0.0632413 0.0645021 0.0697603 0.0644095 0.0470585 0.0417463 0.0528583 0.0100351 0.0100853 0.0256173 0.0100633 0.0000000 0.0306119 0.0202745 0.0254814 0.0257207 0.0204806 0.0204755 
taxon14    0.0650431 0.0594792 0.0470133 0.0582408 0.0472957 0.0420479 0.0690292 0.0635888 0.0751476 0.0254444 0.0203012 0.0255991 0.0202920 0.0306119 0.0000000 0.0151539 0.0050321 0.0202845 0.0151686 0.0254564 
taxon15    0.0539738 0.0484614 0.0523808 0.0531136 0.0585450 0.0532359 0.0580302 0.0526478 0.0639967 0.0151670 0.0100845 0.0256153 0.0203046 0.0202745 0.0151539 0.0000000 0.0100915 0.0100923 0.0152020 0.0151981 
taxon16    0.0595837 0.0540375 0.0417457 0.0587717 0.0477318 0.0424393 0.0636548 0.0582313 0.0697120 0.0203328 0.0152089 0.0204573 0.0152020 0.0254814 0.0050321 0.0100915 0.0000000 0.0151966 0.0101012 0.0203424 
taxon17    0.0538998 0.0483948 0.0578489 0.0588279 0.0641154 0.0587867 0.0642276 0.0587599 0.0703382 0.0205254 0.0153541 0.0311960 0.0257596 0.0257207 0.0202845 0.0100923 0.0151966 0.0000000 0.0151818 0.0151779 
taxon18    0.0482939 0.0539820 0.0524340 0.0644439 0.0586053 0.0532907 0.0585970 0.0531665 0.0646206 0.0153225 0.0205576 0.0259219 0.0101840 0.0204806 0.0151686 0.0152020 0.0101012 0.0151818 0.0000000 0.0100713 
taxon19    0.0482844 0.0539719 0.0633675 0.0644334 0.0697376 0.0643879 0.0585867 0.0531566 0.0646099 0.0153185 0.0205525 0.0365396 0.0205064 0.0204755 0.0254564 0.0151981 0.0203424 0.0151779 0.0100713 0.0000000 
