20
taxon0     0.0000000 0.0144684 0.0343104 0.0340854 0.0443802 0.0759448 0.0916913 0.1022411 0.0806845 0.0600972 0.0871346 0.0708898 0.2236804 0.2161590 0.2357290 0.2279832 0.2040201 0.2333374 0.2530650 0.2459403 
taxon1     0.0144684 0.0000000 0.0194631 0.0193324 0.0392793 0.0705383 0.0861736 0.1071825 0.0752772 0.0650077 0.0867624 0.0655120 0.2230529 0.2155565 0.2350674 0.2273485 0.2034522 0.2326886 0.2523558 0.2452534 
taxon2     0.0343104 0.0194631 0.0000000 0.0097182 0.0193171 0.0921605 0.0974490 0.1187456 0.0863208 0.0863878 0.1089158 0.0752015 0.2502910 0.2261433 0.2330020 0.2416283 0.2174779 0.2470037 0.2669864 0.2597612 
taxon3     0.0340854 0.0193324 0.0097182 0.0000000 0.0194493 0.0915964 0.0968572 0.1180470 0.0857912 0.0858572 0.1082605 0.0865018 0.2425476 0.2348543 0.2418208 0.2340198 0.2100290 0.2393715 0.2591668 0.2520138 
taxon4     0.0443802 0.0392793 0.0193171 0.0194493 0.0000000 0.1027385 0.1080633 0.1187468 0.0967908 0.0915639 0.1197298 0.0961737 0.2565047 0.2322047 0.2390949 0.2612536 0.2235874 0.2531415 0.2731950 0.2659409 
taxon5     0.0759448 0.0705383 0.0921605 0.0915964 0.1027385 0.0000000 0.0248650 0.0660980 0.0659165 0.0497410 0.0497719 0.0560407 0.1899192 0.2227081 0.2276443 0.2512074 0.1964681 0.2460190 0.2523619 0.2452551 
taxon6     0.0916913 0.0861736 0.0974490 0.0968572 0.1080633 0.0248650 0.0000000 0.0504246 0.0502816 0.0650476 0.0657368 0.0611125 0.2175049 0.2354057 0.2435051 0.2441351 0.2179267 0.2687562 0.2689264 0.2679340 
taxon7     0.1022411 0.1071825 0.1187456 0.1180470 0.1187468 0.0660980 0.0504246 0.0000000 0.0499601 0.0968897 0.1033652 0.0927548 0.2554152 0.2736020 0.2539326 0.2829710 0.2560460 0.2813470 0.2817385 0.2743849 
taxon8     0.0806845 0.0752772 0.0863208 0.0857912 0.0967908 0.0659165 0.0502816 0.0499601 0.0000000 0.0860143 0.0975056 0.0818216 0.2160944 0.2274850 0.2275066 0.2560435 0.2297053 0.2682466 0.2686365 0.2613562 
taxon9     0.0600972 0.0650077 0.0863878 0.0858572 0.0915639 0.0497410 0.0650476 0.0968897 0.0860143 0.0000000 0.0248366 0.0606017 0.2154809 0.2211481 0.2291557 0.2556506 0.2101568 0.2604311 0.2668736 0.2596321 
taxon10    0.0871346 0.0867624 0.1089158 0.1082605 0.1197298 0.0497719 0.0657368 0.1033652 0.0975056 0.0248366 0.0000000 0.0507402 0.2218508 0.2434068 0.2356324 0.2718100 0.2228092 0.2735476 0.2800565 0.2727203 
taxon11    0.0708898 0.0655120 0.0752015 0.0865018 0.0961737 0.0560407 0.0611125 0.0927548 0.0818216 0.0606017 0.0507402 0.0000000 0.2210448 0.2095254 0.2290244 0.2192930 0.2065825 0.2572170 0.2776627 0.2702631 
taxon12    0.2236804 0.2230529 0.2502910 0.2425476 0.2565047 0.1899192 0.2175049 0.2554152 0.2160944 0.2154809 0.2218508 0.2210448 0.0000000 0.0352234 0.0452595 0.0711383 0.0446737 0.0749170 0.0750933 0.0758142 
taxon13    0.2161590 0.2155565 0.2261433 0.2348543 0.2322047 0.2227081 0.2354057 0.2736020 0.2274850 0.2211481 0.2434068 0.2095254 0.0352234 0.0000000 0.0615136 0.0825056 0.0616761 0.0930288 0.1042484 0.1052627 
taxon14    0.2357290 0.2350674 0.2330020 0.2418208 0.2390949 0.2276443 0.2435051 0.2539326 0.2275066 0.2291557 0.2356324 0.2290244 0.0452595 0.0615136 0.0000000 0.0883515 0.0505841 0.0922216 0.0924315 0.0864296 
taxon15    0.2279832 0.2273485 0.2416283 0.2340198 0.2612536 0.2512074 0.2441351 0.2829710 0.2560435 0.2556506 0.2718100 0.2192930 0.0711383 0.0825056 0.0883515 0.0000000 0.0605051 0.0804552 0.0963190 0.0972392 
taxon16    0.2040201 0.2034522 0.2174779 0.2100290 0.2235874 0.1964681 0.2179267 0.2560460 0.2297053 0.2101568 0.2228092 0.2065825 0.0446737 0.0616761 0.0505841 0.0605051 0.0000000 0.0392338 0.0543725 0.0548976 
taxon17    0.2333374 0.2326886 0.2470037 0.2393715 0.2531415 0.2460190 0.2687562 0.2813470 0.2682466 0.2604311 0.2735476 0.2572170 0.0749170 0.0930288 0.0922216 0.0804552 0.0392338 0.0000000 0.0144094 0.0145496 
taxon18    0.2530650 0.2523558 0.2669864 0.2591668 0.2731950 0.2523619 0.2689264 0.2817385 0.2686365 0.2668736 0.2800565 0.2776627 0.0750933 0.1042484 0.0924315 0.0963190 0.0543725 0.0144094 0.0000000 0.0096651 
taxon19    0.2459403 0.2452534 0.2597612 0.2520138 0.2659409 0.2452551 0.2679340 0.2743849 0.2613562 0.2596321 0.2727203 0.2702631 0.0758142 0.1052627 0.0864296 0.0972392 0.0548976 0.0145496 0.0096651 0.0000000 
