20
taxon0     0.0000000 0.5239838 0.3792467 0.4387115 0.5623262 0.5046035 0.6581456 0.6704142 0.6486326 0.7156444 0.7297648 0.7329854 0.7258639 0.9070321 0.8498669 0.6510465 0.7319809 0.7237169 0.7064079 0.8406481 
taxon1     0.5239838 0.0000000 0.3677273 0.3849779 0.4496037 0.4480712 0.6693821 0.7070190 0.6954061 0.7806917 0.7027062 0.7373702 0.7051108 0.9358628 1.0262151 0.8927726 0.9441448 0.9112240 0.9742152 1.0814472 
taxon2     0.3792467 0.3677273 0.0000000 0.1995777 0.2461314 0.2369630 0.7329728 0.7094481 0.7250306 0.7565320 0.7242624 0.7781981 0.7360303 0.8870872 0.9417346 0.7639683 0.7781280 0.7559004 0.8158441 0.9857618 
taxon3     0.4387115 0.3849779 0.1995777 0.0000000 0.1659457 0.1520044 0.7622059 0.7825103 0.7671444 0.7960983 0.8214795 0.8399555 0.7850254 0.9165521 0.9596602 0.7590866 0.7898098 0.7412534 0.8228556 0.9537599 
taxon4     0.5623262 0.4496037 0.2461314 0.1659457 0.0000000 0.1139363 0.8501283 0.8224613 0.7873732 0.8625579 0.8630915 0.8408178 0.8273531 0.9360285 0.9970307 0.9577797 0.9223373 0.8729066 0.9185605 1.0509000 
taxon5     0.5046035 0.4480712 0.2369630 0.1520044 0.1139363 0.0000000 0.8069146 0.7991465 0.7860255 0.8573700 0.8652397 0.8521959 0.8370434 1.0125504 1.0506830 0.8762824 0.8539234 0.7937105 0.8694173 1.0444075 
taxon6     0.6581456 0.6693821 0.7329728 0.7622059 0.8501283 0.8069146 0.0000000 0.2021819 0.3614992 0.3884218 0.4134977 0.5278704 0.5179972 0.6036521 0.5724832 0.5824914 0.6526053 0.6598627 0.6253773 0.6985126 
taxon7     0.6704142 0.7070190 0.7094481 0.7825103 0.8224613 0.7991465 0.2021819 0.0000000 0.2338620 0.2405949 0.4092374 0.4723159 0.4752633 0.5822722 0.5768412 0.5891749 0.6671339 0.6954549 0.6454343 0.7360966 
taxon8     0.6486326 0.6954061 0.7250306 0.7671444 0.7873732 0.7860255 0.3614992 0.2338620 0.0000000 0.2007794 0.4914202 0.5895331 0.5492249 0.6553632 0.6314558 0.5877412 0.7051288 0.7009653 0.6539642 0.7778951 
taxon9     0.7156444 0.7806917 0.7565320 0.7960983 0.8625579 0.8573700 0.3884218 0.2405949 0.2007794 0.0000000 0.5314345 0.6093732 0.5659967 0.6958550 0.6549667 0.6704171 0.7364981 0.7525612 0.6803941 0.7821204 
taxon10    0.7297648 0.7027062 0.7242624 0.8214795 0.8630915 0.8652397 0.4134977 0.4092374 0.4914202 0.5314345 0.0000000 0.2453066 0.1998162 0.3864883 0.3907197 0.3765666 0.4720337 0.4409971 0.4242366 0.4890371 
taxon11    0.7329854 0.7373702 0.7781981 0.8399555 0.8408178 0.8521959 0.5278704 0.4723159 0.5895331 0.6093732 0.2453066 0.0000000 0.1405542 0.5184475 0.5295681 0.4704494 0.5286576 0.5448609 0.4885249 0.5357700 
taxon12    0.7258639 0.7051108 0.7360303 0.7850254 0.8273531 0.8370434 0.5179972 0.4752633 0.5492249 0.5659967 0.1998162 0.1405542 0.0000000 0.5090298 0.5110344 0.4392673 0.5148643 0.5230751 0.4891452 0.5744149 
taxon13    0.9070321 0.9358628 0.8870872 0.9165521 0.9360285 1.0125504 0.6036521 0.5822722 0.6553632 0.6958550 0.3864883 0.5184475 0.5090298 0.0000000 0.1962579 0.3375746 0.4219386 0.4512925 0.4327583 0.5203160 
taxon14    0.8498669 1.0262151 0.9417346 0.9596602 0.9970307 1.0506830 0.5724832 0.5768412 0.6314558 0.6549667 0.3907197 0.5295681 0.5110344 0.1962579 0.0000000 0.3265695 0.4246372 0.4220885 0.3896749 0.4646365 
taxon15    0.6510465 0.8927726 0.7639683 0.7590866 0.9577797 0.8762824 0.5824914 0.5891749 0.5877412 0.6704171 0.3765666 0.4704494 0.4392673 0.3375746 0.3265695 0.0000000 0.2187858 0.2273036 0.2202112 0.2888678 
taxon16    0.7319809 0.9441448 0.7781280 0.7898098 0.9223373 0.8539234 0.6526053 0.6671339 0.7051288 0.7364981 0.4720337 0.5286576 0.5148643 0.4219386 0.4246372 0.2187858 0.0000000 0.2101026 0.2221993 0.3057745 
taxon17    0.7237169 0.9112240 0.7559004 0.7412534 0.8729066 0.7937105 0.6598627 0.6954549 0.7009653 0.7525612 0.4409971 0.5448609 0.5230751 0.4512925 0.4220885 0.2273036 0.2101026 0.0000000 0.1538416 0.2634699 
taxon18    0.7064079 0.9742152 0.8158441 0.8228556 0.9185605 0.8694173 0.6253773 0.6454343 0.6539642 0.6803941 0.4242366 0.4885249 0.4891452 0.4327583 0.3896749 0.2202112 0.2221993 0.1538416 0.0000000 0.1085417 
taxon19    0.8406481 1.0814472 0.9857618 0.9537599 1.0509000 1.0444075 0.6985126 0.7360966 0.7778951 0.7821204 0.4890371 0.5357700 0.5744149 0.5203160 0.4646365 0.2888678 0.3057745 0.2634699 0.1085417 0.0000000 
