20
taxon0     0.0000000 0.1169336 0.0896032 0.1282675 0.1457139 0.1782616 0.2742292 0.2552697 0.2919315 0.2431399 0.2287778 0.2327133 0.2928159 0.3116031 0.3182448 0.3844915 0.3769899 0.3793574 0.3787339 0.4302762 
taxon1     0.1169336 0.0000000 0.0721680 0.1695097 0.1789725 0.1816181 0.2861947 0.2734673 0.3150422 0.2545684 0.2426214 0.2445679 0.3119749 0.3312235 0.3387090 0.3854217 0.3926343 0.3642740 0.3989950 0.4263376 
taxon2     0.0896032 0.0721680 0.0000000 0.1434355 0.1459971 0.1793937 0.2763061 0.2405604 0.2809673 0.2316726 0.2269693 0.2153790 0.2815509 0.3001975 0.3126069 0.3566046 0.3708055 0.3415891 0.3661946 0.4009006 
taxon3     0.1282675 0.1695097 0.1434355 0.0000000 0.1051012 0.1370288 0.2840085 0.2913235 0.3066762 0.2673401 0.2533569 0.2713898 0.2907688 0.3142850 0.3091827 0.3944275 0.3740495 0.3680875 0.3724773 0.4104421 
taxon4     0.1457139 0.1789725 0.1459971 0.1051012 0.0000000 0.1204215 0.3105067 0.2719188 0.3141388 0.2637422 0.2496478 0.2507405 0.2942097 0.3164875 0.3126869 0.4103704 0.4007675 0.3939731 0.3805302 0.4371757 
taxon5     0.1782616 0.1816181 0.1793937 0.1370288 0.1204215 0.0000000 0.3352380 0.3404358 0.3566352 0.2870718 0.2888291 0.2818674 0.3166626 0.3435212 0.3371570 0.4354104 0.4343595 0.4020649 0.3809321 0.4235226 
taxon6     0.2742292 0.2861947 0.2763061 0.2840085 0.3105067 0.3352380 0.0000000 0.1565227 0.2478916 0.1764219 0.1727102 0.1754122 0.2240403 0.2670927 0.2576161 0.3977715 0.3839680 0.4193976 0.4225910 0.4914795 
taxon7     0.2552697 0.2734673 0.2405604 0.2913235 0.2719188 0.3404358 0.1565227 0.0000000 0.1843943 0.1671145 0.1524696 0.1473866 0.1998592 0.2393521 0.2282735 0.3500690 0.3610752 0.3814376 0.3687238 0.4116840 
taxon8     0.2919315 0.3150422 0.2809673 0.3066762 0.3141388 0.3566352 0.2478916 0.1843943 0.0000000 0.1240310 0.1187045 0.1324032 0.1615654 0.2007150 0.1944002 0.3756203 0.3667956 0.4047371 0.3907702 0.4337476 
taxon9     0.2431399 0.2545684 0.2316726 0.2673401 0.2637422 0.2870718 0.1764219 0.1671145 0.1240310 0.0000000 0.0467285 0.0846554 0.1445578 0.1820635 0.1766982 0.3314579 0.3445113 0.3756488 0.3542882 0.3963948 
taxon10    0.2287778 0.2426214 0.2269693 0.2533569 0.2496478 0.2888291 0.1727102 0.1524696 0.1187045 0.0467285 0.0000000 0.0791081 0.1384591 0.1812327 0.1764320 0.3153670 0.3290953 0.3566987 0.3294419 0.3798868 
taxon11    0.2327133 0.2445679 0.2153790 0.2713898 0.2507405 0.2818674 0.1754122 0.1473866 0.1324032 0.0846554 0.0791081 0.0000000 0.0630444 0.0934413 0.1026139 0.3511507 0.3425930 0.3694079 0.3469351 0.3930972 
taxon12    0.2928159 0.3119749 0.2815509 0.2907688 0.2942097 0.3166626 0.2240403 0.1998592 0.1615654 0.1445578 0.1384591 0.0630444 0.0000000 0.0591705 0.0627313 0.4024108 0.3900377 0.3910657 0.3695172 0.4080243 
taxon13    0.3116031 0.3312235 0.3001975 0.3142850 0.3164875 0.3435212 0.2670927 0.2393521 0.2007150 0.1820635 0.1812327 0.0934413 0.0591705 0.0000000 0.0937488 0.4122825 0.4063129 0.4194153 0.3957350 0.4374311 
taxon14    0.3182448 0.3387090 0.3126069 0.3091827 0.3126869 0.3371570 0.2576161 0.2282735 0.1944002 0.1766982 0.1764320 0.1026139 0.0627313 0.0937488 0.0000000 0.4538870 0.4441419 0.4357440 0.4338656 0.4491874 
taxon15    0.3844915 0.3854217 0.3566046 0.3944275 0.4103704 0.4354104 0.3977715 0.3500690 0.3756203 0.3314579 0.3153670 0.3511507 0.4024108 0.4122825 0.4538870 0.0000000 0.1639986 0.2524674 0.2351324 0.2651836 
taxon16    0.3769899 0.3926343 0.3708055 0.3740495 0.4007675 0.4343595 0.3839680 0.3610752 0.3667956 0.3445113 0.3290953 0.3425930 0.3900377 0.4063129 0.4441419 0.1639986 0.0000000 0.2653917 0.2393492 0.2630714 
taxon17    0.3793574 0.3642740 0.3415891 0.3680875 0.3939731 0.4020649 0.4193976 0.3814376 0.4047371 0.3756488 0.3566987 0.3694079 0.3910657 0.4194153 0.4357440 0.2524674 0.2653917 0.0000000 0.1550972 0.1840181 
taxon18    0.3787339 0.3989950 0.3661946 0.3724773 0.3805302 0.3809321 0.4225910 0.3687238 0.3907702 0.3542882 0.3294419 0.3469351 0.3695172 0.3957350 0.4338656 0.2351324 0.2393492 0.1550972 0.0000000 0.0994317 
taxon19    0.4302762 0.4263376 0.4009006 0.4104421 0.4371757 0.4235226 0.4914795 0.4116840 0.4337476 0.3963948 0.3798868 0.3930972 0.4080243 0.4374311 0.4491874 0.2651836 0.2630714 0.1840181 0.0994317 0.0000000 
