20
taxon0     0.0000000 0.1375085 0.1532851 0.1603843 0.1096676 0.1538712 0.1977585 0.1872593 0.1887118 0.1993656 0.2082304 0.1887164 0.1937955 0.1885717 0.1987249 0.2279000 0.2270221 0.2335252 0.2178970 0.2119305 
taxon1     0.1375085 0.0000000 0.1522328 0.1523334 0.1071079 0.1602717 0.1766538 0.1806355 0.1885794 0.1879335 0.2241903 0.1894062 0.2169652 0.1954603 0.1883693 0.2082260 0.2151980 0.2143344 0.1999686 0.2014237 
taxon2     0.1532851 0.1522328 0.0000000 0.0909941 0.1602352 0.1875746 0.2174926 0.2237440 0.2271930 0.2178151 0.1996757 0.2181953 0.2048289 0.2069246 0.2062865 0.2089438 0.2087164 0.2403416 0.2190167 0.2047542 
taxon3     0.1603843 0.1523334 0.0909941 0.0000000 0.1568790 0.1945797 0.2115673 0.2233454 0.2264998 0.2164807 0.2047108 0.2008309 0.1845907 0.1932034 0.1849542 0.2128587 0.2117772 0.2121854 0.2042049 0.1851961 
taxon4     0.1096676 0.1071079 0.1602352 0.1568790 0.0000000 0.1475631 0.1553364 0.1607909 0.1812095 0.1801370 0.1922260 0.1698436 0.2138966 0.1836663 0.1872568 0.2157813 0.2132503 0.2262153 0.2119495 0.2176444 
taxon5     0.1538712 0.1602717 0.1875746 0.1945797 0.1475631 0.0000000 0.1433903 0.1495257 0.1918265 0.1967580 0.1700619 0.1809749 0.2251247 0.2106148 0.1891362 0.2050965 0.2115251 0.2165321 0.2142782 0.2038712 
taxon6     0.1977585 0.1766538 0.2174926 0.2115673 0.1553364 0.1433903 0.0000000 0.0505960 0.2042564 0.2093646 0.1866665 0.1949798 0.2440359 0.2004038 0.2032788 0.2193341 0.2254640 0.2396176 0.2237457 0.2225582 
taxon7     0.1872593 0.1806355 0.2237440 0.2233454 0.1607909 0.1495257 0.0505960 0.0000000 0.2012254 0.2167221 0.1965854 0.1725722 0.2499318 0.2024439 0.2038999 0.2227180 0.2127024 0.2267994 0.2135802 0.2101265 
taxon8     0.1887118 0.1885794 0.2271930 0.2264998 0.1812095 0.1918265 0.2042564 0.2012254 0.0000000 0.0901016 0.1310133 0.1367776 0.2009416 0.1936599 0.1782614 0.2051145 0.2095040 0.1748506 0.1801469 0.1752678 
taxon9     0.1993656 0.1879335 0.2178151 0.2164807 0.1801370 0.1967580 0.2093646 0.2167221 0.0901016 0.0000000 0.1450506 0.1568904 0.2249967 0.2034110 0.1936560 0.2152350 0.2194158 0.2033722 0.2027892 0.2037179 
taxon10    0.2082304 0.2241903 0.1996757 0.2047108 0.1922260 0.1700619 0.1866665 0.1965854 0.1310133 0.1450506 0.0000000 0.1244109 0.1917625 0.1727216 0.1558223 0.1809462 0.1911922 0.1946331 0.1867706 0.1887574 
taxon11    0.1887164 0.1894062 0.2181953 0.2008309 0.1698436 0.1809749 0.1949798 0.1725722 0.1367776 0.1568904 0.1244109 0.0000000 0.2115412 0.1854450 0.1883097 0.2060326 0.2148582 0.2041804 0.1900945 0.1956008 
taxon12    0.1937955 0.2169652 0.2048289 0.1845907 0.2138966 0.2251247 0.2440359 0.2499318 0.2009416 0.2249967 0.1917625 0.2115412 0.0000000 0.0772437 0.0952993 0.1231897 0.1239276 0.1375267 0.1300272 0.1183049 
taxon13    0.1885717 0.1954603 0.2069246 0.1932034 0.1836663 0.2106148 0.2004038 0.2024439 0.1936599 0.2034110 0.1727216 0.1854450 0.0772437 0.0000000 0.0892722 0.1102089 0.1115871 0.1462112 0.1337103 0.1183662 
taxon14    0.1987249 0.1883693 0.2062865 0.1849542 0.1872568 0.1891362 0.2032788 0.2038999 0.1782614 0.1936560 0.1558223 0.1883097 0.0952993 0.0892722 0.0000000 0.0866130 0.0879063 0.0906847 0.0955962 0.0677487 
taxon15    0.2279000 0.2082260 0.2089438 0.2128587 0.2157813 0.2050965 0.2193341 0.2227180 0.2051145 0.2152350 0.1809462 0.2060326 0.1231897 0.1102089 0.0866130 0.0000000 0.0507472 0.1347853 0.1172648 0.1164238 
taxon16    0.2270221 0.2151980 0.2087164 0.2117772 0.2132503 0.2115251 0.2254640 0.2127024 0.2095040 0.2194158 0.1911922 0.2148582 0.1239276 0.1115871 0.0879063 0.0507472 0.0000000 0.1418910 0.1240941 0.1060213 
taxon17    0.2335252 0.2143344 0.2403416 0.2121854 0.2262153 0.2165321 0.2396176 0.2267994 0.1748506 0.2033722 0.1946331 0.2041804 0.1375267 0.1462112 0.0906847 0.1347853 0.1418910 0.0000000 0.0250291 0.0616011 
taxon18    0.2178970 0.1999686 0.2190167 0.2042049 0.2119495 0.2142782 0.2237457 0.2135802 0.1801469 0.2027892 0.1867706 0.1900945 0.1300272 0.1337103 0.0955962 0.1172648 0.1240941 0.0250291 0.0000000 0.0664654 
taxon19    0.2119305 0.2014237 0.2047542 0.1851961 0.2176444 0.2038712 0.2225582 0.2101265 0.1752678 0.2037179 0.1887574 0.1956008 0.1183049 0.1183662 0.0677487 0.1164238 0.1060213 0.0616011 0.0664654 0.0000000 
