20
taxon0     0.0000000 0.3899396 0.4649067 0.6707148 0.8005932 0.7393154 0.8310646 0.8842750 0.7878702 0.7915587 0.7944720 0.9769774 0.9989099 1.0072964 1.2500592 1.4754940 1.2788897 1.3142854 1.4244558 1.1007252 
taxon1     0.3899396 0.0000000 0.1074609 0.2024422 0.3117549 0.2636482 0.3172904 1.0191745 0.9517568 0.9965613 0.9501027 1.2180749 1.2292577 1.2655788 1.3739838 1.3670507 1.4429393 1.3184025 1.3182659 1.1925402 
taxon2     0.4649067 0.1074609 0.0000000 0.1285194 0.2173375 0.1924428 0.2287078 1.0193066 0.9263481 0.9976692 0.9478474 1.2308854 1.1244927 1.2242455 1.2853803 1.3805836 1.4484056 1.3203794 1.3680160 1.2350431 
taxon3     0.6707148 0.2024422 0.1285194 0.0000000 0.1662762 0.2180233 0.2183119 1.0942136 0.9706219 1.0975163 1.0422138 1.3633981 1.3471929 1.4515599 1.4594464 1.3784462 1.5593434 1.3876286 1.4452848 1.3332412 
taxon4     0.8005932 0.3117549 0.2173375 0.1662762 0.0000000 0.1601619 0.1619075 1.2244539 1.1244810 1.2883619 1.2482027 1.6188594 1.5807273 1.6671759 1.7115747 1.6143458 1.8782466 1.6981047 1.6413012 1.4963355 
taxon5     0.7393154 0.2636482 0.1924428 0.2180233 0.1601619 0.0000000 0.0521694 1.3124979 1.2066107 1.3261185 1.2852085 1.5766416 1.5436142 1.5769631 1.5966054 1.5600973 1.7817938 1.6639975 1.5340228 1.4319695 
taxon6     0.8310646 0.3172904 0.2287078 0.2183119 0.1619075 0.0521694 0.0000000 1.4307551 1.2847156 1.4290635 1.4219954 1.6761317 1.6417097 1.6871883 1.7967328 1.6752556 1.9251675 1.7893396 1.6542438 1.5514410 
taxon7     0.8842750 1.0191745 1.0193066 1.0942136 1.2244539 1.3124979 1.4307551 0.0000000 0.2622950 0.3877156 0.3810600 0.5725577 0.5958266 0.6836163 0.6722062 0.7046457 0.8233707 0.8276448 0.8438405 0.6255264 
taxon8     0.7878702 0.9517568 0.9263481 0.9706219 1.1244810 1.2066107 1.2847156 0.2622950 0.0000000 0.3209469 0.3636132 0.4583357 0.5515266 0.5919813 0.6862460 0.7071279 0.8649063 0.9068393 0.8947705 0.6202443 
taxon9     0.7915587 0.9965613 0.9976692 1.0975163 1.2883619 1.3261185 1.4290635 0.3877156 0.3209469 0.0000000 0.0930194 0.2680254 0.2979441 0.2961582 0.3210401 0.4555850 0.3688997 0.5034164 0.4965705 0.3184548 
taxon10    0.7944720 0.9501027 0.9478474 1.0422138 1.2482027 1.2852085 1.4219954 0.3810600 0.3636132 0.0930194 0.0000000 0.2918069 0.3224958 0.3486944 0.3249557 0.5092689 0.4027407 0.5217190 0.5217981 0.3213979 
taxon11    0.9769774 1.2180749 1.2308854 1.3633981 1.6188594 1.5766416 1.6761317 0.5725577 0.4583357 0.2680254 0.2918069 0.0000000 0.1697239 0.2033679 0.3851115 0.5194377 0.4283433 0.5911188 0.5792015 0.3027931 
taxon12    0.9989099 1.2292577 1.1244927 1.3471929 1.5807273 1.5436142 1.6417097 0.5958266 0.5515266 0.2979441 0.3224958 0.1697239 0.0000000 0.1979650 0.4046498 0.5175593 0.4332404 0.5347034 0.5873279 0.3518571 
taxon13    1.0072964 1.2655788 1.2242455 1.4515599 1.6671759 1.5769631 1.6871883 0.6836163 0.5919813 0.2961582 0.3486944 0.2033679 0.1979650 0.0000000 0.4193334 0.5661176 0.5029979 0.6254619 0.6126439 0.4332026 
taxon14    1.2500592 1.3739838 1.2853803 1.4594464 1.7115747 1.5966054 1.7967328 0.6722062 0.6862460 0.3210401 0.3249557 0.3851115 0.4046498 0.4193334 0.0000000 0.3239166 0.2129976 0.3117973 0.3203029 0.2447520 
taxon15    1.4754940 1.3670507 1.3805836 1.3784462 1.6143458 1.5600973 1.6752556 0.7046457 0.7071279 0.4555850 0.5092689 0.5194377 0.5175593 0.5661176 0.3239166 0.0000000 0.2090134 0.2649714 0.2587708 0.3298505 
taxon16    1.2788897 1.4429393 1.4484056 1.5593434 1.8782466 1.7817938 1.9251675 0.8233707 0.8649063 0.3688997 0.4027407 0.4283433 0.4332404 0.5029979 0.2129976 0.2090134 0.0000000 0.1697398 0.1535763 0.2772764 
taxon17    1.3142854 1.3184025 1.3203794 1.3876286 1.6981047 1.6639975 1.7893396 0.8276448 0.9068393 0.5034164 0.5217190 0.5911188 0.5347034 0.6254619 0.3117973 0.2649714 0.1697398 0.0000000 0.1394600 0.3746713 
taxon18    1.4244558 1.3182659 1.3680160 1.4452848 1.6413012 1.5340228 1.6542438 0.8438405 0.8947705 0.4965705 0.5217981 0.5792015 0.5873279 0.6126439 0.3203029 0.2587708 0.1535763 0.1394600 0.0000000 0.3706392 
taxon19    1.1007252 1.1925402 1.2350431 1.3332412 1.4963355 1.4319695 1.5514410 0.6255264 0.6202443 0.3184548 0.3213979 0.3027931 0.3518571 0.4332026 0.2447520 0.3298505 0.2772764 0.3746713 0.3706392 0.0000000 
