20
taxon0     0.0000000 0.0154536 0.0154109 0.0259319 0.0155015 0.1058381 0.0994738 0.1049732 0.1161493 0.1098774 0.0987623 0.0869138 0.0993561 0.0877633 0.0820597 0.0995092 0.0933579 0.0933579 0.0988998 0.1164899 
taxon1     0.0154536 0.0000000 0.0102167 0.0364123 0.0259114 0.1117958 0.1053646 0.1108897 0.1168968 0.1272295 0.1160090 0.1039054 0.1052455 0.1049218 0.0991321 0.1168851 0.1105764 0.1105764 0.1161675 0.1340508 
taxon2     0.0154109 0.0102167 0.0000000 0.0363109 0.0258394 0.1114629 0.1050539 0.1105625 0.1217538 0.1268550 0.1156680 0.1036027 0.1049353 0.1046133 0.0988414 0.1165390 0.1102510 0.1102510 0.1158256 0.1336528 
taxon3     0.0259319 0.0364123 0.0363109 0.0000000 0.0102809 0.1292718 0.1226773 0.1234396 0.1347872 0.1283116 0.1218307 0.1096377 0.1055438 0.1058634 0.1000328 0.1057075 0.1115558 0.1115558 0.1171826 0.1227783 
taxon4     0.0155015 0.0259114 0.0258394 0.0102809 0.0000000 0.1175888 0.1111039 0.1166457 0.1278999 0.1215166 0.1103231 0.0982952 0.0989598 0.0992571 0.0934918 0.0991117 0.1048960 0.1048960 0.1104748 0.1160251 
taxon5     0.1058381 0.1117958 0.1114629 0.1292718 0.1175888 0.0000000 0.0051676 0.0367572 0.0478363 0.0529692 0.0423261 0.0314381 0.0476883 0.0475429 0.0421516 0.0585522 0.0528859 0.0528859 0.0582027 0.0747658 
taxon6     0.0994738 0.1053646 0.1050539 0.1226773 0.1111039 0.0051676 0.0000000 0.0312524 0.0421789 0.0472908 0.0367372 0.0259876 0.0420500 0.0419223 0.0365872 0.0528041 0.0472176 0.0472176 0.0524909 0.0688751 
taxon7     0.1049732 0.1108897 0.1105625 0.1234396 0.1166457 0.0367572 0.0312524 0.0000000 0.0260525 0.0311577 0.0421533 0.0313081 0.0313399 0.0259738 0.0259708 0.0419759 0.0364939 0.0364939 0.0417278 0.0525101 
taxon8     0.1161493 0.1168968 0.1217538 0.1347872 0.1278999 0.0478363 0.0421789 0.0260525 0.0000000 0.0153626 0.0367499 0.0259944 0.0475651 0.0420466 0.0420420 0.0584035 0.0527509 0.0527509 0.0580557 0.0690775 
taxon9     0.1098774 0.1272295 0.1268550 0.1283116 0.1215166 0.0529692 0.0472908 0.0311577 0.0153626 0.0000000 0.0312933 0.0206601 0.0526706 0.0365517 0.0365477 0.0527465 0.0471664 0.0471664 0.0416962 0.0524701 
taxon10    0.0987623 0.1160090 0.1156680 0.1218307 0.1103231 0.0423261 0.0367372 0.0421533 0.0367499 0.0312933 0.0000000 0.0103175 0.0531719 0.0422748 0.0368947 0.0532493 0.0476142 0.0476142 0.0529310 0.0694541 
taxon11    0.0869138 0.1039054 0.1036027 0.1096377 0.0982952 0.0314381 0.0259876 0.0313081 0.0259944 0.0206601 0.0103175 0.0000000 0.0421243 0.0313997 0.0260995 0.0421847 0.0366747 0.0366747 0.0419342 0.0581933 
taxon12    0.0993561 0.1052455 0.1049353 0.1055438 0.0989598 0.0476883 0.0420500 0.0313399 0.0475651 0.0526706 0.0531719 0.0421243 0.0000000 0.0205007 0.0153361 0.0102172 0.0153654 0.0153654 0.0204978 0.0256274 
taxon13    0.0877633 0.1049218 0.1046133 0.1058634 0.0992571 0.0475429 0.0419223 0.0259738 0.0420466 0.0365517 0.0422748 0.0313997 0.0205007 0.0000000 0.0050799 0.0205291 0.0152993 0.0152993 0.0204097 0.0255810 
taxon14    0.0820597 0.0991321 0.0988414 0.1000328 0.0934918 0.0421516 0.0365872 0.0259708 0.0420420 0.0365477 0.0368947 0.0260995 0.0153361 0.0050799 0.0000000 0.0153572 0.0101734 0.0101734 0.0152680 0.0308162 
taxon15    0.0995092 0.1168851 0.1165390 0.1057075 0.0991117 0.0585522 0.0528041 0.0419759 0.0584035 0.0527465 0.0532493 0.0421847 0.0102172 0.0205291 0.0153572 0.0000000 0.0050977 0.0050977 0.0102005 0.0153035 
taxon16    0.0933579 0.1105764 0.1102510 0.1115558 0.1048960 0.0528859 0.0472176 0.0364939 0.0527509 0.0471664 0.0476142 0.0366747 0.0153654 0.0152993 0.0101734 0.0050977 0.0000000 0.0000010 0.0050675 0.0204575 
taxon17    0.0933579 0.1105764 0.1102510 0.1115558 0.1048960 0.0528859 0.0472176 0.0364939 0.0527509 0.0471664 0.0476142 0.0366747 0.0153654 0.0152993 0.0101734 0.0050977 0.0000010 0.0000000 0.0050675 0.0204575 
taxon18    0.0988998 0.1161675 0.1158256 0.1171826 0.1104748 0.0582027 0.0524909 0.0417278 0.0580557 0.0416962 0.0529310 0.0419342 0.0204978 0.0204097 0.0152680 0.0102005 0.0050675 0.0050675 0.0000000 0.0152606 
taxon19    0.1164899 0.1340508 0.1336528 0.1227783 0.1160251 0.0747658 0.0688751 0.0525101 0.0690775 0.0524701 0.0694541 0.0581933 0.0256274 0.0255810 0.0308162 0.0153035 0.0204575 0.0204575 0.0152606 0.0000000 
