20
taxon0     0.0000000 0.1678524 0.1686059 0.1743680 0.1932076 0.1893130 0.2303494 0.1904512 0.2713572 0.2831858 0.3088154 0.2847059 0.3043519 0.2912794 0.3109621 0.3032592 0.3164088 0.3109270 0.2872869 0.2628736 
taxon1     0.1678524 0.0000000 0.0777500 0.1928225 0.2142385 0.2057106 0.2086541 0.1762675 0.2672119 0.2604081 0.2730454 0.2815379 0.2714702 0.2553341 0.2683576 0.2610539 0.3005803 0.2683665 0.2602139 0.2599199 
taxon2     0.1686059 0.0777500 0.0000000 0.1831529 0.2090406 0.1899153 0.2360382 0.1899809 0.2858550 0.2691186 0.2840581 0.2954536 0.2850607 0.2700393 0.2803255 0.2886156 0.3199339 0.2945389 0.2537288 0.2525506 
taxon3     0.1743680 0.1928225 0.1831529 0.0000000 0.0881592 0.0513278 0.1528088 0.0999377 0.2951598 0.2688162 0.3036695 0.2924746 0.2953980 0.2817569 0.3003954 0.2965300 0.3307482 0.3031979 0.2718143 0.2720345 
taxon4     0.1932076 0.2142385 0.2090406 0.0881592 0.0000000 0.0672765 0.1696805 0.1198591 0.2994428 0.2569890 0.3094986 0.3121765 0.2830106 0.2753572 0.2926520 0.2891347 0.3147404 0.2884742 0.2677785 0.2593919 
taxon5     0.1893130 0.2057106 0.1899153 0.0513278 0.0672765 0.0000000 0.1500234 0.1007374 0.2962978 0.2698617 0.2928853 0.2959926 0.2731162 0.2600579 0.2876148 0.2839190 0.3148900 0.2904616 0.2624946 0.2528001 
taxon6     0.2303494 0.2086541 0.2360382 0.1528088 0.1696805 0.1500234 0.0000000 0.1156230 0.2900452 0.3058456 0.3494873 0.3697646 0.3556377 0.3406990 0.3231325 0.2996597 0.3518325 0.3367345 0.3371095 0.3350352 
taxon7     0.1904512 0.1762675 0.1899809 0.0999377 0.1198591 0.1007374 0.1156230 0.0000000 0.2778209 0.2508752 0.3040184 0.3073816 0.3026226 0.2887159 0.2810300 0.2838914 0.3384583 0.2997768 0.2809687 0.2835884 
taxon8     0.2713572 0.2672119 0.2858550 0.2951598 0.2994428 0.2962978 0.2900452 0.2778209 0.0000000 0.0662655 0.1452001 0.1433048 0.1547564 0.1313568 0.1998026 0.1819583 0.2161439 0.2035353 0.1904819 0.1911625 
taxon9     0.2831858 0.2604081 0.2691186 0.2688162 0.2569890 0.2698617 0.3058456 0.2508752 0.0662655 0.0000000 0.1238846 0.1239781 0.1351466 0.1123706 0.1694845 0.1779144 0.2058882 0.1915230 0.1702977 0.1821520 
taxon10    0.3088154 0.2730454 0.2840581 0.3036695 0.3094986 0.2928853 0.3494873 0.3040184 0.1452001 0.1238846 0.0000000 0.0721978 0.0766754 0.0602758 0.1524612 0.1670483 0.2000520 0.1750288 0.1494043 0.1609875 
taxon11    0.2847059 0.2815379 0.2954536 0.2924746 0.3121765 0.2959926 0.3697646 0.3073816 0.1433048 0.1239781 0.0721978 0.0000000 0.0409039 0.0251278 0.1728196 0.1874649 0.2017321 0.2007995 0.1590023 0.1645108 
taxon12    0.3043519 0.2714702 0.2850607 0.2953980 0.2830106 0.2731162 0.3556377 0.3026226 0.1547564 0.1351466 0.0766754 0.0409039 0.0000000 0.0246050 0.1707357 0.1842993 0.1872650 0.1865187 0.1587483 0.1563889 
taxon13    0.2912794 0.2553341 0.2700393 0.2817569 0.2753572 0.2600579 0.3406990 0.2887159 0.1313568 0.1123706 0.0602758 0.0251278 0.0246050 0.0000000 0.1520421 0.1665534 0.1802025 0.1794556 0.1402573 0.1441351 
taxon14    0.3109621 0.2683576 0.2803255 0.3003954 0.2926520 0.2876148 0.3231325 0.2810300 0.1998026 0.1694845 0.1524612 0.1728196 0.1707357 0.1520421 0.0000000 0.0717286 0.0966662 0.0954752 0.0819886 0.0830756 
taxon15    0.3032592 0.2610539 0.2886156 0.2965300 0.2891347 0.2839190 0.2996597 0.2838914 0.1819583 0.1779144 0.1670483 0.1874649 0.1842993 0.1665534 0.0717286 0.0000000 0.0946390 0.0771653 0.1083325 0.1066989 
taxon16    0.3164088 0.3005803 0.3199339 0.3307482 0.3147404 0.3148900 0.3518325 0.3384583 0.2161439 0.2058882 0.2000520 0.2017321 0.1872650 0.1802025 0.0966662 0.0946390 0.0000000 0.0668496 0.1372027 0.1208374 
taxon17    0.3109270 0.2683665 0.2945389 0.3031979 0.2884742 0.2904616 0.3367345 0.2997768 0.2035353 0.1915230 0.1750288 0.2007995 0.1865187 0.1794556 0.0954752 0.0771653 0.0668496 0.0000000 0.1154730 0.1260049 
taxon18    0.2872869 0.2602139 0.2537288 0.2718143 0.2677785 0.2624946 0.3371095 0.2809687 0.1904819 0.1702977 0.1494043 0.1590023 0.1587483 0.1402573 0.0819886 0.1083325 0.1372027 0.1154730 0.0000000 0.0606326 
taxon19    0.2628736 0.2599199 0.2525506 0.2720345 0.2593919 0.2528001 0.3350352 0.2835884 0.1911625 0.1821520 0.1609875 0.1645108 0.1563889 0.1441351 0.0830756 0.1066989 0.1208374 0.1260049 0.0606326 0.0000000 
