20
taxon0     0.0000000 0.0257973 0.0151998 0.0360097 0.0308147 0.0686213 0.1099377 0.0799102 0.0744329 0.0800592 0.0690671 0.2539934 0.2958995 0.2965860 0.2797696 0.2750087 0.2987923 0.2838357 0.2690669 0.2690669 
taxon1     0.0257973 0.0000000 0.0155195 0.0524102 0.0470930 0.0860397 0.1287824 0.0976920 0.0920808 0.0927526 0.0866066 0.2613580 0.3036294 0.3043975 0.2874011 0.2730871 0.2966841 0.2914943 0.2765821 0.2765821 
taxon2     0.0151998 0.0155195 0.0000000 0.0411797 0.0359727 0.0739468 0.1155031 0.0852931 0.0798007 0.0743011 0.0744271 0.2603111 0.3024256 0.3031791 0.2862510 0.2758182 0.2996252 0.2903301 0.2754756 0.2754756 
taxon3     0.0360097 0.0524102 0.0411797 0.0000000 0.0050442 0.0852722 0.1276585 0.0850485 0.0795713 0.0852068 0.0742125 0.2595686 0.3015708 0.3099195 0.2928670 0.2880000 0.3120731 0.2969630 0.2820120 0.2820120 
taxon4     0.0308147 0.0470930 0.0359727 0.0050442 0.0000000 0.0798066 0.1219005 0.0795962 0.0741401 0.0797442 0.0687948 0.2529683 0.2947067 0.3029409 0.2860259 0.2812176 0.3051198 0.2901024 0.2752589 0.2752589 
taxon5     0.0686213 0.0860397 0.0739468 0.0852722 0.0798066 0.0000000 0.0370002 0.0205288 0.0153671 0.0311252 0.0206585 0.2630144 0.3056445 0.3216561 0.3041790 0.2992866 0.3239234 0.3083571 0.2783785 0.2783785 
taxon6     0.1099377 0.1287824 0.1155031 0.1276585 0.1219005 0.0370002 0.0000000 0.0476487 0.0422753 0.0587350 0.0478459 0.2964642 0.3410810 0.3581070 0.3302462 0.3344088 0.3603022 0.3440161 0.3052691 0.3052691 
taxon7     0.0799102 0.0976920 0.0852931 0.0850485 0.0795962 0.0205288 0.0476487 0.0000000 0.0050608 0.0310407 0.0206020 0.2472836 0.2889581 0.3044946 0.2874841 0.2827648 0.3068023 0.2915805 0.2622845 0.2622845 
taxon8     0.0744329 0.0920808 0.0798007 0.0795713 0.0741401 0.0153671 0.0422753 0.0050608 0.0000000 0.0258169 0.0154217 0.2406210 0.2820146 0.2973993 0.2805337 0.2758752 0.2997316 0.2846100 0.2555136 0.2555136 
taxon9     0.0800592 0.0927526 0.0743011 0.0852068 0.0797442 0.0311252 0.0587350 0.0310407 0.0258169 0.0000000 0.0101997 0.2696466 0.3125456 0.3287095 0.3110885 0.3002692 0.3249532 0.3152907 0.2851155 0.2851155 
taxon10    0.0690671 0.0866066 0.0744271 0.0742125 0.0687948 0.0206585 0.0478459 0.0206020 0.0154217 0.0101997 0.0000000 0.2559004 0.2981962 0.3140304 0.2967233 0.2917738 0.3161913 0.3008732 0.2711349 0.2711349 
taxon11    0.2539934 0.2613580 0.2603111 0.2595686 0.2529683 0.2630144 0.2964642 0.2472836 0.2406210 0.2696466 0.2559004 0.0000000 0.0263729 0.0419403 0.0526292 0.0716699 0.0886880 0.0713319 0.0650889 0.0650889 
taxon12    0.2958995 0.3036294 0.3024256 0.3015708 0.2947067 0.3056445 0.3410810 0.2889581 0.2820146 0.3125456 0.2981962 0.0263729 0.0000000 0.0716777 0.0829029 0.1038966 0.1217014 0.1034237 0.0965989 0.0965989 
taxon13    0.2965860 0.3043975 0.3031791 0.3099195 0.3029409 0.3216561 0.3581070 0.3044946 0.2973993 0.3287095 0.3140304 0.0419403 0.0716777 0.0000000 0.0202782 0.0480734 0.0588750 0.0478412 0.0420380 0.0420380 
taxon14    0.2797696 0.2874011 0.2862510 0.2928670 0.2860259 0.3041790 0.3302462 0.2874841 0.2805337 0.3110885 0.2967233 0.0526292 0.0829029 0.0202782 0.0000000 0.0476321 0.0583348 0.0474039 0.0416573 0.0416573 
taxon15    0.2750087 0.2730871 0.2758182 0.2880000 0.2812176 0.2992866 0.3344088 0.2827648 0.2758752 0.3002692 0.2917738 0.0716699 0.1038966 0.0480734 0.0476321 0.0000000 0.0202149 0.0361015 0.0359904 0.0359904 
taxon16    0.2987923 0.2966841 0.2996252 0.3120731 0.3051198 0.3239234 0.3603022 0.3068023 0.2997316 0.3249532 0.3161913 0.0886880 0.1217014 0.0588750 0.0583348 0.0202149 0.0000000 0.0468750 0.0517447 0.0517447 
taxon17    0.2838357 0.2914943 0.2903301 0.2969630 0.2901024 0.3083571 0.3440161 0.2915805 0.2846100 0.3152907 0.3008732 0.0713319 0.1034237 0.0478412 0.0474039 0.0361015 0.0468750 0.0000000 0.0358172 0.0358172 
taxon18    0.2690669 0.2765821 0.2754756 0.2820120 0.2752589 0.2783785 0.3052691 0.2622845 0.2555136 0.2851155 0.2711349 0.0650889 0.0965989 0.0420380 0.0416573 0.0359904 0.0517447 0.0358172 0.0000000 0.0000010 
taxon19    0.2690669 0.2765821 0.2754756 0.2820120 0.2752589 0.2783785 0.3052691 0.2622845 0.2555136 0.2851155 0.2711349 0.0650889 0.0965989 0.0420380 0.0416573 0.0359904 0.0517447 0.0358172 0.0000010 0.0000000 
