20
taxon0     0.0000000 0.1167383 0.1652855 0.1834767 0.3006637 0.2537768 0.2022754 0.3095137 0.3843623 0.5174939 0.5358335 0.4727865 0.4726768 0.4963008 0.4717635 0.4662103 0.5381295 0.5239562 0.5706488 0.5528130 
taxon1     0.1167383 0.0000000 0.1491705 0.1509544 0.2873228 0.2328950 0.2230189 0.3307119 0.3777931 0.5287869 0.5377036 0.4965220 0.4468560 0.4489064 0.4548959 0.4755549 0.5632601 0.5647805 0.5969635 0.5960439 
taxon2     0.1652855 0.1491705 0.0000000 0.1722629 0.2808181 0.2273767 0.2926788 0.3795967 0.4426044 0.5817457 0.5900207 0.5560580 0.5027251 0.5404802 0.5057386 0.5620362 0.5827341 0.5837421 0.6371253 0.6179303 
taxon3     0.1834767 0.1509544 0.1722629 0.0000000 0.1739234 0.1241675 0.2635814 0.3553044 0.4162799 0.5591280 0.5550870 0.5533500 0.5002581 0.5143118 0.5127916 0.5286781 0.5965141 0.5694000 0.5883105 0.6066519 
taxon4     0.3006637 0.2873228 0.2808181 0.1739234 0.0000000 0.1208744 0.4001184 0.3708590 0.5272270 0.5604477 0.5863602 0.5631234 0.6167268 0.6007662 0.5578245 0.5722993 0.5752017 0.5333923 0.5479179 0.5648124 
taxon5     0.2537768 0.2328950 0.2273767 0.1241675 0.1208744 0.0000000 0.3470614 0.4020883 0.4467703 0.5579948 0.5806517 0.5403461 0.5309733 0.5576116 0.5296183 0.5453115 0.6115396 0.5594689 0.5989391 0.6012572 
taxon6     0.2022754 0.2230189 0.2926788 0.2635814 0.4001184 0.3470614 0.0000000 0.1797972 0.3172009 0.4455028 0.4826683 0.4495345 0.4224234 0.4179852 0.4079156 0.4068937 0.4925758 0.5118179 0.5114662 0.5160643 
taxon7     0.3095137 0.3307119 0.3795967 0.3553044 0.3708590 0.4020883 0.1797972 0.0000000 0.4266884 0.5075407 0.5194687 0.5055403 0.5228781 0.5094355 0.4695578 0.4872993 0.4427189 0.4797280 0.4903401 0.4662131 
taxon8     0.3843623 0.3777931 0.4426044 0.4162799 0.5272270 0.4467703 0.3172009 0.4266884 0.0000000 0.2082299 0.2118855 0.1932208 0.2419726 0.2568933 0.2234353 0.2379075 0.3491373 0.3610572 0.4179691 0.4289483 
taxon9     0.5174939 0.5287869 0.5817457 0.5591280 0.5604477 0.5579948 0.4455028 0.5075407 0.2082299 0.0000000 0.1835691 0.1659090 0.3619165 0.3308391 0.3278293 0.3563007 0.3919163 0.3768025 0.4223386 0.4210818 
taxon10    0.5358335 0.5377036 0.5900207 0.5550870 0.5863602 0.5806517 0.4826683 0.5194687 0.2118855 0.1835691 0.0000000 0.1400298 0.3784270 0.3731862 0.3309590 0.3678180 0.4138521 0.3968245 0.4282148 0.4455738 
taxon11    0.4727865 0.4965220 0.5560580 0.5533500 0.5631234 0.5403461 0.4495345 0.5055403 0.1932208 0.1659090 0.1400298 0.0000000 0.3481582 0.3680258 0.3315178 0.3454622 0.3920659 0.3751058 0.4098406 0.4289596 
taxon12    0.4726768 0.4468560 0.5027251 0.5002581 0.6167268 0.5309733 0.4224234 0.5228781 0.2419726 0.3619165 0.3784270 0.3481582 0.0000000 0.1691783 0.1460496 0.1727761 0.2830041 0.3206817 0.3712863 0.3901626 
taxon13    0.4963008 0.4489064 0.5404802 0.5143118 0.6007662 0.5576116 0.4179852 0.5094355 0.2568933 0.3308391 0.3731862 0.3680258 0.1691783 0.0000000 0.1281023 0.1635324 0.2263967 0.2584380 0.2823610 0.3087595 
taxon14    0.4717635 0.4548959 0.5057386 0.5127916 0.5578245 0.5296183 0.4079156 0.4695578 0.2234353 0.3278293 0.3309590 0.3315178 0.1460496 0.1281023 0.0000000 0.0953102 0.1644809 0.1926807 0.2403443 0.2439289 
taxon15    0.4662103 0.4755549 0.5620362 0.5286781 0.5722993 0.5453115 0.4068937 0.4872993 0.2379075 0.3563007 0.3678180 0.3454622 0.1727761 0.1635324 0.0953102 0.0000000 0.1752692 0.1958307 0.2449973 0.2568122 
taxon16    0.5381295 0.5632601 0.5827341 0.5965141 0.5752017 0.6115396 0.4925758 0.4427189 0.3491373 0.3919163 0.4138521 0.3920659 0.2830041 0.2263967 0.1644809 0.1752692 0.0000000 0.0874369 0.1323108 0.1322505 
taxon17    0.5239562 0.5647805 0.5837421 0.5694000 0.5333923 0.5594689 0.5118179 0.4797280 0.3610572 0.3768025 0.3968245 0.3751058 0.3206817 0.2584380 0.1926807 0.1958307 0.0874369 0.0000000 0.0760585 0.0704427 
taxon18    0.5706488 0.5969635 0.6371253 0.5883105 0.5479179 0.5989391 0.5114662 0.4903401 0.4179691 0.4223386 0.4282148 0.4098406 0.3712863 0.2823610 0.2403443 0.2449973 0.1323108 0.0760585 0.0000000 0.0545124 
taxon19    0.5528130 0.5960439 0.6179303 0.6066519 0.5648124 0.6012572 0.5160643 0.4662131 0.4289483 0.4210818 0.4455738 0.4289596 0.3901626 0.3087595 0.2439289 0.2568122 0.1322505 0.0704427 0.0545124 0.0000000 
