20
taxon0     0.0000000 0.2063077 0.1854642 0.3241741 0.4086985 0.4553344 0.4257244 0.4429428 0.3539881 0.4015130 0.4051610 0.4214276 0.4447207 0.5088078 0.5108007 0.5386269 0.4561049 0.4122729 0.4588570 0.5280265 
taxon1     0.2063077 0.0000000 0.1168993 0.3805240 0.4856700 0.5131335 0.5056359 0.5028683 0.3931840 0.5109991 0.4850783 0.5058667 0.4934096 0.5465558 0.5452835 0.5467232 0.5403403 0.4777969 0.5071590 0.5547462 
taxon2     0.1854642 0.1168993 0.0000000 0.3648190 0.4363190 0.4634713 0.4561968 0.4435893 0.3590675 0.4677937 0.4622269 0.4808355 0.4664247 0.5191795 0.5077669 0.5278166 0.4947365 0.4331232 0.4631966 0.5141263 
taxon3     0.3241741 0.3805240 0.3648190 0.0000000 0.1770351 0.2403595 0.2491176 0.2971682 0.2268402 0.4772252 0.4517764 0.4775974 0.5197767 0.5794524 0.5353549 0.5440863 0.5216496 0.4631541 0.4961878 0.5464195 
taxon4     0.4086985 0.4856700 0.4363190 0.1770351 0.0000000 0.1642040 0.1608000 0.3484239 0.2873943 0.5111139 0.4989015 0.5066230 0.5215439 0.6224006 0.5758943 0.6039788 0.5631854 0.5064861 0.5495717 0.6059504 
taxon5     0.4553344 0.5131335 0.4634713 0.2403595 0.1642040 0.0000000 0.1150427 0.3777955 0.3689453 0.6178826 0.5745490 0.5962522 0.5794642 0.6395889 0.6097508 0.6023989 0.6207873 0.5680413 0.6020304 0.6561960 
taxon6     0.4257244 0.5056359 0.4561968 0.2491176 0.1608000 0.1150427 0.0000000 0.4059387 0.3476320 0.5812874 0.5523451 0.5656319 0.5678765 0.6348253 0.5994170 0.6037751 0.6155398 0.5483746 0.6187430 0.6848565 
taxon7     0.4429428 0.5028683 0.4435893 0.2971682 0.3484239 0.3777955 0.4059387 0.0000000 0.1733620 0.5938674 0.5674433 0.6177590 0.6078251 0.6332419 0.6192989 0.6398263 0.5730452 0.5239325 0.5582325 0.6127059 
taxon8     0.3539881 0.3931840 0.3590675 0.2268402 0.2873943 0.3689453 0.3476320 0.1733620 0.0000000 0.4901509 0.4967822 0.5234183 0.5301089 0.5939587 0.5691865 0.5843061 0.5460781 0.4679096 0.5230944 0.5986595 
taxon9     0.4015130 0.5109991 0.4677937 0.4772252 0.5111139 0.6178826 0.5812874 0.5938674 0.4901509 0.0000000 0.1552434 0.1719622 0.3456670 0.4456707 0.4286369 0.4405969 0.3723588 0.3335620 0.3836821 0.4335872 
taxon10    0.4051610 0.4850783 0.4622269 0.4517764 0.4989015 0.5745490 0.5523451 0.5674433 0.4967822 0.1552434 0.0000000 0.0826129 0.3301188 0.4384132 0.3944842 0.4091312 0.3578993 0.3295071 0.3672229 0.4066767 
taxon11    0.4214276 0.5058667 0.4808355 0.4775974 0.5066230 0.5962522 0.5656319 0.6177590 0.5234183 0.1719622 0.0826129 0.0000000 0.3613579 0.4629124 0.4044941 0.4321182 0.3818542 0.3454233 0.3946126 0.4481871 
taxon12    0.4447207 0.4934096 0.4664247 0.5197767 0.5215439 0.5794642 0.5678765 0.6078251 0.5301089 0.3456670 0.3301188 0.3613579 0.0000000 0.1863170 0.1569007 0.1781779 0.2846152 0.2143638 0.2539529 0.3053443 
taxon13    0.5088078 0.5465558 0.5191795 0.5794524 0.6224006 0.6395889 0.6348253 0.6332419 0.5939587 0.4456707 0.4384132 0.4629124 0.1863170 0.0000000 0.1385944 0.1362923 0.3479943 0.2988727 0.3348852 0.4140354 
taxon14    0.5108007 0.5452835 0.5077669 0.5353549 0.5758943 0.6097508 0.5994170 0.6192989 0.5691865 0.4286369 0.3944842 0.4044941 0.1569007 0.1385944 0.0000000 0.0896170 0.3409518 0.2757396 0.3243638 0.3860647 
taxon15    0.5386269 0.5467232 0.5278166 0.5440863 0.6039788 0.6023989 0.6037751 0.6398263 0.5843061 0.4405969 0.4091312 0.4321182 0.1781779 0.1362923 0.0896170 0.0000000 0.3464428 0.2895911 0.3301756 0.3733532 
taxon16    0.4561049 0.5403403 0.4947365 0.5216496 0.5631854 0.6207873 0.6155398 0.5730452 0.5460781 0.3723588 0.3578993 0.3818542 0.2846152 0.3479943 0.3409518 0.3464428 0.0000000 0.0887846 0.1662169 0.2198940 
taxon17    0.4122729 0.4777969 0.4331232 0.4631541 0.5064861 0.5680413 0.5483746 0.5239325 0.4679096 0.3335620 0.3295071 0.3454233 0.2143638 0.2988727 0.2757396 0.2895911 0.0887846 0.0000000 0.1164280 0.1658628 
taxon18    0.4588570 0.5071590 0.4631966 0.4961878 0.5495717 0.6020304 0.6187430 0.5582325 0.5230944 0.3836821 0.3672229 0.3946126 0.2539529 0.3348852 0.3243638 0.3301756 0.1662169 0.1164280 0.0000000 0.1288574 
taxon19    0.5280265 0.5547462 0.5141263 0.5464195 0.6059504 0.6561960 0.6848565 0.6127059 0.5986595 0.4335872 0.4066767 0.4481871 0.3053443 0.4140354 0.3860647 0.3733532 0.2198940 0.1658628 0.1288574 0.0000000 
