20
taxon0     0.0000000 0.1865245 0.4533371 0.5323610 0.5300542 0.5362790 0.4149073 0.4525040 0.4916228 0.4751906 0.5424126 0.5610984 0.5590384 0.6027499 0.6696984 0.5840693 0.6191974 0.6456679 0.5858849 0.5771949 
taxon1     0.1865245 0.0000000 0.4890413 0.5224594 0.5026465 0.5043330 0.4194994 0.4665727 0.4875805 0.4949971 0.5410436 0.5486042 0.5287891 0.5838934 0.6510005 0.6176769 0.6008523 0.6327150 0.5842268 0.5540298 
taxon2     0.4533371 0.4890413 0.0000000 0.2617123 0.3014128 0.3208766 0.3765318 0.3966988 0.3987784 0.4056697 0.4366389 0.4381052 0.5171263 0.5404954 0.6299600 0.6181509 0.6151523 0.6053019 0.5553103 0.5545806 
taxon3     0.5323610 0.5224594 0.2617123 0.0000000 0.1475203 0.1550569 0.4719850 0.4630519 0.5095848 0.5067901 0.6063640 0.5911463 0.6089345 0.6304735 0.7221461 0.7052848 0.6989204 0.6819944 0.6358547 0.6354263 
taxon4     0.5300542 0.5026465 0.3014128 0.1475203 0.0000000 0.1254266 0.4852681 0.4769923 0.5367740 0.5356171 0.6157826 0.5957837 0.5869089 0.6024880 0.6460597 0.6542729 0.6749346 0.6551637 0.6140012 0.6111782 
taxon5     0.5362790 0.5043330 0.3208766 0.1550569 0.1254266 0.0000000 0.4767003 0.4606558 0.5158947 0.5321331 0.6199563 0.6001868 0.5900538 0.6217566 0.6479145 0.6781669 0.6803605 0.6571777 0.6328968 0.6205978 
taxon6     0.4149073 0.4194994 0.3765318 0.4719850 0.4852681 0.4767003 0.0000000 0.1012755 0.1277938 0.1558646 0.2820592 0.2715854 0.2636037 0.2606246 0.3944234 0.3920251 0.3989916 0.3870173 0.2890548 0.3083758 
taxon7     0.4525040 0.4665727 0.3966988 0.4630519 0.4769923 0.4606558 0.1012755 0.0000000 0.1850890 0.2090352 0.3135562 0.3121932 0.2949791 0.3130442 0.3959444 0.4128629 0.4143584 0.4043760 0.3284588 0.3472063 
taxon8     0.4916228 0.4875805 0.3987784 0.5095848 0.5367740 0.5158947 0.1277938 0.1850890 0.0000000 0.0608788 0.2728007 0.2704290 0.2498766 0.2907212 0.4195039 0.4120912 0.4227527 0.4196231 0.3256112 0.3218851 
taxon9     0.4751906 0.4949971 0.4056697 0.5067901 0.5356171 0.5321331 0.1558646 0.2090352 0.0608788 0.0000000 0.3104094 0.3149628 0.2740600 0.3133925 0.4173531 0.4165771 0.4186284 0.4065225 0.3421307 0.3585007 
taxon10    0.5424126 0.5410436 0.4366389 0.6063640 0.6157826 0.6199563 0.2820592 0.3135562 0.2728007 0.3104094 0.0000000 0.0739615 0.1936358 0.1988716 0.3252038 0.3149984 0.3120417 0.3107616 0.2271005 0.2661707 
taxon11    0.5610984 0.5486042 0.4381052 0.5911463 0.5957837 0.6001868 0.2715854 0.3121932 0.2704290 0.3149628 0.0739615 0.0000000 0.1905159 0.1898177 0.3212302 0.3078807 0.3068769 0.3055689 0.2237746 0.2605300 
taxon12    0.5590384 0.5287891 0.5171263 0.6089345 0.5869089 0.5900538 0.2636037 0.2949791 0.2498766 0.2740600 0.1936358 0.1905159 0.0000000 0.1457835 0.2764518 0.2996829 0.2765812 0.2799071 0.1944280 0.2154424 
taxon13    0.6027499 0.5838934 0.5404954 0.6304735 0.6024880 0.6217566 0.2606246 0.3130442 0.2907212 0.3133925 0.1988716 0.1898177 0.1457835 0.0000000 0.1924674 0.2179412 0.1959079 0.1985036 0.1475958 0.1798557 
taxon14    0.6696984 0.6510005 0.6299600 0.7221461 0.6460597 0.6479145 0.3944234 0.3959444 0.4195039 0.4173531 0.3252038 0.3212302 0.2764518 0.1924674 0.0000000 0.2385240 0.2205786 0.2246055 0.2852183 0.2759959 
taxon15    0.5840693 0.6176769 0.6181509 0.7052848 0.6542729 0.6781669 0.3920251 0.4128629 0.4120912 0.4165771 0.3149984 0.3078807 0.2996829 0.2179412 0.2385240 0.0000000 0.1417761 0.1506879 0.2714020 0.3058185 
taxon16    0.6191974 0.6008523 0.6151523 0.6989204 0.6749346 0.6803605 0.3989916 0.4143584 0.4227527 0.4186284 0.3120417 0.3068769 0.2765812 0.1959079 0.2205786 0.1417761 0.0000000 0.0515461 0.2489611 0.2721789 
taxon17    0.6456679 0.6327150 0.6053019 0.6819944 0.6551637 0.6571777 0.3870173 0.4043760 0.4196231 0.4065225 0.3107616 0.3055689 0.2799071 0.1985036 0.2246055 0.1506879 0.0515461 0.0000000 0.2422938 0.2756795 
taxon18    0.5858849 0.5842268 0.5553103 0.6358547 0.6140012 0.6328968 0.2890548 0.3284588 0.3256112 0.3421307 0.2271005 0.2237746 0.1944280 0.1475958 0.2852183 0.2714020 0.2489611 0.2422938 0.0000000 0.1446036 
taxon19    0.5771949 0.5540298 0.5545806 0.6354263 0.6111782 0.6205978 0.3083758 0.3472063 0.3218851 0.3585007 0.2661707 0.2605300 0.2154424 0.1798557 0.2759959 0.3058185 0.2721789 0.2756795 0.1446036 0.0000000 
