20
taxon0     0.0000000 0.0913969 0.1737286 0.2687253 0.2726745 0.2431764 0.2745127 0.3113340 0.3381949 0.3186492 0.3209652 0.3324509 0.3601376 0.3646048 0.3908203 0.3730638 0.3886174 0.3738983 0.3835104 0.3771855 
taxon1     0.0913969 0.0000000 0.1831853 0.2637535 0.2882649 0.2616199 0.2977101 0.2822130 0.3096540 0.3069390 0.3079331 0.3225711 0.3445010 0.3488952 0.3724211 0.3532499 0.3852214 0.3602361 0.3629300 0.3688619 
taxon2     0.1737286 0.1831853 0.0000000 0.1680414 0.1942553 0.1791623 0.1996785 0.2981922 0.3216857 0.3251454 0.3244157 0.3307508 0.3806832 0.3727775 0.3997965 0.3858097 0.3655896 0.3599520 0.3532884 0.3744423 
taxon3     0.2687253 0.2637535 0.1680414 0.0000000 0.1376843 0.1301942 0.1574319 0.2738430 0.2950172 0.3111735 0.3169874 0.3220585 0.3761388 0.3521565 0.3650367 0.3555661 0.3219096 0.3279340 0.3162690 0.3359587 
taxon4     0.2726745 0.2882649 0.1942553 0.1376843 0.0000000 0.0705539 0.0981474 0.3339993 0.3651877 0.3735869 0.3721087 0.3416129 0.4068738 0.3786897 0.4121130 0.3885430 0.3730874 0.3771737 0.3694939 0.3932698 
taxon5     0.2431764 0.2616199 0.1791623 0.1301942 0.0705539 0.0000000 0.0547339 0.3031631 0.3331975 0.3504916 0.3482014 0.3353726 0.3910540 0.3576194 0.3886583 0.3673498 0.3639237 0.3719816 0.3643866 0.3801303 
taxon6     0.2745127 0.2977101 0.1996785 0.1574319 0.0981474 0.0547339 0.0000000 0.3361855 0.3680314 0.3619742 0.3573843 0.3567206 0.4214418 0.3837837 0.4190437 0.3982532 0.3807769 0.3788901 0.3614604 0.3937173 
taxon7     0.3113340 0.2822130 0.2981922 0.2738430 0.3339993 0.3031631 0.3361855 0.0000000 0.0398466 0.0788011 0.0711091 0.1209888 0.1507598 0.1668899 0.1865944 0.1655746 0.1438873 0.1556481 0.1579241 0.1328610 
taxon8     0.3381949 0.3096540 0.3216857 0.2950172 0.3651877 0.3331975 0.3680314 0.0398466 0.0000000 0.0949737 0.0926846 0.1302922 0.1600274 0.1828869 0.1975814 0.1874560 0.1616818 0.1559897 0.1758671 0.1509698 
taxon9     0.3186492 0.3069390 0.3251454 0.3111735 0.3735869 0.3504916 0.3619742 0.0788011 0.0949737 0.0000000 0.0350150 0.1328018 0.1703022 0.1933299 0.2082860 0.1950040 0.1550055 0.1418331 0.1678643 0.1248704 
taxon10    0.3209652 0.3079331 0.3244157 0.3169874 0.3721087 0.3482014 0.3573843 0.0711091 0.0926846 0.0350150 0.0000000 0.1135383 0.1366249 0.1719237 0.1806636 0.1690289 0.1368760 0.1305550 0.1550175 0.1127801 
taxon11    0.3324509 0.3225711 0.3307508 0.3220585 0.3416129 0.3353726 0.3567206 0.1209888 0.1302922 0.1328018 0.1135383 0.0000000 0.0720447 0.0986740 0.1220574 0.1104214 0.1235761 0.1209638 0.1297879 0.0927428 
taxon12    0.3601376 0.3445010 0.3806832 0.3761388 0.4068738 0.3910540 0.4214418 0.1507598 0.1600274 0.1703022 0.1366249 0.0720447 0.0000000 0.0702232 0.0810313 0.0707281 0.1429994 0.1572656 0.1785473 0.1210665 
taxon13    0.3646048 0.3488952 0.3727775 0.3521565 0.3786897 0.3576194 0.3837837 0.1668899 0.1828869 0.1933299 0.1719237 0.0986740 0.0702232 0.0000000 0.0444614 0.0293429 0.1589925 0.1633244 0.1774013 0.1506481 
taxon14    0.3908203 0.3724211 0.3997965 0.3650367 0.4121130 0.3886583 0.4190437 0.1865944 0.1975814 0.2082860 0.1806636 0.1220574 0.0810313 0.0444614 0.0000000 0.0454030 0.1807522 0.1899366 0.2112863 0.1647204 
taxon15    0.3730638 0.3532499 0.3858097 0.3555661 0.3885430 0.3673498 0.3982532 0.1655746 0.1874560 0.1950040 0.1690289 0.1104214 0.0707281 0.0293429 0.0454030 0.0000000 0.1632309 0.1782220 0.1922837 0.1441479 
taxon16    0.3886174 0.3852214 0.3655896 0.3219096 0.3730874 0.3639237 0.3807769 0.1438873 0.1616818 0.1550055 0.1368760 0.1235761 0.1429994 0.1589925 0.1807522 0.1632309 0.0000000 0.0801406 0.0813527 0.0719294 
taxon17    0.3738983 0.3602361 0.3599520 0.3279340 0.3771737 0.3719816 0.3788901 0.1556481 0.1559897 0.1418331 0.1305550 0.1209638 0.1572656 0.1633244 0.1899366 0.1782220 0.0801406 0.0000000 0.0547231 0.0809692 
taxon18    0.3835104 0.3629300 0.3532884 0.3162690 0.3694939 0.3643866 0.3614604 0.1579241 0.1758671 0.1678643 0.1550175 0.1297879 0.1785473 0.1774013 0.2112863 0.1922837 0.0813527 0.0547231 0.0000000 0.0930774 
taxon19    0.3771855 0.3688619 0.3744423 0.3359587 0.3932698 0.3801303 0.3937173 0.1328610 0.1509698 0.1248704 0.1127801 0.0927428 0.1210665 0.1506481 0.1647204 0.1441479 0.0719294 0.0809692 0.0930774 0.0000000 
