19
taxon0     0.0000000 0.0140258 0.0837580 0.0881125 0.0842294 0.1215485 0.1239505 0.0962038 0.0963354 0.4038441 0.4320494 0.4296694 0.4496952 0.4236064 0.4334619 0.4306048 0.4459903 0.4139086 0.4139086 
taxon1     0.0140258 0.0000000 0.0686729 0.0731040 0.0896361 0.1058659 0.1080248 0.0910325 0.0911562 0.3829267 0.4108194 0.4245962 0.4446208 0.4023493 0.4119602 0.4254588 0.4241746 0.4087131 0.4087131 
taxon2     0.0837580 0.0686729 0.0000000 0.0235895 0.0989782 0.0731336 0.0745812 0.0693578 0.0796247 0.3864016 0.4077872 0.4374067 0.4412800 0.3886016 0.4241795 0.3801954 0.3932430 0.3783231 0.3783231 
taxon3     0.0881125 0.0731040 0.0235895 0.0000000 0.1136760 0.0985512 0.0899350 0.0740287 0.0842829 0.4227942 0.4156056 0.4454441 0.4493563 0.4094969 0.4457282 0.4028337 0.4162760 0.4143811 0.4143811 
taxon4     0.0842294 0.0896361 0.0989782 0.1136760 0.0000000 0.0626911 0.0742448 0.0639497 0.0593415 0.4268824 0.4493465 0.4317916 0.4519051 0.4253243 0.4193550 0.4119492 0.4261226 0.4100358 0.4100358 
taxon5     0.1215485 0.1058659 0.0731336 0.0985512 0.0626911 0.0000000 0.0290731 0.0590675 0.0746765 0.3817903 0.4190956 0.4340468 0.4379301 0.3805779 0.3888894 0.4215358 0.4194921 0.4041839 0.4041839 
taxon6     0.1239505 0.1080248 0.0745812 0.0899350 0.0742448 0.0290731 0.0000000 0.0581748 0.0735970 0.3785073 0.3850653 0.3843269 0.3879521 0.3626219 0.3557857 0.3975913 0.3847182 0.3698606 0.3698606 
taxon7     0.0962038 0.0910325 0.0693578 0.0740287 0.0639497 0.0590675 0.0581748 0.0000000 0.0190449 0.3859958 0.4100065 0.4399376 0.4438554 0.3993521 0.4078103 0.4083719 0.3953364 0.3935131 0.3935131 
taxon8     0.0963354 0.0911562 0.0796247 0.0842829 0.0593415 0.0746765 0.0735970 0.0190449 0.0000000 0.4103868 0.4347505 0.4654185 0.4694638 0.4239000 0.4179321 0.4185331 0.4053679 0.4034968 0.4034968 
taxon9     0.4038441 0.3829267 0.3864016 0.4227942 0.4268824 0.3817903 0.3785073 0.3859958 0.4103868 0.0000000 0.0386452 0.0584626 0.0594071 0.0295213 0.0395880 0.1088313 0.0877469 0.0763875 0.0763875 
taxon10    0.4320494 0.4108194 0.4077872 0.4156056 0.4493465 0.4190956 0.3850653 0.4100065 0.4347505 0.0386452 0.0000000 0.0285198 0.0290219 0.0487927 0.0588951 0.1122349 0.0914440 0.0903996 0.0903996 
taxon11    0.4296694 0.4245962 0.4374067 0.4454441 0.4317916 0.4340468 0.3843269 0.4399376 0.4654185 0.0584626 0.0285198 0.0000000 0.0095913 0.0587770 0.0587957 0.1117964 0.1018314 0.0900518 0.0900518 
taxon12    0.4496952 0.4446208 0.4412800 0.4493563 0.4519051 0.4379301 0.3879521 0.4438554 0.4694638 0.0594071 0.0290219 0.0095913 0.0000000 0.0597279 0.0479834 0.1133775 0.1033179 0.0913947 0.0913947 
taxon13    0.4236064 0.4023493 0.3886016 0.4094969 0.4253243 0.3805779 0.3626219 0.3993521 0.4239000 0.0295213 0.0487927 0.0587770 0.0597279 0.0000000 0.0297241 0.1199958 0.1097165 0.0980152 0.0980152 
taxon14    0.4334619 0.4119602 0.4241795 0.4457282 0.4193550 0.3888894 0.3557857 0.4078103 0.4179321 0.0395880 0.0588951 0.0587957 0.0479834 0.0297241 0.0000000 0.1148742 0.0936721 0.0821896 0.0821896 
taxon15    0.4306048 0.4254588 0.3801954 0.4028337 0.4119492 0.4215358 0.3975913 0.4083719 0.4185331 0.1088313 0.1122349 0.1117964 0.1133775 0.1199958 0.1148742 0.0000000 0.0285998 0.0430262 0.0430262 
taxon16    0.4459903 0.4241746 0.3932430 0.4162760 0.4261226 0.4194921 0.3847182 0.3953364 0.4053679 0.0877469 0.0914440 0.1018314 0.1033179 0.1097165 0.0936721 0.0285998 0.0000000 0.0335100 0.0335100 
taxon17    0.4139086 0.4087131 0.3783231 0.4143811 0.4100358 0.4041839 0.3698606 0.3935131 0.4034968 0.0763875 0.0903996 0.0900518 0.0913947 0.0980152 0.0821896 0.0430262 0.0335100 0.0000000 0.0000010 
taxon18    0.4139086 0.4087131 0.3783231 0.4143811 0.4100358 0.4041839 0.3698606 0.3935131 0.4034968 0.0763875 0.0903996 0.0900518 0.0913947 0.0980152 0.0821896 0.0430262 0.0335100 0.0000010 0.0000000 
