20
taxon0     0.0000000 0.0513687 0.0908856 0.0859976 0.1079760 0.1309128 0.1251954 0.2001121 0.1945552 0.2303832 0.2306582 0.2238195 0.2112355 0.2288164 0.4338838 0.4376655 0.4665487 0.4166189 0.4211864 0.4007867 
taxon1     0.0513687 0.0000000 0.0354618 0.0357611 0.0726408 0.1125794 0.1069934 0.1825699 0.2174582 0.2024770 0.2330710 0.2095783 0.2340677 0.2596891 0.4410197 0.4095500 0.4456055 0.3893546 0.4246233 0.4317839 
taxon2     0.0908856 0.0354618 0.0000000 0.0362144 0.1070384 0.1446049 0.1454093 0.2316050 0.2691325 0.2469851 0.2798914 0.2544578 0.2618302 0.2799086 0.4929137 0.4436255 0.4920531 0.4374991 0.4628840 0.4702911 
taxon3     0.0859976 0.0357611 0.0362144 0.0000000 0.1142688 0.1322507 0.1378621 0.2330133 0.2637827 0.2325735 0.2653366 0.2404743 0.2477174 0.2653633 0.4725131 0.4243961 0.4554933 0.4186506 0.4624373 0.4581926 
taxon4     0.1079760 0.0726408 0.1070384 0.1142688 0.0000000 0.0716597 0.0664010 0.2162510 0.2529125 0.2370358 0.2695568 0.2446355 0.2624031 0.2909680 0.4819597 0.4357550 0.4917169 0.4081250 0.4512859 0.4495019 
taxon5     0.1309128 0.1125794 0.1446049 0.1322507 0.0716597 0.0000000 0.0144808 0.2473832 0.2636360 0.2526033 0.2706204 0.2460471 0.2716532 0.2898033 0.4718362 0.4333269 0.4898019 0.4033860 0.4595454 0.4481997 
taxon6     0.1251954 0.1069934 0.1454093 0.1378621 0.0664010 0.0144808 0.0000000 0.2409060 0.2570226 0.2461277 0.2639373 0.2395895 0.2649637 0.2914971 0.4635338 0.4404262 0.4864891 0.3956944 0.4513703 0.4401336 
taxon7     0.2001121 0.1825699 0.2316050 0.2330133 0.2162510 0.2473832 0.2409060 0.0000000 0.0252311 0.0306363 0.0513038 0.0460143 0.0516490 0.0744511 0.4081813 0.3728345 0.3742536 0.3659769 0.3790176 0.3773821 
taxon8     0.1945552 0.2174582 0.2691325 0.2637827 0.2529125 0.2636360 0.2570226 0.0252311 0.0000000 0.0414230 0.0627046 0.0572820 0.0519781 0.0749148 0.4196259 0.4103920 0.4114923 0.4033586 0.4077888 0.3885749 
taxon9     0.2303832 0.2024770 0.2469851 0.2325735 0.2370358 0.2526033 0.2461277 0.0306363 0.0414230 0.0000000 0.0684216 0.0513159 0.0638881 0.0865621 0.4360929 0.3778668 0.4010333 0.3710276 0.4206803 0.4177763 
taxon10    0.2306582 0.2330710 0.2798914 0.2653366 0.2695568 0.2706204 0.2639373 0.0513038 0.0627046 0.0684216 0.0000000 0.0150366 0.0413302 0.0687290 0.4033112 0.4084047 0.4095230 0.3823637 0.4019225 0.3858649 
taxon11    0.2238195 0.2095783 0.2544578 0.2404743 0.2446355 0.2460471 0.2395895 0.0460143 0.0572820 0.0513159 0.0150366 0.0000000 0.0360442 0.0632255 0.4180114 0.3777221 0.4009516 0.3614884 0.4122982 0.3901132 
taxon12    0.2112355 0.2340677 0.2618302 0.2477174 0.2624031 0.2716532 0.2649637 0.0516490 0.0519781 0.0638881 0.0413302 0.0360442 0.0000000 0.0410411 0.4123448 0.4030899 0.4042561 0.3960631 0.4206636 0.4110711 
taxon13    0.2288164 0.2596891 0.2799086 0.2653633 0.2909680 0.2898033 0.2914971 0.0744511 0.0749148 0.0865621 0.0687290 0.0632255 0.0410411 0.0000000 0.4358316 0.4265268 0.4316072 0.4296727 0.4484630 0.4286444 
taxon14    0.4338838 0.4410197 0.4929137 0.4725131 0.4819597 0.4718362 0.4635338 0.4081813 0.4196259 0.4360929 0.4033112 0.4180114 0.4123448 0.4358316 0.0000000 0.1433504 0.1412441 0.1390327 0.3154397 0.2925218 
taxon15    0.4376655 0.4095500 0.4436255 0.4243961 0.4357550 0.4333269 0.4404262 0.3728345 0.4103920 0.3778668 0.4084047 0.3777221 0.4030899 0.4265268 0.1433504 0.0000000 0.0689085 0.1080349 0.3189663 0.3054373 
taxon16    0.4665487 0.4456055 0.4920531 0.4554933 0.4917169 0.4898019 0.4864891 0.3742536 0.4114923 0.4010333 0.4095230 0.4009516 0.4042561 0.4316072 0.1412441 0.0689085 0.0000000 0.1444179 0.3347124 0.3240740 
taxon17    0.4166189 0.3893546 0.4374991 0.4186506 0.4081250 0.4033860 0.3956944 0.3659769 0.4033586 0.3710276 0.3823637 0.3614884 0.3960631 0.4296727 0.1390327 0.1080349 0.1444179 0.0000000 0.2580453 0.2510710 
taxon18    0.4211864 0.4246233 0.4628840 0.4624373 0.4512859 0.4595454 0.4513703 0.3790176 0.4077888 0.4206803 0.4019225 0.4122982 0.4206636 0.4484630 0.3154397 0.3189663 0.3347124 0.2580453 0.0000000 0.1140334 
taxon19    0.4007867 0.4317839 0.4702911 0.4581926 0.4495019 0.4481997 0.4401336 0.3773821 0.3885749 0.4177763 0.3858649 0.3901132 0.4110711 0.4286444 0.2925218 0.3054373 0.3240740 0.2510710 0.1140334 0.0000000 
