20
taxon0     0.0000000 0.0927090 0.1911656 0.1670021 0.1808223 0.3059284 0.3685528 0.3537613 0.3437590 0.3694180 0.3473541 0.3793207 0.3808182 0.4846020 0.4780841 0.4730898 0.5147544 0.4807726 0.5435905 0.5322967 
taxon1     0.0927090 0.0000000 0.1103362 0.0727945 0.1012217 0.2158487 0.2917993 0.2780810 0.2638154 0.2994387 0.2755344 0.3005403 0.3017257 0.3830093 0.3773290 0.3548643 0.4310894 0.3990586 0.4784959 0.4623236 
taxon2     0.1911656 0.1103362 0.0000000 0.0606018 0.1099610 0.2607960 0.3114580 0.3176012 0.3043890 0.3646466 0.3295596 0.3447185 0.3460476 0.3916706 0.3875706 0.3927291 0.4168809 0.4041227 0.4892374 0.4667326 
taxon3     0.1670021 0.0727945 0.0606018 0.0000000 0.0562152 0.2223196 0.2919526 0.2781724 0.2774989 0.3359514 0.2971621 0.3134416 0.3146724 0.3737393 0.3697480 0.3827144 0.4058690 0.3962702 0.4944978 0.4738809 
taxon4     0.1808223 0.1012217 0.1099610 0.0562152 0.0000000 0.2506184 0.3118488 0.3148299 0.3111705 0.3577071 0.2965236 0.3197238 0.3293249 0.4142252 0.4064140 0.4075097 0.4392353 0.4407088 0.5141593 0.5140842 
taxon5     0.3059284 0.2158487 0.2607960 0.2223196 0.2506184 0.0000000 0.1789221 0.1562417 0.2881971 0.2810348 0.3034504 0.3110574 0.3129621 0.5071471 0.4947858 0.4922714 0.4791195 0.5305531 0.5997765 0.5752961 
taxon6     0.3685528 0.2917993 0.3114580 0.2919526 0.3118488 0.1789221 0.0000000 0.1207556 0.3414294 0.3824628 0.3502464 0.3803403 0.3675054 0.5406497 0.4865456 0.4866546 0.4850479 0.4996419 0.5805050 0.6112995 
taxon7     0.3537613 0.2780810 0.3176012 0.2781724 0.3148299 0.1562417 0.1207556 0.0000000 0.3206191 0.3448663 0.3340639 0.3533421 0.3474671 0.5249700 0.5015032 0.5137459 0.5410611 0.5377278 0.6244067 0.6468643 
taxon8     0.3437590 0.2638154 0.3043890 0.2774989 0.3111705 0.2881971 0.3414294 0.3206191 0.0000000 0.0933993 0.1860878 0.1853757 0.1928562 0.5381373 0.5289534 0.4799919 0.5774924 0.5338153 0.6021204 0.6128610 
taxon9     0.3694180 0.2994387 0.3646466 0.3359514 0.3577071 0.2810348 0.3824628 0.3448663 0.0933993 0.0000000 0.2531373 0.2284311 0.2293255 0.5700295 0.5565162 0.5083639 0.5608847 0.5485516 0.6056548 0.5853688 
taxon10    0.3473541 0.2755344 0.3295596 0.2971621 0.2965236 0.3034504 0.3502464 0.3340639 0.1860878 0.2531373 0.0000000 0.1443529 0.1509112 0.5102749 0.5291681 0.4713988 0.5464835 0.5222091 0.5500020 0.5662825 
taxon11    0.3793207 0.3005403 0.3447185 0.3134416 0.3197238 0.3110574 0.3803403 0.3533421 0.1853757 0.2284311 0.1443529 0.0000000 0.0339727 0.5421388 0.5535342 0.4781972 0.5279883 0.5203128 0.5679342 0.5571846 
taxon12    0.3808182 0.3017257 0.3460476 0.3146724 0.3293249 0.3129621 0.3675054 0.3474671 0.1928562 0.2293255 0.1509112 0.0339727 0.0000000 0.5755566 0.5841880 0.5114604 0.5713823 0.5572552 0.5972385 0.5988976 
taxon13    0.4846020 0.3830093 0.3916706 0.3737393 0.4142252 0.5071471 0.5406497 0.5249700 0.5381373 0.5700295 0.5102749 0.5421388 0.5755566 0.0000000 0.1179867 0.2607606 0.3200022 0.3832280 0.4311824 0.4114572 
taxon14    0.4780841 0.3773290 0.3875706 0.3697480 0.4064140 0.4947858 0.4865456 0.5015032 0.5289534 0.5565162 0.5291681 0.5535342 0.5841880 0.1179867 0.0000000 0.2301464 0.2806985 0.3470155 0.4001513 0.3775764 
taxon15    0.4730898 0.3548643 0.3927291 0.3827144 0.4075097 0.4922714 0.4866546 0.5137459 0.4799919 0.5083639 0.4713988 0.4781972 0.5114604 0.2607606 0.2301464 0.0000000 0.2719029 0.3124067 0.3719192 0.3633783 
taxon16    0.5147544 0.4310894 0.4168809 0.4058690 0.4392353 0.4791195 0.4850479 0.5410611 0.5774924 0.5608847 0.5464835 0.5279883 0.5713823 0.3200022 0.2806985 0.2719029 0.0000000 0.1778590 0.2495764 0.2393220 
taxon17    0.4807726 0.3990586 0.4041227 0.3962702 0.4407088 0.5305531 0.4996419 0.5377278 0.5338153 0.5485516 0.5222091 0.5203128 0.5572552 0.3832280 0.3470155 0.3124067 0.1778590 0.0000000 0.1341191 0.1295116 
taxon18    0.5435905 0.4784959 0.4892374 0.4944978 0.5141593 0.5997765 0.5805050 0.6244067 0.6021204 0.6056548 0.5500020 0.5679342 0.5972385 0.4311824 0.4001513 0.3719192 0.2495764 0.1341191 0.0000000 0.1236255 
taxon19    0.5322967 0.4623236 0.4667326 0.4738809 0.5140842 0.5752961 0.6112995 0.6468643 0.6128610 0.5853688 0.5662825 0.5571846 0.5988976 0.4114572 0.3775764 0.3633783 0.2393220 0.1295116 0.1236255 0.0000000 
