20
taxon0     0.0000000 0.0402028 0.0955138 0.1062206 0.1838851 0.1345414 0.1480628 0.1604096 0.1479490 0.2145714 0.2404182 0.2443462 0.2405168 0.2484473 0.2679679 0.2827727 0.2664475 0.2459933 0.2654887 0.2502437 
taxon1     0.0402028 0.0000000 0.0950208 0.0890405 0.1889649 0.1276728 0.1409450 0.1516593 0.1454573 0.2215429 0.2464597 0.2491688 0.2468292 0.2462362 0.2715093 0.2800612 0.2629596 0.2505988 0.2649931 0.2547796 
taxon2     0.0955138 0.0950208 0.0000000 0.0722557 0.1680222 0.1212168 0.1347563 0.1567108 0.1450648 0.2236906 0.2355547 0.2449445 0.2567161 0.2625892 0.2762056 0.2680034 0.2488073 0.2277158 0.2367189 0.2281373 
taxon3     0.1062206 0.0890405 0.0722557 0.0000000 0.1726429 0.1383143 0.1400880 0.1620104 0.1503581 0.2434983 0.2627249 0.2641484 0.2716486 0.2732765 0.2900461 0.2901070 0.2883853 0.2584061 0.2769776 0.2731736 
taxon4     0.1838851 0.1889649 0.1680222 0.1726429 0.0000000 0.0768707 0.1112953 0.1059516 0.1046819 0.2802297 0.2823104 0.2887687 0.2931398 0.2696491 0.2924271 0.3120087 0.2982388 0.3093136 0.3301648 0.3189474 
taxon5     0.1345414 0.1276728 0.1212168 0.1383143 0.0768707 0.0000000 0.0509879 0.0605019 0.0451349 0.2415590 0.2517493 0.2682792 0.2534694 0.2559662 0.2700279 0.2872849 0.2667857 0.2697096 0.2687367 0.2711234 
taxon6     0.1480628 0.1409450 0.1347563 0.1400880 0.1112953 0.0509879 0.0000000 0.0297676 0.0248383 0.2468164 0.2550502 0.2690701 0.2750574 0.2707536 0.2911251 0.2970330 0.2860591 0.2806862 0.2885010 0.2918397 
taxon7     0.1604096 0.1516593 0.1567108 0.1620104 0.1059516 0.0605019 0.0297676 0.0000000 0.0243540 0.2491202 0.2570192 0.2715720 0.2680575 0.2638352 0.2840229 0.2987649 0.2880205 0.2885413 0.3034473 0.3008611 
taxon8     0.1479490 0.1454573 0.1450648 0.1503581 0.1046819 0.0451349 0.0248383 0.0243540 0.0000000 0.2381725 0.2463693 0.2628838 0.2659306 0.2629237 0.2830227 0.2849766 0.2753093 0.2776918 0.2923451 0.2898298 
taxon9     0.2145714 0.2215429 0.2236906 0.2434983 0.2802297 0.2415590 0.2468164 0.2491202 0.2381725 0.0000000 0.0783979 0.0954761 0.1042018 0.1452638 0.1398125 0.2545467 0.2100981 0.2016201 0.2240019 0.1895187 
taxon10    0.2404182 0.2464597 0.2355547 0.2627249 0.2823104 0.2517493 0.2550502 0.2570192 0.2463693 0.0783979 0.0000000 0.0513074 0.1163742 0.1746109 0.1747261 0.2494893 0.2053371 0.1993302 0.2041104 0.1935308 
taxon11    0.2443462 0.2491688 0.2449445 0.2641484 0.2887687 0.2682792 0.2690701 0.2715720 0.2628838 0.0954761 0.0513074 0.0000000 0.1202145 0.1745113 0.1600915 0.2567234 0.2282555 0.2217851 0.2226257 0.2179766 
taxon12    0.2405168 0.2468292 0.2567161 0.2716486 0.2931398 0.2534694 0.2750574 0.2680575 0.2659306 0.1042018 0.1163742 0.1202145 0.0000000 0.0848315 0.0668838 0.2309751 0.2076620 0.2134753 0.1987451 0.1865203 
taxon13    0.2484473 0.2462362 0.2625892 0.2732765 0.2696491 0.2559662 0.2707536 0.2638352 0.2629237 0.1452638 0.1746109 0.1745113 0.0848315 0.0000000 0.0678883 0.2742655 0.2610661 0.2460568 0.2597632 0.2258954 
taxon14    0.2679679 0.2715093 0.2762056 0.2900461 0.2924271 0.2700279 0.2911251 0.2840229 0.2830227 0.1398125 0.1747261 0.1600915 0.0668838 0.0678883 0.0000000 0.2384946 0.2388532 0.2299973 0.2376474 0.2179029 
taxon15    0.2827727 0.2800612 0.2680034 0.2901070 0.3120087 0.2872849 0.2970330 0.2987649 0.2849766 0.2545467 0.2494893 0.2567234 0.2309751 0.2742655 0.2384946 0.0000000 0.0641729 0.0917336 0.1528764 0.1449165 
taxon16    0.2664475 0.2629596 0.2488073 0.2883853 0.2982388 0.2667857 0.2860591 0.2880205 0.2753093 0.2100981 0.2053371 0.2282555 0.2076620 0.2610661 0.2388532 0.0641729 0.0000000 0.0785711 0.1410904 0.1330140 
taxon17    0.2459933 0.2505988 0.2277158 0.2584061 0.3093136 0.2697096 0.2806862 0.2885413 0.2776918 0.2016201 0.1993302 0.2217851 0.2134753 0.2460568 0.2299973 0.0917336 0.0785711 0.0000000 0.1273403 0.1083141 
taxon18    0.2654887 0.2649931 0.2367189 0.2769776 0.3301648 0.2687367 0.2885010 0.3034473 0.2923451 0.2240019 0.2041104 0.2226257 0.1987451 0.2597632 0.2376474 0.1528764 0.1410904 0.1273403 0.0000000 0.0459475 
taxon19    0.2502437 0.2547796 0.2281373 0.2731736 0.3189474 0.2711234 0.2918397 0.3008611 0.2898298 0.1895187 0.1935308 0.2179766 0.1865203 0.2258954 0.2179029 0.1449165 0.1330140 0.1083141 0.0459475 0.0000000 
