19
taxon0     0.0000000 0.0098420 0.0199983 0.0300130 0.0200134 0.0396785 0.0396785 0.0246863 0.0406214 0.0245861 0.1249611 0.1253653 0.1253653 0.1131310 0.1253660 0.1131310 0.1078064 0.1088247 0.1277277 
taxon1     0.0098420 0.0000000 0.0201900 0.0249097 0.0149497 0.0400496 0.0400496 0.0249192 0.0358088 0.0248172 0.1261500 0.1265613 0.1265613 0.1256255 0.1381726 0.1256255 0.1088380 0.1098734 0.1212175 
taxon2     0.0199983 0.0201900 0.0000000 0.0247720 0.0196711 0.0459106 0.0459106 0.0305836 0.0364739 0.0304566 0.1341446 0.1345861 0.1345861 0.1335804 0.1342559 0.1335804 0.1211861 0.1223284 0.1418165 
taxon3     0.0300130 0.0249097 0.0247720 0.0000000 0.0097117 0.0505912 0.0505912 0.0353628 0.0463419 0.0352174 0.1152486 0.1272346 0.1272346 0.1379340 0.1507049 0.1379340 0.1322865 0.1335155 0.1460932 
taxon4     0.0200134 0.0149497 0.0196711 0.0097117 0.0000000 0.0404793 0.0404793 0.0354434 0.0464493 0.0352973 0.1271322 0.1393068 0.1393068 0.1382726 0.1510786 0.1382726 0.1212885 0.1224326 0.1349052 
taxon5     0.0396785 0.0400496 0.0459106 0.0505912 0.0404793 0.0000000 0.0000010 0.0294862 0.0454287 0.0245849 0.1250718 0.1257163 0.1257163 0.1302324 0.1378028 0.1302324 0.1135432 0.1147510 0.1223112 
taxon6     0.0396785 0.0400496 0.0459106 0.0505912 0.0404793 0.0000010 0.0000000 0.0294862 0.0454287 0.0245849 0.1250718 0.1257163 0.1257163 0.1302324 0.1378028 0.1302324 0.1135432 0.1147510 0.1223112 
taxon7     0.0246863 0.0249192 0.0305836 0.0353628 0.0354434 0.0294862 0.0294862 0.0000000 0.0250334 0.0146259 0.1192416 0.1084079 0.1084079 0.1076128 0.1197629 0.1076128 0.1021158 0.1142840 0.1218132 
taxon8     0.0406214 0.0358088 0.0364739 0.0463419 0.0464493 0.0454287 0.0454287 0.0250334 0.0000000 0.0248489 0.1200580 0.1328525 0.1328525 0.1388282 0.1395296 0.1388282 0.1331282 0.1153933 0.1274330 
taxon9     0.0245861 0.0248172 0.0304566 0.0352174 0.0352973 0.0245849 0.0245849 0.0146259 0.0248489 0.0000000 0.1133288 0.1136950 0.1136950 0.1182558 0.1305253 0.1182558 0.1127499 0.1027743 0.1214480 
taxon10    0.1249611 0.1261500 0.1341446 0.1152486 0.1271322 0.1250718 0.1250718 0.1192416 0.1200580 0.1133288 0.0000000 0.0198273 0.0198273 0.0398713 0.0503998 0.0398713 0.0348431 0.0247176 0.0403488 
taxon11    0.1253653 0.1265613 0.1345861 0.1272346 0.1393068 0.1257163 0.1257163 0.1084079 0.1328525 0.1136950 0.0198273 0.0000000 0.0000010 0.0298979 0.0403112 0.0298979 0.0248835 0.0350798 0.0407751 
taxon12    0.1253653 0.1265613 0.1345861 0.1272346 0.1393068 0.1257163 0.1257163 0.1084079 0.1328525 0.1136950 0.0198273 0.0000010 0.0000000 0.0298979 0.0403112 0.0298979 0.0248835 0.0350798 0.0407751 
taxon14    0.1131310 0.1256255 0.1335804 0.1379340 0.1382726 0.1302324 0.1302324 0.1076128 0.1388282 0.1182558 0.0398713 0.0298979 0.0298979 0.0000000 0.0099018 0.0000010 0.0147827 0.0398228 0.0455588 
taxon15    0.1253660 0.1381726 0.1342559 0.1507049 0.1510786 0.1378028 0.1378028 0.1197629 0.1395296 0.1305253 0.0503998 0.0403112 0.0403112 0.0099018 0.0000000 0.0099018 0.0249115 0.0503377 0.0563137 
taxon16    0.1131310 0.1256255 0.1335804 0.1379340 0.1382726 0.1302324 0.1302324 0.1076128 0.1388282 0.1182558 0.0398713 0.0298979 0.0298979 0.0000010 0.0099018 0.0000000 0.0147827 0.0398228 0.0455588 
taxon17    0.1078064 0.1088380 0.1211861 0.1322865 0.1212885 0.1135432 0.1135432 0.1021158 0.1331282 0.1127499 0.0348431 0.0248835 0.0248835 0.0147827 0.0249115 0.0147827 0.0000000 0.0247909 0.0302547 
taxon18    0.1088247 0.1098734 0.1223284 0.1335155 0.1224326 0.1147510 0.1147510 0.1142840 0.1153933 0.1027743 0.0247176 0.0350798 0.0350798 0.0398228 0.0503377 0.0398228 0.0247909 0.0000000 0.0149877 
taxon19    0.1277277 0.1212175 0.1418165 0.1460932 0.1349052 0.1223112 0.1223112 0.1218132 0.1274330 0.1214480 0.0403488 0.0407751 0.0407751 0.0455588 0.0563137 0.0455588 0.0302547 0.0149877 0.0000000 
