20
taxon0     0.0000000 0.7095472 0.7908104 2.8476304 2.4802294 2.3338961 2.3006446 2.6045055 2.3674230 3.4013760 3.0568541 2.7963952 3.7236741 3.3753846 3.4726054 4.0822799 3.1725941 3.0980797 3.1380699 3.5035307 
taxon1     0.7095472 0.0000000 0.4086115 2.0913887 2.2926875 2.3846448 1.7752809 2.3206356 1.9636827 2.3344338 2.0864583 2.1046502 2.9277141 2.4499666 2.1298549 2.6373524 2.4439221 1.9802762 2.2696953 2.4762507 
taxon2     0.7908104 0.4086115 0.0000000 2.2177199 2.1226225 2.1216938 1.8423165 2.0691856 1.9400666 2.8184287 2.2758789 1.9105780 2.6743293 2.1990813 2.1739274 2.6276400 2.4803538 2.0114175 2.1559835 2.2304951 
taxon3     2.8476304 2.0913887 2.2177199 0.0000000 1.1141520 1.1665553 1.5999651 1.8116728 1.8479910 3.9974196 3.8430115 4.4529289 5.7750324 4.3040027 3.5520720 3.6724471 3.5268785 4.5202578 3.9133302 4.3940824 
taxon4     2.4802294 2.2926875 2.1226225 1.1141520 0.0000000 0.3259017 2.2713525 2.2642136 2.2029877 4.6724049 4.0115144 3.7222248 4.8880112 4.1387423 4.7890886 4.4997336 3.4076616 2.9736468 3.9551816 3.9663483 
taxon5     2.3338961 2.3846448 2.1216938 1.1665553 0.3259017 0.0000000 2.3403886 2.3580476 1.9947867 3.7413087 3.4324522 3.7694968 4.9811265 3.8495009 4.5467429 4.2078304 3.7902041 3.1068516 4.0192504 4.2949549 
taxon6     2.3006446 1.7752809 1.8423165 1.5999651 2.2713525 2.3403886 0.0000000 1.1695617 1.1176171 3.9879064 3.0021209 2.9749364 4.9921268 3.6020045 2.9758541 4.5252371 4.1487623 4.1318140 3.4509139 5.2050666 
taxon7     2.6045055 2.3206356 2.0691856 1.8116728 2.2642136 2.3580476 1.1695617 0.0000000 0.8753139 3.6007270 3.1713932 3.6746157 3.9367509 2.8102664 4.0006199 3.0546762 3.0331703 3.1895375 3.3064171 4.4985167 
taxon8     2.3674230 1.9636827 1.9400666 1.8479910 2.2029877 1.9947867 1.1176171 0.8753139 0.0000000 4.7743043 3.0060110 2.9369648 4.1256944 3.2340556 3.0788441 2.7409545 3.9670300 3.4830263 4.5979302 5.2758429 
taxon9     3.4013760 2.3344338 2.8184287 3.9974196 4.6724049 3.7413087 3.9879064 3.6007270 4.7743043 0.0000000 0.8198063 1.3713179 1.6491715 1.6588101 1.1295170 2.2070657 2.8643655 2.9737618 3.0422046 3.4426567 
taxon10    3.0568541 2.0864583 2.2758789 3.8430115 4.0115144 3.4324522 3.0021209 3.1713932 3.0060110 0.8198063 0.0000000 1.4988613 2.0360239 1.7732414 1.1735624 1.7229710 2.3708692 2.8622215 2.7952535 3.2120097 
taxon11    2.7963952 2.1046502 1.9105780 4.4529289 3.7222248 3.7694968 2.9749364 3.6746157 2.9369648 1.3713179 1.4988613 0.0000000 0.6631999 0.6412407 0.6355841 2.4403588 2.3668472 3.0699126 2.5534774 2.7104919 
taxon12    3.7236741 2.9277141 2.6743293 5.7750324 4.8880112 4.9811265 4.9921268 3.9367509 4.1256944 1.6491715 2.0360239 0.6631999 0.0000000 0.4535966 1.0073680 2.5522908 2.9076434 5.8765339 5.1380075 5.0941982 
taxon13    3.3753846 2.4499666 2.1990813 4.3040027 4.1387423 3.8495009 3.6020045 2.8102664 3.2340556 1.6588101 1.7732414 0.6412407 0.4535966 0.0000000 0.9243609 2.9229725 2.7544238 4.0361577 3.5027211 3.4453214 
taxon14    3.4726054 2.1298549 2.1739274 3.5520720 4.7890886 4.5467429 2.9758541 4.0006199 3.0788441 1.1295170 1.1735624 0.6355841 1.0073680 0.9243609 0.0000000 2.0343412 2.3798444 3.1172759 3.2942015 4.1956734 
taxon15    4.0822799 2.6373524 2.6276400 3.6724471 4.4997336 4.2078304 4.5252371 3.0546762 2.7409545 2.2070657 1.7229710 2.4403588 2.5522908 2.9229725 2.0343412 0.0000000 1.1471942 1.7291065 1.8167939 2.3872723 
taxon16    3.1725941 2.4439221 2.4803538 3.5268785 3.4076616 3.7902041 4.1487623 3.0331703 3.9670300 2.8643655 2.3708692 2.3668472 2.9076434 2.7544238 2.3798444 1.1471942 0.0000000 1.3178446 1.4586725 1.6588801 
taxon17    3.0980797 1.9802762 2.0114175 4.5202578 2.9736468 3.1068516 4.1318140 3.1895375 3.4830263 2.9737618 2.8622215 3.0699126 5.8765339 4.0361577 3.1172759 1.7291065 1.3178446 0.0000000 0.9771535 1.1107796 
taxon18    3.1380699 2.2696953 2.1559835 3.9133302 3.9551816 4.0192504 3.4509139 3.3064171 4.5979302 3.0422046 2.7952535 2.5534774 5.1380075 3.5027211 3.2942015 1.8167939 1.4586725 0.9771535 0.0000000 0.6792285 
taxon19    3.5035307 2.4762507 2.2304951 4.3940824 3.9663483 4.2949549 5.2050666 4.4985167 5.2758429 3.4426567 3.2120097 2.7104919 5.0941982 3.4453214 4.1956734 2.3872723 1.6588801 1.1107796 0.6792285 0.0000000 
