20
taxon0     0.0000000 0.0548578 0.1098694 0.0812764 0.0832544 0.0760924 0.1649386 0.1803906 0.2393251 0.2744767 0.2428150 0.1443663 0.1297561 0.1370220 0.1486432 0.1519868 0.1721106 0.1768636 0.1501178 0.1722267 
taxon1     0.0548578 0.0000000 0.1111705 0.0884190 0.0878367 0.0770106 0.1654325 0.1766951 0.2351374 0.2936932 0.2463130 0.1344000 0.1325548 0.1324576 0.1441421 0.1552900 0.1830019 0.1822258 0.1533631 0.1759640 
taxon2     0.1098694 0.1111705 0.0000000 0.0369559 0.0810755 0.0704036 0.1697769 0.1546428 0.2382058 0.2746089 0.2345849 0.1624683 0.1497964 0.1640682 0.1774124 0.1737716 0.1734844 0.1762914 0.1582980 0.1825320 
taxon3     0.0812764 0.0884190 0.0369559 0.0000000 0.0586214 0.0480529 0.1510396 0.1420210 0.2102628 0.2603258 0.2207779 0.1434611 0.1187667 0.1380758 0.1441328 0.1367661 0.1489965 0.1517336 0.1326921 0.1489418 
taxon4     0.0832544 0.0878367 0.0810755 0.0586214 0.0000000 0.0313960 0.1713744 0.1795773 0.2406821 0.2819650 0.2444656 0.1552487 0.1361520 0.1436066 0.1560960 0.1521621 0.1717904 0.1648006 0.1386896 0.1604409 
taxon5     0.0760924 0.0770106 0.0704036 0.0480529 0.0313960 0.0000000 0.1656866 0.1683424 0.2253189 0.2692018 0.2291582 0.1440544 0.1299130 0.1372740 0.1496900 0.1530727 0.1678481 0.1657593 0.1446458 0.1666399 
taxon6     0.1649386 0.1654325 0.1697769 0.1510396 0.1713744 0.1656866 0.0000000 0.0818753 0.1640821 0.1906106 0.1606326 0.0815539 0.1297009 0.1311812 0.1503985 0.1570969 0.1714639 0.1813662 0.1519717 0.1812317 
taxon7     0.1803906 0.1766951 0.1546428 0.1420210 0.1795773 0.1683424 0.0818753 0.0000000 0.1077172 0.1455038 0.1114911 0.1037780 0.1464720 0.1665287 0.1748694 0.1686682 0.1960363 0.2054826 0.1687612 0.1916231 
taxon8     0.2393251 0.2351374 0.2382058 0.2102628 0.2406821 0.2253189 0.1640821 0.1077172 0.0000000 0.0925447 0.0533717 0.1744402 0.2010611 0.2224973 0.2246781 0.2366878 0.2540799 0.2608269 0.2379527 0.2559983 
taxon9     0.2744767 0.2936932 0.2746089 0.2603258 0.2819650 0.2692018 0.1906106 0.1455038 0.0925447 0.0000000 0.0688269 0.2271972 0.2435617 0.2535107 0.2529665 0.2735521 0.2858127 0.2997493 0.2703992 0.2972769 
taxon10    0.2428150 0.2463130 0.2345849 0.2207779 0.2444656 0.2291582 0.1606326 0.1114911 0.0533717 0.0688269 0.0000000 0.1853444 0.1992261 0.2281463 0.2278941 0.2342029 0.2514472 0.2649882 0.2313108 0.2568849 
taxon11    0.1443663 0.1344000 0.1624683 0.1434611 0.1552487 0.1440544 0.0815539 0.1037780 0.1744402 0.2271972 0.1853444 0.0000000 0.1233890 0.1188194 0.1319982 0.1474983 0.1919868 0.1902068 0.1516358 0.1739320 
taxon12    0.1297561 0.1325548 0.1497964 0.1187667 0.1361520 0.1299130 0.1297009 0.1464720 0.2010611 0.2435617 0.1992261 0.1233890 0.0000000 0.0366123 0.0638745 0.0767624 0.1059723 0.1076971 0.0592330 0.0775264 
taxon13    0.1370220 0.1324576 0.1640682 0.1380758 0.1436066 0.1372740 0.1311812 0.1665287 0.2224973 0.2535107 0.2281463 0.1188194 0.0366123 0.0000000 0.0425864 0.0947842 0.1186234 0.1139752 0.0774381 0.0967119 
taxon14    0.1486432 0.1441421 0.1774124 0.1441328 0.1560960 0.1496900 0.1503985 0.1748694 0.2246781 0.2529665 0.2278941 0.1319982 0.0638745 0.0425864 0.0000000 0.1010523 0.1241217 0.1340548 0.0945889 0.1144614 
taxon15    0.1519868 0.1552900 0.1737716 0.1367661 0.1521621 0.1530727 0.1570969 0.1686682 0.2366878 0.2735521 0.2342029 0.1474983 0.0767624 0.0947842 0.1010523 0.0000000 0.0697364 0.0716934 0.0597418 0.0729254 
taxon16    0.1721106 0.1830019 0.1734844 0.1489965 0.1717904 0.1678481 0.1714639 0.1960363 0.2540799 0.2858127 0.2514472 0.1919868 0.1059723 0.1186234 0.1241217 0.0697364 0.0000000 0.0711722 0.1051061 0.1199239 
taxon17    0.1768636 0.1822258 0.1762914 0.1517336 0.1648006 0.1657593 0.1813662 0.2054826 0.2608269 0.2997493 0.2649882 0.1902068 0.1076971 0.1139752 0.1340548 0.0716934 0.0711722 0.0000000 0.0897010 0.1042306 
taxon18    0.1501178 0.1533631 0.1582980 0.1326921 0.1386896 0.1446458 0.1519717 0.1687612 0.2379527 0.2703992 0.2313108 0.1516358 0.0592330 0.0774381 0.0945889 0.0597418 0.1051061 0.0897010 0.0000000 0.0215548 
taxon19    0.1722267 0.1759640 0.1825320 0.1489418 0.1604409 0.1666399 0.1812317 0.1916231 0.2559983 0.2972769 0.2568849 0.1739320 0.0775264 0.0967119 0.1144614 0.0729254 0.1199239 0.1042306 0.0215548 0.0000000 
