20
taxon0     0.0000000 0.0743868 0.2649408 0.2390248 0.3353783 0.3343260 0.3925198 0.3981895 0.4301318 0.4231812 0.4573943 0.4597942 0.4295394 0.5414893 0.5302746 0.5227904 0.5912215 0.5628744 0.4237881 0.3978517 
taxon1     0.0743868 0.0000000 0.2732104 0.2256597 0.3289475 0.3301323 0.3511204 0.3626499 0.3807346 0.3771847 0.4689214 0.4678885 0.4211580 0.5221008 0.5500441 0.5479323 0.6310976 0.6157486 0.4401570 0.4041397 
taxon2     0.2649408 0.2732104 0.0000000 0.1472484 0.3171014 0.2871414 0.3735884 0.3525821 0.4036140 0.4145884 0.5366303 0.5745690 0.5114049 0.6109957 0.6360397 0.5736529 0.6254658 0.6350188 0.5256888 0.4902052 
taxon3     0.2390248 0.2256597 0.1472484 0.0000000 0.2473186 0.2223287 0.3192315 0.3075137 0.3645007 0.3744026 0.4808643 0.4919216 0.4598728 0.5557938 0.6301389 0.5583479 0.6426689 0.6462943 0.4826154 0.4527451 
taxon4     0.3353783 0.3289475 0.3171014 0.2473186 0.0000000 0.1158834 0.2619543 0.2540070 0.2973233 0.2993306 0.4779772 0.4879378 0.5252145 0.5457735 0.6173076 0.5916345 0.6661354 0.6029686 0.5209840 0.5346490 
taxon5     0.3343260 0.3301323 0.2871414 0.2223287 0.1158834 0.0000000 0.2447872 0.2340225 0.2851940 0.2996824 0.5059584 0.5369702 0.5255871 0.5604442 0.6504738 0.5972088 0.7022467 0.6358053 0.5407535 0.5334907 
taxon6     0.3925198 0.3511204 0.3735884 0.3192315 0.2619543 0.2447872 0.0000000 0.0951839 0.2075098 0.2348214 0.5349508 0.5316127 0.5474560 0.6068518 0.6576987 0.6360625 0.6606428 0.5996375 0.5772704 0.5528799 
taxon7     0.3981895 0.3626499 0.3525821 0.3075137 0.2540070 0.2340225 0.0951839 0.0000000 0.2024220 0.2388808 0.5407137 0.5425408 0.5698316 0.6340913 0.6338439 0.6424560 0.6777872 0.6157322 0.5930594 0.5880420 
taxon8     0.4301318 0.3807346 0.4036140 0.3645007 0.2973233 0.2851940 0.2075098 0.2024220 0.0000000 0.1350709 0.5551668 0.5553875 0.5456103 0.5857352 0.5940429 0.6117454 0.6545209 0.5983755 0.5671016 0.5634506 
taxon9     0.4231812 0.3771847 0.4145884 0.3744026 0.2993306 0.2996824 0.2348214 0.2388808 0.1350709 0.0000000 0.5470827 0.5631704 0.5107916 0.5820633 0.6194813 0.6064074 0.6530195 0.5979529 0.5623893 0.5633340 
taxon10    0.4573943 0.4689214 0.5366303 0.4808643 0.4779772 0.5059584 0.5349508 0.5407137 0.5551668 0.5470827 0.0000000 0.1333784 0.3039944 0.4506007 0.4829126 0.4958611 0.5401320 0.5524945 0.3270234 0.3172145 
taxon11    0.4597942 0.4678885 0.5745690 0.4919216 0.4879378 0.5369702 0.5316127 0.5425408 0.5553875 0.5631704 0.1333784 0.0000000 0.3207496 0.4188527 0.4365043 0.4297283 0.5236837 0.5074412 0.3280632 0.3216494 
taxon12    0.4295394 0.4211580 0.5114049 0.4598728 0.5252145 0.5255871 0.5474560 0.5698316 0.5456103 0.5107916 0.3039944 0.3207496 0.0000000 0.1992537 0.2250353 0.2716902 0.3259539 0.3090554 0.2359401 0.1989201 
taxon13    0.5414893 0.5221008 0.6109957 0.5557938 0.5457735 0.5604442 0.6068518 0.6340913 0.5857352 0.5820633 0.4506007 0.4188527 0.1992537 0.0000000 0.2719706 0.3090480 0.3278002 0.3217416 0.3803576 0.3441781 
taxon14    0.5302746 0.5500441 0.6360397 0.6301389 0.6173076 0.6504738 0.6576987 0.6338439 0.5940429 0.6194813 0.4829126 0.4365043 0.2250353 0.2719706 0.0000000 0.2489321 0.3098602 0.2971693 0.4100280 0.3601200 
taxon15    0.5227904 0.5479323 0.5736529 0.5583479 0.5916345 0.5972088 0.6360625 0.6424560 0.6117454 0.6064074 0.4958611 0.4297283 0.2716902 0.3090480 0.2489321 0.0000000 0.2159320 0.2057007 0.4373730 0.3870283 
taxon16    0.5912215 0.6310976 0.6254658 0.6426689 0.6661354 0.7022467 0.6606428 0.6777872 0.6545209 0.6530195 0.5401320 0.5236837 0.3259539 0.3278002 0.3098602 0.2159320 0.0000000 0.1502843 0.5317349 0.4725921 
taxon17    0.5628744 0.6157486 0.6350188 0.6462943 0.6029686 0.6358053 0.5996375 0.6157322 0.5983755 0.5979529 0.5524945 0.5074412 0.3090554 0.3217416 0.2971693 0.2057007 0.1502843 0.0000000 0.5084802 0.4564598 
taxon18    0.4237881 0.4401570 0.5256888 0.4826154 0.5209840 0.5407535 0.5772704 0.5930594 0.5671016 0.5623893 0.3270234 0.3280632 0.2359401 0.3803576 0.4100280 0.4373730 0.5317349 0.5084802 0.0000000 0.0768260 
taxon19    0.3978517 0.4041397 0.4902052 0.4527451 0.5346490 0.5334907 0.5528799 0.5880420 0.5634506 0.5633340 0.3172145 0.3216494 0.1989201 0.3441781 0.3601200 0.3870283 0.4725921 0.4564598 0.0768260 0.0000000 
