20
taxon0     0.0000000 0.0049200 0.0149205 0.0098669 0.0098669 0.0300162 0.0352062 0.0358981 0.0515130 0.0517793 0.0350831 0.0571270 0.0518641 0.1989031 0.2082618 0.2008868 0.1855627 0.1796451 0.1723122 0.1782081 
taxon1     0.0049200 0.0000000 0.0099294 0.0049247 0.0049247 0.0306261 0.0359095 0.0366255 0.0524931 0.0527681 0.0357815 0.0574187 0.0521341 0.2015434 0.2110034 0.2035645 0.1880958 0.1821336 0.1747242 0.1806646 
taxon2     0.0149205 0.0099294 0.0000000 0.0049586 0.0049586 0.0412558 0.0466476 0.0475529 0.0636223 0.0639592 0.0416480 0.0578310 0.0525091 0.2103944 0.2039287 0.1965748 0.2021237 0.1807226 0.1884422 0.1944627 
taxon3     0.0098669 0.0049247 0.0049586 0.0000000 0.0000010 0.0358164 0.0411394 0.0419467 0.0578719 0.0581759 0.0361580 0.0521599 0.0468868 0.2026768 0.2122012 0.2047184 0.1945380 0.1885472 0.1810504 0.1870161 
taxon4     0.0098669 0.0049247 0.0049586 0.0000010 0.0000000 0.0358164 0.0411394 0.0419467 0.0578719 0.0581759 0.0361580 0.0521599 0.0468868 0.2026768 0.2122012 0.2047184 0.1945380 0.1885472 0.1810504 0.1870161 
taxon5     0.0300162 0.0306261 0.0412558 0.0358164 0.0358164 0.0000000 0.0148603 0.0151700 0.0304707 0.0306247 0.0351443 0.0411450 0.0359563 0.1808922 0.2031085 0.1826994 0.1677459 0.1744581 0.1789272 0.1848521 
taxon6     0.0352062 0.0359095 0.0466476 0.0411394 0.0411394 0.0148603 0.0000000 0.0049511 0.0199121 0.0200112 0.0250875 0.0302667 0.0251819 0.1667144 0.1884010 0.1683726 0.1538022 0.1727569 0.1772218 0.1831233 
taxon7     0.0358981 0.0366255 0.0475529 0.0419467 0.0419467 0.0151700 0.0049511 0.0000000 0.0149093 0.0149833 0.0250774 0.0251806 0.0201135 0.1606836 0.1821874 0.1622820 0.1478434 0.1666955 0.1712000 0.1770829 
taxon8     0.0515130 0.0524931 0.0636223 0.0578719 0.0578719 0.0304707 0.0199121 0.0149093 0.0000000 0.0099629 0.0301124 0.0200935 0.0150470 0.1667986 0.2009403 0.1806617 0.1658248 0.1728440 0.1893733 0.1832136 
taxon9     0.0517793 0.0527681 0.0639592 0.0581759 0.0581759 0.0306247 0.0200112 0.0149833 0.0099629 0.0000000 0.0302638 0.0303877 0.0252834 0.1677744 0.1885737 0.1685276 0.1539431 0.1608526 0.1904837 0.1964604 
taxon10    0.0350831 0.0357815 0.0416480 0.0361580 0.0361580 0.0351443 0.0250875 0.0250774 0.0301124 0.0302638 0.0000000 0.0358706 0.0307002 0.1785763 0.2006228 0.1803517 0.1709486 0.1774755 0.1818856 0.1877686 
taxon11    0.0571270 0.0574187 0.0578310 0.0521599 0.0521599 0.0411450 0.0302667 0.0251806 0.0200935 0.0303877 0.0358706 0.0000000 0.0049526 0.1874734 0.2035175 0.1893555 0.1795407 0.1990713 0.2033874 0.1971278 
taxon12    0.0518641 0.0521341 0.0525091 0.0468868 0.0468868 0.0359563 0.0251819 0.0201135 0.0150470 0.0252834 0.0307002 0.0049526 0.0000000 0.1813105 0.2036590 0.1831312 0.1734491 0.1928738 0.1972328 0.1909999 
taxon13    0.1989031 0.2015434 0.2103944 0.2026768 0.2026768 0.1808922 0.1667144 0.1606836 0.1667986 0.1677744 0.1785763 0.1874734 0.1813105 0.0000000 0.0357851 0.0201762 0.0304107 0.0357329 0.0399275 0.0449660 
taxon14    0.2082618 0.2110034 0.2039287 0.2122012 0.2122012 0.2031085 0.1884010 0.1821874 0.2009403 0.1885737 0.2006228 0.2035175 0.2036590 0.0357851 0.0000000 0.0150757 0.0467753 0.0515431 0.0670453 0.0722806 
taxon15    0.2008868 0.2035645 0.1965748 0.2047184 0.2047184 0.1826994 0.1683726 0.1622820 0.1806617 0.1685276 0.1803517 0.1893555 0.1831312 0.0201762 0.0150757 0.0000000 0.0307674 0.0356004 0.0508840 0.0560326 
taxon16    0.1855627 0.1880958 0.2021237 0.1945380 0.1945380 0.1677459 0.1538022 0.1478434 0.1658248 0.1539431 0.1709486 0.1795407 0.1734491 0.0304107 0.0467753 0.0307674 0.0000000 0.0251582 0.0403494 0.0454401 
taxon17    0.1796451 0.1821336 0.1807226 0.1885472 0.1885472 0.1744581 0.1727569 0.1666955 0.1728440 0.1608526 0.1774755 0.1990713 0.1928738 0.0357329 0.0515431 0.0356004 0.0251582 0.0000000 0.0352928 0.0403755 
taxon18    0.1723122 0.1747242 0.1884422 0.1810504 0.1810504 0.1789272 0.1772218 0.1712000 0.1893733 0.1904837 0.1818856 0.2033874 0.1972328 0.0399275 0.0670453 0.0508840 0.0403494 0.0352928 0.0000000 0.0048779 
taxon19    0.1782081 0.1806646 0.1944627 0.1870161 0.1870161 0.1848521 0.1831233 0.1770829 0.1832136 0.1964604 0.1877686 0.1971278 0.1909999 0.0449660 0.0722806 0.0560326 0.0454401 0.0403755 0.0048779 0.0000000 
