20
taxon0     0.0000000 0.0101653 0.0365625 0.0308700 0.2356695 0.2625591 0.2962343 0.2822217 0.2901521 0.2770617 0.2390322 0.2245176 0.2564649 0.2686829 0.2692226 0.2918186 0.2745508 0.2748989 0.2475550 0.2382483 
taxon1     0.0101653 0.0000000 0.0258632 0.0307679 0.2349154 0.2474087 0.2805867 0.2667770 0.2745471 0.2919155 0.2243030 0.2237904 0.2556347 0.2678245 0.2683614 0.2760934 0.2736774 0.2899544 0.2467540 0.2527035 
taxon2     0.0365625 0.0258632 0.0000000 0.0579756 0.2552053 0.2366891 0.2856276 0.2741232 0.2796101 0.3325517 0.2289538 0.2615978 0.2467279 0.2889946 0.2895754 0.2669380 0.2781958 0.2944524 0.2513676 0.2735815 
taxon3     0.0308700 0.0307679 0.0579756 0.0000000 0.2498130 0.2773235 0.2971376 0.2972740 0.3053612 0.2974622 0.2666589 0.2424974 0.2847937 0.2971016 0.2977009 0.3210304 0.3030770 0.3111881 0.2755300 0.2815368 
taxon4     0.2356695 0.2349154 0.2552053 0.2498130 0.0000000 0.0360913 0.0562137 0.0457735 0.0511171 0.0668669 0.0406763 0.0355819 0.0411459 0.0514316 0.0515203 0.0465515 0.0462634 0.0568875 0.0358037 0.0304297 
taxon5     0.2625591 0.2474087 0.2366891 0.2773235 0.0360913 0.0000000 0.0472797 0.0476075 0.0420559 0.0961019 0.0362221 0.0527131 0.0473905 0.0585568 0.0586613 0.0527657 0.0632980 0.0635476 0.0524946 0.0579954 
taxon6     0.2962343 0.2805867 0.2856276 0.2971376 0.0562137 0.0472797 0.0000000 0.0459163 0.0405536 0.0840458 0.0677422 0.0733864 0.0795534 0.0685306 0.0795406 0.0789392 0.0786155 0.0791876 0.0846476 0.0786672 
taxon7     0.2822217 0.2667770 0.2741232 0.2972740 0.0457735 0.0476075 0.0459163 0.0000000 0.0150150 0.0896529 0.0518601 0.0573888 0.0526018 0.0579889 0.0580917 0.0521624 0.0733290 0.0687228 0.0684444 0.0626336 
taxon8     0.2901521 0.2745471 0.2796101 0.3053612 0.0511171 0.0420559 0.0405536 0.0150150 0.0000000 0.0954087 0.0573341 0.0629215 0.0689725 0.0635773 0.0636904 0.0684215 0.0789722 0.0743854 0.0740851 0.0681960 
taxon9     0.2770617 0.2919155 0.3325517 0.2974622 0.0668669 0.0961019 0.0840458 0.0896529 0.0954087 0.0000000 0.0847417 0.0611979 0.0856967 0.0853081 0.0965249 0.1025811 0.0908253 0.0737599 0.0799377 0.0627121 
taxon10    0.2390322 0.2243030 0.2289538 0.2666589 0.0406763 0.0362221 0.0677422 0.0518601 0.0573341 0.0847417 0.0000000 0.0207067 0.0308415 0.0520811 0.0521724 0.0464488 0.0460909 0.0570073 0.0254236 0.0411928 
taxon11    0.2245176 0.2237904 0.2615978 0.2424974 0.0355819 0.0527131 0.0733864 0.0573888 0.0629215 0.0611979 0.0207067 0.0000000 0.0422958 0.0528433 0.0529372 0.0694018 0.0579033 0.0692355 0.0366138 0.0418087 
taxon12    0.2564649 0.2556347 0.2467279 0.2847937 0.0411459 0.0473905 0.0795534 0.0526018 0.0689725 0.0856967 0.0308415 0.0422958 0.0000000 0.0306240 0.0306775 0.0362793 0.0465247 0.0467085 0.0256690 0.0309449 
taxon13    0.2686829 0.2678245 0.2889946 0.2971016 0.0514316 0.0585568 0.0685306 0.0579889 0.0635773 0.0853081 0.0520811 0.0528433 0.0306240 0.0000000 0.0099926 0.0521024 0.0412490 0.0362516 0.0412085 0.0357525 
taxon14    0.2692226 0.2683614 0.2895754 0.2977009 0.0515203 0.0586613 0.0795406 0.0580917 0.0636904 0.0965249 0.0521724 0.0529372 0.0306775 0.0099926 0.0000000 0.0521939 0.0412449 0.0468856 0.0412801 0.0358137 
taxon15    0.2918186 0.2760934 0.2669380 0.3210304 0.0465515 0.0527657 0.0789392 0.0521624 0.0684215 0.1025811 0.0464488 0.0694018 0.0362793 0.0521024 0.0521939 0.0000000 0.0306796 0.0411582 0.0305840 0.0358466 
taxon16    0.2745508 0.2736774 0.2781958 0.3030770 0.0462634 0.0632980 0.0786155 0.0733290 0.0789722 0.0908253 0.0460909 0.0579033 0.0465247 0.0412490 0.0412449 0.0306796 0.0000000 0.0305471 0.0201051 0.0356277 
taxon17    0.2748989 0.2899544 0.2944524 0.3111881 0.0568875 0.0635476 0.0791876 0.0687228 0.0743854 0.0737599 0.0570073 0.0692355 0.0467085 0.0362516 0.0468856 0.0411582 0.0305471 0.0000000 0.0305174 0.0252656 
taxon18    0.2475550 0.2467540 0.2513676 0.2755300 0.0358037 0.0524946 0.0846476 0.0684444 0.0740851 0.0799377 0.0254236 0.0366138 0.0256690 0.0412085 0.0412801 0.0305840 0.0201051 0.0305174 0.0000000 0.0151612 
taxon19    0.2382483 0.2527035 0.2735815 0.2815368 0.0304297 0.0579954 0.0786672 0.0626336 0.0681960 0.0627121 0.0411928 0.0418087 0.0309449 0.0357525 0.0358137 0.0358466 0.0356277 0.0252656 0.0151612 0.0000000 
