20
taxon0     0.0000000 0.2990852 0.2888055 0.5022211 0.2862628 1.0644664 0.6732419 1.2358222 1.0100391 1.1049797 1.1313885 1.4280539 1.2293134 0.8643319 0.7874440 0.9858523 1.0896619 1.0876442 1.0435001 0.9764926 
taxon1     0.2990852 0.0000000 0.4243662 0.5876216 0.4019522 1.1687378 0.8425654 1.2757288 1.1237501 1.3178655 1.3240664 1.6019532 1.5375808 0.9877112 0.9529439 1.0981996 1.2601227 1.3653355 1.3425278 1.2334907 
taxon2     0.2888055 0.4243662 0.0000000 0.3375292 0.1730059 0.9969106 0.6846470 1.1750124 0.9371095 1.1133420 1.0659759 1.3028135 1.1419835 0.9213106 0.8432416 1.0350184 1.0790005 1.0574648 1.0991080 1.0394424 
taxon3     0.5022211 0.5876216 0.3375292 0.0000000 0.2150895 1.2371793 1.0009411 1.5090762 1.0637072 1.2934614 1.2642875 1.6385327 1.5668828 1.0557877 1.0391493 1.2242971 1.4731729 1.4150358 1.5364763 1.3924304 
taxon4     0.2862628 0.4019522 0.1730059 0.2150895 0.0000000 0.9827990 0.7420372 1.2136386 0.8836261 1.0764714 1.0024868 1.3388412 1.2218263 0.8771047 0.8356187 0.9906718 1.1039253 1.0876918 1.1369239 1.0716500 
taxon5     1.0644664 1.1687378 0.9969106 1.2371793 0.9827990 0.0000000 0.4779535 0.9573360 0.7159867 0.8872522 0.9353349 1.0355100 0.9145573 0.9322347 0.8680090 1.0118011 1.1298281 1.1519760 1.1474555 1.0644581 
taxon6     0.6732419 0.8425654 0.6846470 1.0009411 0.7420372 0.4779535 0.0000000 0.8393633 0.5577006 0.7714652 0.7145481 0.9186040 0.7133225 0.7712092 0.6662804 0.8568679 1.0376894 0.9889692 1.0181056 0.9013415 
taxon7     1.2358222 1.2757288 1.1750124 1.5090762 1.2136386 0.9573360 0.8393633 0.0000000 0.3463287 0.9107519 0.7804968 0.8803709 0.8727469 1.1271612 1.0830690 1.2226060 1.3311964 1.3978140 1.4243420 1.3410523 
taxon8     1.0100391 1.1237501 0.9371095 1.0637072 0.8836261 0.7159867 0.5577006 0.3463287 0.0000000 0.7111256 0.6369699 0.6987334 0.6218921 0.8989303 0.8883004 0.9795119 1.1407253 1.1215695 1.1898045 1.0794852 
taxon9     1.1049797 1.3178655 1.1133420 1.2934614 1.0764714 0.8872522 0.7714652 0.9107519 0.7111256 0.0000000 0.3921485 0.8117292 0.6952072 1.1670856 1.0829710 1.2290119 1.2478252 1.3203035 1.3415878 1.1478678 
taxon10    1.1313885 1.3240664 1.0659759 1.2642875 1.0024868 0.9353349 0.7145481 0.7804968 0.6369699 0.3921485 0.0000000 0.6909677 0.5949033 1.1464556 1.0370125 1.1941051 1.2760060 1.4253903 1.4306447 1.2937725 
taxon11    1.4280539 1.6019532 1.3028135 1.6385327 1.3388412 1.0355100 0.9186040 0.8803709 0.6987334 0.8117292 0.6909677 0.0000000 0.4903693 1.3019198 1.3293160 1.5409585 1.5242683 1.5890671 1.6971780 1.5422016 
taxon12    1.2293134 1.5375808 1.1419835 1.5668828 1.2218263 0.9145573 0.7133225 0.8727469 0.6218921 0.6952072 0.5949033 0.4903693 0.0000000 1.2927372 1.1736299 1.3275143 1.4146309 1.3658999 1.4665579 1.3183419 
taxon13    0.8643319 0.9877112 0.9213106 1.0557877 0.8771047 0.9322347 0.7712092 1.1271612 0.8989303 1.1670856 1.1464556 1.3019198 1.2927372 0.0000000 0.1175318 0.2729359 0.7666149 0.9781488 0.9409305 0.7925587 
taxon14    0.7874440 0.9529439 0.8432416 1.0391493 0.8356187 0.8680090 0.6662804 1.0830690 0.8883004 1.0829710 1.0370125 1.3293160 1.1736299 0.1175318 0.0000000 0.2683697 0.7858415 0.9055761 0.8832575 0.7630282 
taxon15    0.9858523 1.0981996 1.0350184 1.2242971 0.9906718 1.0118011 0.8568679 1.2226060 0.9795119 1.2290119 1.1941051 1.5409585 1.3275143 0.2729359 0.2683697 0.0000000 0.8615082 1.0345407 0.9778490 0.8806277 
taxon16    1.0896619 1.2601227 1.0790005 1.4731729 1.1039253 1.1298281 1.0376894 1.3311964 1.1407253 1.2478252 1.2760060 1.5242683 1.4146309 0.7666149 0.7858415 0.8615082 0.0000000 0.6979553 0.6811258 0.6005058 
taxon17    1.0876442 1.3653355 1.0574648 1.4150358 1.0876918 1.1519760 0.9889692 1.3978140 1.1215695 1.3203035 1.4253903 1.5890671 1.3658999 0.9781488 0.9055761 1.0345407 0.6979553 0.0000000 0.4116378 0.3523726 
taxon18    1.0435001 1.3425278 1.0991080 1.5364763 1.1369239 1.1474555 1.0181056 1.4243420 1.1898045 1.3415878 1.4306447 1.6971780 1.4665579 0.9409305 0.8832575 0.9778490 0.6811258 0.4116378 0.0000000 0.1944379 
taxon19    0.9764926 1.2334907 1.0394424 1.3924304 1.0716500 1.0644581 0.9013415 1.3410523 1.0794852 1.1478678 1.2937725 1.5422016 1.3183419 0.7925587 0.7630282 0.8806277 0.6005058 0.3523726 0.1944379 0.0000000 
