20
taxon0     0.0000000 0.0000010 0.0253991 0.0201855 0.1328873 0.1542742 0.1604265 0.1459032 0.1395348 0.1388792 0.1532537 0.1609860 0.1603276 0.1549175 0.1582369 0.1511517 0.1508009 0.1377638 0.1445564 0.1445564 
taxon1     0.0000010 0.0000000 0.0253991 0.0201855 0.1328873 0.1542742 0.1604265 0.1459032 0.1395348 0.1388792 0.1532537 0.1609860 0.1603276 0.1549175 0.1582369 0.1511517 0.1508009 0.1377638 0.1445564 0.1445564 
taxon2     0.0253991 0.0253991 0.0000000 0.0149859 0.1436263 0.1421876 0.1670370 0.1445424 0.1628207 0.1496147 0.1451951 0.1472485 0.1466525 0.1530011 0.1514700 0.1440031 0.1553760 0.1437323 0.1505619 0.1505619 
taxon3     0.0201855 0.0201855 0.0149859 0.0000000 0.1376961 0.1466873 0.1679701 0.1407010 0.1590925 0.1436632 0.1454924 0.1530656 0.1524465 0.1529035 0.1562085 0.1514881 0.1511374 0.1445979 0.1514467 0.1514467 
taxon4     0.1328873 0.1328873 0.1436263 0.1376961 0.0000000 0.0409079 0.0513275 0.0358195 0.0305744 0.0305334 0.0524767 0.0463421 0.0461729 0.0568051 0.0734401 0.0618152 0.0616905 0.0621216 0.0515148 0.0515148 
taxon5     0.1542742 0.1542742 0.1421876 0.1466873 0.0409079 0.0000000 0.0303883 0.0306844 0.0463499 0.0471958 0.0479263 0.0422732 0.0421155 0.0525159 0.0643349 0.0585384 0.0633265 0.0468799 0.0468844 0.0468844 
taxon6     0.1604265 0.1604265 0.1670370 0.1679701 0.0513275 0.0303883 0.0000000 0.0412564 0.0413013 0.0620634 0.0739750 0.0627756 0.0627431 0.0730946 0.0852600 0.0686285 0.0733242 0.0619402 0.0619461 0.0619461 
taxon7     0.1459032 0.1459032 0.1445424 0.1407010 0.0358195 0.0306844 0.0412564 0.0000000 0.0151995 0.0356905 0.0469990 0.0409887 0.0408403 0.0462118 0.0626011 0.0409073 0.0408246 0.0357912 0.0357945 0.0357945 
taxon8     0.1395348 0.1395348 0.1628207 0.1590925 0.0305744 0.0463499 0.0413013 0.0151995 0.0000000 0.0304647 0.0523534 0.0462351 0.0460671 0.0514839 0.0679926 0.0461431 0.0460497 0.0410097 0.0410135 0.0410135 
taxon9     0.1388792 0.1388792 0.1496147 0.1436632 0.0305334 0.0471958 0.0620634 0.0356905 0.0304647 0.0000000 0.0258294 0.0202620 0.0201894 0.0304794 0.0464672 0.0358049 0.0354388 0.0354347 0.0354380 0.0354380 
taxon10    0.1532537 0.1532537 0.1451951 0.1454924 0.0524767 0.0479263 0.0739750 0.0469990 0.0523534 0.0258294 0.0000000 0.0205762 0.0205012 0.0362360 0.0354609 0.0414607 0.0467991 0.0358154 0.0413146 0.0413146 
taxon11    0.1609860 0.1609860 0.1472485 0.1530656 0.0463421 0.0422732 0.0627756 0.0409887 0.0462351 0.0202620 0.0205762 0.0000000 0.0050316 0.0253825 0.0363341 0.0254517 0.0357070 0.0358600 0.0358634 0.0358634 
taxon12    0.1603276 0.1603276 0.1466525 0.1524465 0.0461729 0.0421155 0.0627431 0.0408403 0.0460671 0.0201894 0.0205012 0.0050316 0.0000000 0.0201933 0.0309744 0.0202484 0.0304360 0.0357298 0.0357331 0.0357331 
taxon13    0.1549175 0.1549175 0.1530011 0.1529035 0.0568051 0.0525159 0.0730946 0.0462118 0.0514839 0.0304794 0.0362360 0.0253825 0.0201933 0.0000000 0.0152552 0.0256039 0.0255929 0.0355278 0.0355311 0.0355311 
taxon14    0.1582369 0.1582369 0.1514700 0.1562085 0.0734401 0.0643349 0.0852600 0.0626011 0.0679926 0.0464672 0.0354609 0.0363341 0.0309744 0.0152552 0.0000000 0.0366511 0.0416174 0.0411073 0.0466700 0.0466700 
taxon15    0.1511517 0.1511517 0.1440031 0.1514881 0.0618152 0.0585384 0.0686285 0.0409073 0.0461431 0.0358049 0.0414607 0.0254517 0.0202484 0.0256039 0.0366511 0.0000000 0.0150988 0.0256621 0.0256646 0.0256646 
taxon16    0.1508009 0.1508009 0.1553760 0.1511374 0.0616905 0.0633265 0.0733242 0.0408246 0.0460497 0.0354388 0.0467991 0.0357070 0.0304360 0.0255929 0.0416174 0.0150988 0.0000000 0.0302293 0.0302321 0.0302321 
taxon17    0.1377638 0.1377638 0.1437323 0.1445979 0.0621216 0.0468799 0.0619402 0.0357912 0.0410097 0.0354347 0.0358154 0.0358600 0.0357298 0.0355278 0.0411073 0.0256621 0.0302293 0.0000000 0.0099506 0.0099506 
taxon18    0.1445564 0.1445564 0.1505619 0.1514467 0.0515148 0.0468844 0.0619461 0.0357945 0.0410135 0.0354380 0.0413146 0.0358634 0.0357331 0.0355311 0.0466700 0.0256646 0.0302321 0.0099506 0.0000000 0.0000010 
taxon19    0.1445564 0.1445564 0.1505619 0.1514467 0.0515148 0.0468844 0.0619461 0.0357945 0.0410135 0.0354380 0.0413146 0.0358634 0.0357331 0.0355311 0.0466700 0.0256646 0.0302321 0.0099506 0.0000010 0.0000000 
