19
taxon0     0.0000000 0.0050719 0.0050406 0.0050719 0.0050467 0.0152634 0.0151676 0.0253315 0.0466328 0.0691388 0.0469528 0.0528551 0.0636708 0.0636708 0.0411720 0.0411720 0.0411465 0.0411465 0.0412646 
taxon1     0.0050719 0.0000000 0.0101601 0.0000010 0.0101727 0.0205090 0.0151299 0.0306307 0.0522102 0.0631781 0.0413157 0.0470905 0.0577787 0.0577787 0.0466740 0.0466740 0.0466447 0.0466447 0.0467793 
taxon2     0.0050406 0.0101601 0.0000000 0.0101601 0.0101088 0.0203815 0.0100759 0.0201930 0.0518930 0.0745685 0.0522476 0.0582239 0.0690772 0.0690772 0.0463902 0.0463902 0.0463612 0.0463612 0.0464943 
taxon3     0.0050719 0.0000010 0.0101601 0.0000000 0.0101727 0.0205090 0.0151299 0.0306307 0.0522102 0.0631781 0.0413157 0.0470905 0.0577787 0.0577787 0.0466740 0.0466740 0.0466447 0.0466447 0.0467793 
taxon4     0.0050467 0.0101727 0.0101088 0.0101727 0.0000000 0.0101518 0.0202793 0.0202191 0.0519600 0.0636764 0.0523156 0.0583009 0.0638555 0.0638555 0.0464495 0.0464495 0.0359205 0.0359205 0.0360236 
taxon5     0.0152634 0.0205090 0.0203815 0.0205090 0.0101518 0.0000000 0.0306639 0.0254335 0.0577243 0.0748698 0.0632728 0.0694365 0.0641749 0.0641749 0.0516522 0.0516522 0.0465521 0.0465521 0.0466862 
taxon6     0.0151676 0.0151299 0.0100759 0.0151299 0.0202793 0.0306639 0.0000000 0.0202168 0.0519577 0.0686266 0.0466030 0.0524590 0.0631976 0.0631976 0.0568759 0.0568759 0.0464183 0.0464183 0.0465517 
taxon7     0.0253315 0.0306307 0.0201930 0.0306307 0.0202191 0.0254335 0.0202168 0.0000000 0.0572828 0.0744277 0.0628988 0.0690243 0.0746325 0.0746325 0.0619633 0.0619633 0.0462755 0.0462755 0.0464088 
taxon8     0.0466328 0.0522102 0.0518930 0.0522102 0.0519600 0.0577243 0.0519577 0.0572828 0.0000000 0.0307754 0.0100655 0.0152990 0.0255933 0.0255933 0.0203891 0.0203891 0.0204152 0.0204152 0.0151537 
taxon9     0.0691388 0.0631781 0.0745685 0.0631781 0.0636764 0.0748698 0.0686266 0.0744277 0.0307754 0.0000000 0.0202951 0.0257050 0.0309665 0.0309665 0.0470260 0.0470260 0.0312734 0.0312734 0.0257935 
taxon10    0.0469528 0.0413157 0.0522476 0.0413157 0.0523156 0.0632728 0.0466030 0.0628988 0.0100655 0.0202951 0.0000000 0.0050446 0.0151907 0.0151907 0.0256352 0.0256352 0.0205573 0.0205573 0.0152589 
taxon11    0.0528551 0.0470905 0.0582239 0.0470905 0.0583009 0.0694365 0.0524590 0.0690243 0.0152990 0.0257050 0.0050446 0.0000000 0.0099880 0.0099880 0.0311686 0.0311686 0.0260384 0.0260384 0.0206163 
taxon12    0.0636708 0.0577787 0.0690772 0.0577787 0.0638555 0.0641749 0.0631976 0.0746325 0.0255933 0.0309665 0.0151907 0.0099880 0.0000000 0.0000010 0.0417114 0.0417114 0.0313667 0.0313667 0.0258708 
taxon13    0.0636708 0.0577787 0.0690772 0.0577787 0.0638555 0.0641749 0.0631976 0.0746325 0.0255933 0.0309665 0.0151907 0.0099880 0.0000010 0.0000000 0.0417114 0.0417114 0.0313667 0.0313667 0.0258708 
taxon14    0.0411720 0.0466740 0.0463902 0.0466740 0.0464495 0.0516522 0.0568759 0.0619633 0.0203891 0.0470260 0.0256352 0.0311686 0.0417114 0.0417114 0.0000000 0.0000010 0.0201733 0.0201733 0.0254617 
taxon15    0.0411720 0.0466740 0.0463902 0.0466740 0.0464495 0.0516522 0.0568759 0.0619633 0.0203891 0.0470260 0.0256352 0.0311686 0.0417114 0.0417114 0.0000010 0.0000000 0.0201733 0.0201733 0.0254617 
taxon16    0.0411465 0.0466447 0.0463612 0.0466447 0.0359205 0.0465521 0.0464183 0.0462755 0.0204152 0.0312734 0.0205573 0.0260384 0.0313667 0.0313667 0.0201733 0.0201733 0.0000000 0.0000010 0.0050555 
taxon17    0.0411465 0.0466447 0.0463612 0.0466447 0.0359205 0.0465521 0.0464183 0.0462755 0.0204152 0.0312734 0.0205573 0.0260384 0.0313667 0.0313667 0.0201733 0.0201733 0.0000010 0.0000000 0.0050555 
taxon18    0.0412646 0.0467793 0.0464943 0.0467793 0.0360236 0.0466862 0.0465517 0.0464088 0.0151537 0.0257935 0.0152589 0.0206163 0.0258708 0.0258708 0.0254617 0.0254617 0.0050555 0.0050555 0.0000000 
