20
taxon0     0.0000000 0.6794787 0.7266679 0.8031321 0.9227317 1.0287363 1.0780284 1.0426270 1.4187724 1.3445183 1.3317331 1.4757516 1.5640078 2.1631548 2.0127371 1.9406497 2.4484061 2.0587300 2.6765897 2.8018776 
taxon1     0.6794787 0.0000000 0.8352295 0.7785777 0.8956991 1.1415568 1.1226444 1.2484098 1.4149101 1.2666231 1.3863832 1.4299375 1.7279266 2.2344552 2.1684162 2.4463375 2.1965337 2.6235979 2.5913987 3.2701189 
taxon2     0.7266679 0.8352295 0.0000000 0.6287775 0.8518921 1.1753966 1.0514052 1.1029196 1.4941115 1.3769436 1.3516649 1.6014385 1.5173394 2.1919773 2.1638389 1.9997069 2.1392999 2.0065478 2.6051470 2.4124201 
taxon3     0.8031321 0.7785777 0.6287775 0.0000000 0.9384987 1.1220414 1.1808555 1.2379487 1.5389780 1.5116888 1.4706650 1.3940381 1.8452546 2.4129730 2.3972363 2.3538814 2.3184564 2.6195135 2.4490807 2.9246081 
taxon4     0.9227317 0.8956991 0.8518921 0.9384987 0.0000000 0.9424077 0.9405337 0.9768333 1.4507712 1.3249011 1.4220172 1.5603231 1.6230267 1.8658399 2.0438666 2.2240728 2.0662310 2.0736528 2.6591293 2.5714601 
taxon5     1.0287363 1.1415568 1.1753966 1.1220414 0.9424077 0.0000000 0.8612797 0.8456785 1.6225088 1.5285241 1.7573472 1.6544527 1.7549790 1.9061252 1.8245746 2.0147753 1.9842175 2.1960014 3.1181205 2.9260697 
taxon6     1.0780284 1.1226444 1.0514052 1.1808555 0.9405337 0.8612797 0.0000000 0.7906040 1.6163324 1.6435185 1.6804193 1.6035140 1.8198255 1.8886229 2.0915753 2.1196658 2.1522386 2.3421441 2.4145196 2.2703696 
taxon7     1.0426270 1.2484098 1.1029196 1.2379487 0.9768333 0.8456785 0.7906040 0.0000000 1.6269878 1.6574411 1.7091532 1.7007505 1.9284654 2.0852256 2.5557597 2.4574095 2.2751992 2.4662950 2.7370246 2.3304881 
taxon8     1.4187724 1.4149101 1.4941115 1.5389780 1.4507712 1.6225088 1.6163324 1.6269878 0.0000000 0.4081478 0.5775324 0.9016061 1.0278383 1.4266376 1.4238588 2.1091755 2.0074977 2.0945467 1.8450292 2.2472606 
taxon9     1.3445183 1.2666231 1.3769436 1.5116888 1.3249011 1.5285241 1.6435185 1.6574411 0.4081478 0.0000000 0.4100766 0.7352757 0.9622899 1.2913646 1.5100493 1.8631510 2.0109850 2.0571356 1.7030776 1.9366496 
taxon10    1.3317331 1.3863832 1.3516649 1.4706650 1.4220172 1.7573472 1.6804193 1.7091532 0.5775324 0.4100766 0.0000000 0.5654029 1.2353203 1.4006668 1.6197556 1.9399386 1.9920027 1.9188915 1.6966956 1.9711987 
taxon11    1.4757516 1.4299375 1.6014385 1.3940381 1.5603231 1.6544527 1.6035140 1.7007505 0.9016061 0.7352757 0.5654029 0.0000000 1.4635669 1.7022915 1.7760485 2.0778503 2.1664065 1.9883280 2.1181568 2.1582517 
taxon12    1.5640078 1.7279266 1.5173394 1.8452546 1.6230267 1.7549790 1.8198255 1.9284654 1.0278383 0.9622899 1.2353203 1.4635669 0.0000000 1.2183509 1.3657325 1.9743832 1.8167191 2.0441254 1.9744255 2.2360791 
taxon13    2.1631548 2.2344552 2.1919773 2.4129730 1.8658399 1.9061252 1.8886229 2.0852256 1.4266376 1.2913646 1.4006668 1.7022915 1.2183509 0.0000000 0.9667875 1.1675654 1.4239151 1.4191802 1.8617793 1.6160908 
taxon14    2.0127371 2.1684162 2.1638389 2.3972363 2.0438666 1.8245746 2.0915753 2.5557597 1.4238588 1.5100493 1.6197556 1.7760485 1.3657325 0.9667875 0.0000000 1.1197216 1.1090705 1.3123069 1.6206989 1.9204510 
taxon15    1.9406497 2.4463375 1.9997069 2.3538814 2.2240728 2.0147753 2.1196658 2.4574095 2.1091755 1.8631510 1.9399386 2.0778503 1.9743832 1.1675654 1.1197216 0.0000000 0.7470645 0.8626382 1.1802259 1.1253974 
taxon16    2.4484061 2.1965337 2.1392999 2.3184564 2.0662310 1.9842175 2.1522386 2.2751992 2.0074977 2.0109850 1.9920027 2.1664065 1.8167191 1.4239151 1.1090705 0.7470645 0.0000000 0.7390479 1.1003943 0.9738944 
taxon17    2.0587300 2.6235979 2.0065478 2.6195135 2.0736528 2.1960014 2.3421441 2.4662950 2.0945467 2.0571356 1.9188915 1.9883280 2.0441254 1.4191802 1.3123069 0.8626382 0.7390479 0.0000000 0.9220161 0.7271955 
taxon18    2.6765897 2.5913987 2.6051470 2.4490807 2.6591293 3.1181205 2.4145196 2.7370246 1.8450292 1.7030776 1.6966956 2.1181568 1.9744255 1.8617793 1.6206989 1.1802259 1.1003943 0.9220161 0.0000000 0.6529907 
taxon19    2.8018776 3.2701189 2.4124201 2.9246081 2.5714601 2.9260697 2.2703696 2.3304881 2.2472606 1.9366496 1.9711987 2.1582517 2.2360791 1.6160908 1.9204510 1.1253974 0.9738944 0.7271955 0.6529907 0.0000000 
