20
taxon0     0.0000000 0.0195685 0.0292254 0.0760095 0.0756588 0.0964939 0.1035862 0.1077581 0.0746545 0.1013459 0.0953703 0.0956427 0.1109692 0.1397814 0.1338769 0.0550068 0.2802884 0.2550568 0.2737385 0.2778093 
taxon1     0.0195685 0.0000000 0.0297942 0.0773142 0.0874824 0.0980519 0.0980407 0.1128846 0.0655604 0.1029570 0.0968991 0.1077629 0.1233350 0.1528462 0.1468060 0.0560061 0.2962311 0.2705959 0.2684597 0.2725622 
taxon2     0.0292254 0.0297942 0.0000000 0.0655272 0.0866250 0.0971332 0.1042826 0.1083204 0.0749368 0.0910905 0.0852220 0.0958686 0.1228268 0.1523540 0.1341806 0.0552199 0.2962174 0.2835101 0.2903218 0.2943507 
taxon3     0.0760095 0.0773142 0.0655272 0.0000000 0.0294023 0.0393292 0.0553413 0.0970593 0.0698002 0.0866452 0.0910611 0.1013278 0.1341471 0.1701612 0.1514666 0.0605246 0.3275191 0.3008401 0.2907339 0.2881645 
taxon4     0.0756588 0.0874824 0.0866250 0.0294023 0.0000000 0.0290195 0.0445315 0.0750704 0.0907386 0.1133817 0.1017983 0.1016995 0.1116716 0.1411042 0.1351486 0.0815666 0.2982924 0.2859773 0.2951749 0.2925696 
taxon5     0.0964939 0.0980519 0.0971332 0.0393292 0.0290195 0.0000000 0.0494160 0.0902951 0.1011614 0.1024737 0.1016935 0.1121690 0.1114943 0.1408811 0.1349346 0.0920551 0.3240181 0.3115465 0.3217957 0.3057548 
taxon6     0.1035862 0.0980407 0.1042826 0.0553413 0.0445315 0.0494160 0.0000000 0.0493911 0.1191125 0.1370643 0.1360411 0.1469169 0.1517276 0.1713072 0.1585056 0.0991027 0.3284973 0.3298749 0.3265170 0.3235462 
taxon7     0.1077581 0.1128846 0.1083204 0.0970593 0.0750704 0.0902951 0.0493911 0.0000000 0.1497996 0.1354390 0.1344391 0.1236500 0.1284548 0.1473533 0.1350558 0.1429510 0.3243002 0.3254022 0.3541209 0.3508462 
taxon8     0.0746545 0.0655604 0.0749368 0.0698002 0.0907386 0.1011614 0.1191125 0.1497996 0.0000000 0.0746002 0.0689837 0.0894838 0.1159533 0.1448630 0.1270850 0.0450218 0.3009247 0.2752553 0.2812918 0.2926496 
taxon9     0.1013459 0.1029570 0.0910905 0.0866452 0.1133817 0.1024737 0.1370643 0.1354390 0.0746002 0.0000000 0.0341997 0.0493201 0.0750885 0.1077257 0.0907160 0.0866927 0.2955736 0.2962336 0.3205764 0.2975945 
taxon10    0.0953703 0.0968991 0.0852220 0.0910611 0.1017983 0.1016935 0.1360411 0.1344391 0.0689837 0.0341997 0.0000000 0.0192375 0.0438692 0.0700246 0.0540673 0.0808286 0.2738004 0.2744019 0.3139941 0.2912679 
taxon11    0.0956427 0.1077629 0.0958686 0.1013278 0.1016995 0.1121690 0.1469169 0.1236500 0.0894838 0.0493201 0.0192375 0.0000000 0.0340063 0.0598213 0.0440896 0.1019256 0.2614677 0.2753368 0.3216482 0.2987093 
taxon12    0.1109692 0.1233350 0.1228268 0.1341471 0.1116716 0.1114943 0.1517276 0.1284548 0.1159533 0.0750885 0.0438692 0.0340063 0.0000000 0.0342365 0.0390368 0.1291955 0.2728924 0.2745795 0.3402974 0.3115254 
taxon13    0.1397814 0.1528462 0.1523540 0.1701612 0.1411042 0.1408811 0.1713072 0.1473533 0.1448630 0.1077257 0.0700246 0.0598213 0.0342365 0.0000000 0.0243061 0.1591125 0.2868651 0.3020825 0.3700630 0.3458179 
taxon14    0.1338769 0.1468060 0.1341806 0.1514666 0.1351486 0.1349346 0.1585056 0.1350558 0.1270850 0.0907160 0.0540673 0.0440896 0.0390368 0.0243061 0.0000000 0.1406886 0.2885292 0.3038543 0.3723161 0.3478910 
taxon15    0.0550068 0.0560061 0.0552199 0.0605246 0.0815666 0.0920551 0.0991027 0.1429510 0.0450218 0.0866927 0.0808286 0.1019256 0.1291955 0.1591125 0.1406886 0.0000000 0.2987480 0.2728293 0.2682604 0.2723617 
taxon16    0.2802884 0.2962311 0.2962174 0.3275191 0.2982924 0.3240181 0.3284973 0.3243002 0.3009247 0.2955736 0.2738004 0.2614677 0.2728924 0.2868651 0.2885292 0.2987480 0.0000000 0.0288384 0.0909535 0.0849828 
taxon17    0.2550568 0.2705959 0.2835101 0.3008401 0.2859773 0.3115465 0.3298749 0.3254022 0.2752553 0.2962336 0.2744019 0.2753368 0.2745795 0.3020825 0.3038543 0.2728293 0.0288384 0.0000000 0.0701324 0.0747611 
taxon18    0.2737385 0.2684597 0.2903218 0.2907339 0.2951749 0.3217957 0.3265170 0.3541209 0.2812918 0.3205764 0.3139941 0.3216482 0.3402974 0.3700630 0.3723161 0.2682604 0.0909535 0.0701324 0.0000000 0.0291967 
taxon19    0.2778093 0.2725622 0.2943507 0.2881645 0.2925696 0.3057548 0.3235462 0.3508462 0.2926496 0.2975945 0.2912679 0.2987093 0.3115254 0.3458179 0.3478910 0.2723617 0.0849828 0.0747611 0.0291967 0.0000000 
