20
taxon0     0.0000000 0.0501540 0.1446504 0.1868915 0.2036574 0.2109385 0.1820084 0.2636422 0.2368241 0.2567960 0.2216860 0.1909176 0.2303951 0.2451736 0.3354168 0.3117852 0.3061234 0.3872834 0.3275846 0.3474181 
taxon1     0.0501540 0.0000000 0.1383443 0.1897585 0.2081393 0.2091009 0.1828118 0.2522810 0.2404187 0.2599331 0.2186512 0.1826940 0.2319129 0.2413157 0.3149141 0.3008967 0.3040202 0.3830073 0.3242790 0.3459581 
taxon2     0.1446504 0.1383443 0.0000000 0.1260524 0.1356519 0.1361493 0.1890086 0.2547000 0.2352200 0.2607551 0.2527514 0.2153557 0.2661342 0.2968259 0.3711299 0.3705627 0.3291711 0.4104847 0.3733236 0.4051455 
taxon3     0.1868915 0.1897585 0.1260524 0.0000000 0.0718073 0.0666137 0.2381851 0.3034092 0.2945667 0.3219201 0.3075847 0.2731057 0.3098599 0.3344349 0.4019599 0.4092445 0.3650792 0.4360276 0.3575129 0.3804595 
taxon4     0.2036574 0.2081393 0.1356519 0.0718073 0.0000000 0.0352798 0.2347598 0.3165449 0.2912538 0.3129514 0.3420479 0.3081334 0.3339472 0.3825725 0.4479087 0.4367092 0.3760436 0.4334814 0.3801303 0.4140700 
taxon5     0.2109385 0.2091009 0.1361493 0.0666137 0.0352798 0.0000000 0.2466854 0.3296883 0.3126698 0.3352261 0.3260380 0.2935854 0.3243867 0.3667210 0.4387974 0.4325904 0.3857662 0.4443173 0.3914225 0.4106777 
taxon6     0.1820084 0.1828118 0.1890086 0.2381851 0.2347598 0.2466854 0.0000000 0.1017973 0.0834550 0.1075230 0.2750915 0.2589445 0.2866260 0.3187821 0.3914712 0.3522978 0.3221189 0.3854480 0.3224218 0.3026742 
taxon7     0.2636422 0.2522810 0.2547000 0.3034092 0.3165449 0.3296883 0.1017973 0.0000000 0.0673702 0.0946784 0.3427560 0.3155677 0.3438111 0.3700524 0.4066500 0.3992272 0.3997155 0.4706326 0.4008549 0.3901825 
taxon8     0.2368241 0.2404187 0.2352200 0.2945667 0.2912538 0.3126698 0.0834550 0.0673702 0.0000000 0.0452015 0.3313591 0.3047905 0.3403217 0.3733425 0.4186812 0.3844995 0.3944821 0.4482596 0.3945898 0.3686384 
taxon9     0.2567960 0.2599331 0.2607551 0.3219201 0.3129514 0.3352261 0.1075230 0.0946784 0.0452015 0.0000000 0.3524549 0.3342471 0.3712615 0.4083017 0.4254983 0.3942185 0.3752328 0.4158162 0.3759351 0.3669411 
taxon10    0.2216860 0.2186512 0.2527514 0.3075847 0.3420479 0.3260380 0.2750915 0.3427560 0.3313591 0.3524549 0.0000000 0.0453268 0.1661185 0.1720606 0.3069731 0.2562651 0.3183569 0.4011878 0.3448160 0.3665784 
taxon11    0.1909176 0.1826940 0.2153557 0.2731057 0.3081334 0.2935854 0.2589445 0.3155677 0.3047905 0.3342471 0.0453268 0.0000000 0.1412808 0.1408060 0.2791076 0.2397318 0.2860450 0.3652781 0.3118539 0.3505345 
taxon12    0.2303951 0.2319129 0.2661342 0.3098599 0.3339472 0.3243867 0.2866260 0.3438111 0.3403217 0.3712615 0.1661185 0.1412808 0.0000000 0.0825124 0.3413429 0.3243981 0.3510846 0.4140657 0.3524568 0.3741750 
taxon13    0.2451736 0.2413157 0.2968259 0.3344349 0.3825725 0.3667210 0.3187821 0.3700524 0.3733425 0.4083017 0.1720606 0.1408060 0.0825124 0.0000000 0.3219953 0.3067662 0.3601677 0.4306005 0.3584871 0.3886268 
taxon14    0.3354168 0.3149141 0.3711299 0.4019599 0.4479087 0.4387974 0.3914712 0.4066500 0.4186812 0.4254983 0.3069731 0.2791076 0.3413429 0.3219953 0.0000000 0.1612708 0.3083670 0.3449481 0.3127907 0.3504754 
taxon15    0.3117852 0.3008967 0.3705627 0.4092445 0.4367092 0.4325904 0.3522978 0.3992272 0.3844995 0.3942185 0.2562651 0.2397318 0.3243981 0.3067662 0.1612708 0.0000000 0.2303545 0.2776540 0.2647872 0.2674065 
taxon16    0.3061234 0.3040202 0.3291711 0.3650792 0.3760436 0.3857662 0.3221189 0.3997155 0.3944821 0.3752328 0.3183569 0.2860450 0.3510846 0.3601677 0.3083670 0.2303545 0.0000000 0.1355386 0.1022709 0.1268668 
taxon17    0.3872834 0.3830073 0.4104847 0.4360276 0.4334814 0.4443173 0.3854480 0.4706326 0.4482596 0.4158162 0.4011878 0.3652781 0.4140657 0.4306005 0.3449481 0.2776540 0.1355386 0.0000000 0.1147514 0.1462152 
taxon18    0.3275846 0.3242790 0.3733236 0.3575129 0.3801303 0.3914225 0.3224218 0.4008549 0.3945898 0.3759351 0.3448160 0.3118539 0.3524568 0.3584871 0.3127907 0.2647872 0.1022709 0.1147514 0.0000000 0.0728209 
taxon19    0.3474181 0.3459581 0.4051455 0.3804595 0.4140700 0.4106777 0.3026742 0.3901825 0.3686384 0.3669411 0.3665784 0.3505345 0.3741750 0.3886268 0.3504754 0.2674065 0.1268668 0.1462152 0.0728209 0.0000000 
