20
taxon0     0.0000000 0.0148642 0.0249113 0.0516292 0.0299020 0.0197463 0.0248110 0.0403428 0.0351936 0.0454929 0.0402416 0.0345861 0.0453053 0.0358711 0.0355721 0.2157563 0.2057124 0.2126238 0.2391423 0.2309782 
taxon1     0.0148642 0.0000000 0.0198263 0.0462411 0.0247909 0.0200195 0.0351866 0.0400811 0.0407970 0.0512692 0.0459169 0.0400908 0.0510548 0.0467141 0.0516984 0.2304530 0.2201003 0.2271583 0.2376272 0.2295179 
taxon2     0.0249113 0.0198263 0.0000000 0.0357154 0.0147655 0.0352525 0.0300527 0.0297761 0.0361733 0.0360942 0.0405705 0.0348661 0.0456734 0.0416309 0.0574431 0.2440332 0.2065244 0.2000616 0.2460934 0.2378390 
taxon3     0.0516292 0.0462411 0.0357154 0.0000000 0.0202449 0.0563760 0.0465997 0.0568447 0.0533638 0.0579197 0.0576224 0.0514648 0.0628888 0.0754600 0.0696235 0.2698616 0.2449998 0.2254575 0.2721778 0.2634975 
taxon4     0.0299020 0.0247909 0.0147655 0.0202449 0.0000000 0.0402996 0.0249802 0.0349177 0.0309407 0.0414470 0.0354131 0.0298093 0.0404996 0.0576778 0.0520915 0.2372615 0.2136404 0.2071172 0.2392605 0.2310966 
taxon5     0.0197463 0.0200195 0.0352525 0.0563760 0.0402996 0.0000000 0.0298909 0.0455640 0.0457318 0.0457592 0.0508394 0.0449495 0.0559656 0.0517181 0.0461169 0.2359364 0.2255103 0.2325952 0.2461343 0.2378813 
taxon6     0.0248110 0.0351866 0.0300527 0.0465997 0.0249802 0.0298909 0.0000000 0.0250662 0.0302942 0.0406108 0.0353944 0.0297921 0.0404802 0.0463615 0.0357993 0.2234605 0.2069515 0.2004612 0.2262321 0.2182170 
taxon7     0.0403428 0.0400811 0.0297761 0.0568447 0.0349177 0.0455640 0.0250662 0.0000000 0.0512969 0.0511833 0.0564534 0.0504203 0.0616312 0.0573904 0.0574202 0.2320656 0.2078440 0.2013373 0.2111925 0.2115698 
taxon8     0.0351936 0.0407970 0.0361733 0.0533638 0.0309407 0.0457318 0.0302942 0.0512969 0.0000000 0.0098275 0.0196519 0.0249271 0.0245863 0.0508535 0.0454628 0.2266087 0.2249108 0.2182506 0.2379053 0.2353353 
taxon9     0.0454929 0.0512692 0.0360942 0.0579197 0.0414470 0.0457592 0.0406108 0.0511833 0.0098275 0.0000000 0.0296423 0.0350834 0.0346133 0.0507422 0.0558888 0.2399376 0.2242547 0.2176186 0.2515879 0.2488606 
taxon10    0.0402416 0.0459169 0.0405705 0.0576224 0.0354131 0.0508394 0.0353944 0.0564534 0.0196519 0.0296423 0.0000000 0.0049492 0.0048792 0.0563785 0.0509122 0.2326298 0.2334290 0.2267976 0.2513008 0.2430029 
taxon11    0.0345861 0.0400908 0.0348661 0.0514648 0.0298093 0.0449495 0.0297921 0.0504203 0.0249271 0.0350834 0.0049492 0.0000000 0.0099067 0.0623695 0.0567967 0.2413204 0.2238875 0.2173638 0.2603477 0.2519035 
taxon12    0.0453053 0.0510548 0.0456734 0.0628888 0.0404996 0.0559656 0.0404802 0.0616312 0.0245863 0.0346133 0.0048792 0.0099067 0.0000000 0.0615578 0.0560531 0.2387444 0.2395530 0.2328977 0.2575815 0.2492182 
taxon13    0.0358711 0.0467141 0.0416309 0.0754600 0.0576778 0.0517181 0.0463615 0.0573904 0.0508535 0.0507422 0.0563785 0.0623695 0.0615578 0.0000000 0.0303444 0.2370165 0.2255489 0.2327744 0.2470726 0.2387477 
taxon14    0.0355721 0.0516984 0.0574431 0.0696235 0.0520915 0.0461169 0.0357993 0.0574202 0.0454628 0.0558888 0.0509122 0.0567967 0.0560531 0.0303444 0.0000000 0.2220327 0.2246729 0.2318757 0.2182339 0.2103298 
taxon15    0.2157563 0.2304530 0.2440332 0.2698616 0.2372615 0.2359364 0.2234605 0.2320656 0.2266087 0.2399376 0.2326298 0.2413204 0.2387444 0.2370165 0.2220327 0.0000000 0.0353272 0.0508964 0.0350237 0.0297924 
taxon16    0.2057124 0.2201003 0.2065244 0.2449998 0.2136404 0.2255103 0.2069515 0.2078440 0.2249108 0.2242547 0.2334290 0.2238875 0.2395530 0.2255489 0.2246729 0.0353272 0.0000000 0.0146788 0.0361550 0.0411482 
taxon17    0.2126238 0.2271583 0.2000616 0.2254575 0.2071172 0.2325952 0.2004612 0.2013373 0.2182506 0.2176186 0.2267976 0.2173638 0.2328977 0.2327744 0.2318757 0.0508964 0.0146788 0.0000000 0.0520793 0.0570494 
taxon18    0.2391423 0.2376272 0.2460934 0.2721778 0.2392605 0.2461343 0.2262321 0.2111925 0.2379053 0.2515879 0.2513008 0.2603477 0.2575815 0.2470726 0.2182339 0.0350237 0.0361550 0.0520793 0.0000000 0.0098316 
taxon19    0.2309782 0.2295179 0.2378390 0.2634975 0.2310966 0.2378813 0.2182170 0.2115698 0.2353353 0.2488606 0.2430029 0.2519035 0.2492182 0.2387477 0.2103298 0.0297924 0.0411482 0.0570494 0.0098316 0.0000000 
