18
taxon0     0.0000000 0.0258197 0.0258197 0.0309904 0.0305555 0.0305555 0.0254729 0.0362174 0.0362839 0.0922229 0.0976772 0.0912615 0.0858660 0.0910341 0.0913294 0.0863729 0.0862527 0.0862527 
taxon1     0.0258197 0.0000000 0.0000010 0.0049773 0.0200329 0.0200329 0.0255193 0.0254418 0.0255687 0.0738765 0.0791848 0.0786688 0.0733943 0.0836579 0.0839299 0.0738288 0.0737246 0.0737246 
taxon2     0.0258197 0.0000010 0.0000000 0.0049773 0.0200329 0.0200329 0.0255193 0.0254418 0.0255687 0.0738765 0.0791848 0.0786688 0.0733943 0.0836579 0.0839299 0.0738288 0.0737246 0.0737246 
taxon3     0.0309904 0.0049773 0.0049773 0.0000000 0.0250530 0.0250530 0.0306325 0.0251584 0.0252821 0.0791848 0.0737803 0.0732994 0.0786688 0.0842764 0.0845522 0.0791298 0.0790198 0.0790198 
taxon4     0.0305555 0.0200329 0.0200329 0.0250530 0.0000000 0.0000010 0.0200631 0.0151864 0.0203174 0.0805163 0.0858958 0.0799774 0.0746353 0.0850240 0.0853037 0.0750817 0.0749748 0.0749748 
taxon5     0.0305555 0.0200329 0.0200329 0.0250530 0.0000010 0.0000000 0.0200631 0.0151864 0.0203174 0.0805163 0.0858958 0.0799774 0.0746353 0.0850240 0.0853037 0.0750817 0.0749748 0.0749748 
taxon7     0.0254729 0.0255193 0.0255193 0.0306325 0.0200631 0.0200631 0.0000000 0.0202940 0.0203302 0.0798675 0.0852257 0.0793349 0.0740161 0.0791230 0.0795704 0.0744573 0.0743517 0.0743517 
taxon8     0.0362174 0.0254418 0.0254418 0.0251584 0.0151864 0.0151864 0.0202940 0.0000000 0.0050103 0.0815268 0.0806473 0.0747565 0.0755744 0.0800762 0.0803407 0.0760305 0.0759214 0.0759214 
taxon9     0.0362839 0.0255687 0.0255687 0.0252821 0.0203174 0.0203174 0.0203302 0.0050103 0.0000000 0.0811269 0.0802528 0.0743774 0.0751898 0.0796855 0.0799483 0.0756429 0.0755345 0.0755345 
taxon10    0.0922229 0.0738765 0.0738765 0.0791848 0.0805163 0.0805163 0.0798675 0.0815268 0.0811269 0.0000000 0.0050269 0.0203972 0.0152907 0.0203080 0.0203722 0.0152562 0.0152832 0.0152832 
taxon11    0.0976772 0.0791848 0.0791848 0.0737803 0.0858958 0.0858958 0.0852257 0.0806473 0.0802528 0.0050269 0.0000000 0.0152715 0.0203972 0.0204663 0.0205310 0.0203502 0.0203872 0.0203872 
taxon12    0.0912615 0.0786688 0.0786688 0.0732994 0.0799774 0.0799774 0.0793349 0.0747565 0.0743774 0.0203972 0.0152715 0.0000000 0.0050315 0.0152203 0.0152687 0.0100660 0.0100791 0.0100791 
taxon13    0.0858660 0.0733943 0.0733943 0.0786688 0.0746353 0.0746353 0.0740161 0.0755744 0.0751898 0.0152907 0.0203972 0.0050315 0.0000000 0.0151038 0.0151507 0.0050306 0.0050371 0.0050371 
taxon14    0.0910341 0.0836579 0.0836579 0.0842764 0.0850240 0.0850240 0.0791230 0.0800762 0.0796855 0.0203080 0.0204663 0.0152203 0.0151038 0.0000000 0.0050101 0.0150700 0.0150964 0.0150964 
taxon15    0.0913294 0.0839299 0.0839299 0.0845522 0.0853037 0.0853037 0.0795704 0.0803407 0.0799483 0.0203722 0.0205310 0.0152687 0.0151507 0.0050101 0.0000000 0.0151169 0.0151433 0.0151433 
taxon16    0.0863729 0.0738288 0.0738288 0.0791298 0.0750817 0.0750817 0.0744573 0.0760305 0.0756429 0.0152562 0.0203502 0.0100660 0.0050306 0.0150700 0.0151169 0.0000000 0.0050441 0.0050441 
taxon17    0.0862527 0.0737246 0.0737246 0.0790198 0.0749748 0.0749748 0.0743517 0.0759214 0.0755345 0.0152832 0.0203872 0.0100791 0.0050371 0.0150964 0.0151433 0.0050441 0.0000000 0.0000010 
taxon18    0.0862527 0.0737246 0.0737246 0.0790198 0.0749748 0.0749748 0.0743517 0.0759214 0.0755345 0.0152832 0.0203872 0.0100791 0.0050371 0.0150964 0.0151433 0.0050441 0.0000010 0.0000000 
