20
taxon0     0.0000000 0.0095994 0.0240686 0.0337233 0.0289057 0.0338300 0.0339479 0.0488382 0.0239795 0.0335666 0.0336779 0.3211263 0.3038309 0.3150778 0.3084460 0.3121150 0.3121244 0.3050471 0.3499609 0.3143322 
taxon1     0.0095994 0.0000000 0.0192738 0.0289334 0.0241115 0.0290253 0.0291262 0.0436014 0.0191353 0.0286988 0.0287938 0.3128526 0.3029042 0.3082438 0.3025490 0.3056348 0.3201090 0.3129611 0.3429596 0.3084402 
taxon2     0.0240686 0.0192738 0.0000000 0.0190927 0.0047437 0.0095172 0.0095493 0.0385663 0.0240974 0.0337274 0.0240760 0.3184529 0.3230480 0.3123068 0.2994665 0.3122206 0.3431391 0.3358154 0.3481049 0.3053023 
taxon3     0.0337233 0.0289334 0.0190927 0.0000000 0.0238851 0.0287524 0.0288514 0.0582691 0.0436770 0.0533712 0.0436387 0.3321082 0.3219201 0.3395510 0.3264967 0.3394771 0.3557128 0.3483344 0.3606665 0.3323633 
taxon4     0.0289057 0.0241115 0.0047437 0.0238851 0.0000000 0.0047434 0.0047593 0.0434228 0.0289386 0.0385750 0.0289130 0.3248037 0.3293911 0.3186553 0.3057819 0.3185718 0.3496303 0.3422737 0.3545931 0.3116176 
taxon5     0.0338300 0.0290253 0.0095172 0.0287524 0.0047434 0.0000000 0.0095487 0.0483998 0.0338666 0.0435313 0.0338367 0.3319895 0.3365777 0.3258263 0.3128890 0.3257458 0.3570264 0.3496170 0.3619960 0.3187365 
taxon6     0.0339479 0.0291262 0.0095493 0.0288514 0.0047593 0.0095487 0.0000000 0.0485703 0.0339847 0.0436841 0.0339546 0.3177166 0.3223022 0.3115850 0.2987781 0.3114987 0.3423279 0.3350257 0.3472824 0.3046005 
taxon7     0.0488382 0.0436014 0.0385663 0.0582691 0.0434228 0.0483998 0.0485703 0.0000000 0.0335736 0.0577826 0.0437800 0.3321206 0.3367153 0.3120249 0.3124156 0.3193449 0.3683341 0.3608724 0.3775876 0.3343350 
taxon8     0.0239795 0.0191353 0.0240974 0.0436770 0.0289386 0.0338666 0.0339847 0.0335736 0.0000000 0.0285716 0.0239496 0.3031914 0.3077724 0.2983704 0.3079728 0.3123368 0.3193939 0.3122647 0.3475950 0.3003666 
taxon9     0.0335666 0.0286988 0.0337274 0.0533712 0.0385750 0.0435313 0.0436841 0.0577826 0.0285716 0.0000000 0.0189970 0.3153672 0.3199289 0.3180236 0.3142353 0.3185826 0.3173790 0.3245726 0.3589626 0.3116480 
taxon10    0.0336779 0.0287938 0.0240760 0.0436387 0.0289130 0.0338367 0.0339546 0.0437800 0.0239496 0.0189970 0.0000000 0.3113668 0.3159598 0.3198739 0.3213808 0.3257243 0.3277888 0.3205810 0.3559571 0.3219630 
taxon11    0.3211263 0.3128526 0.3184529 0.3321082 0.3248037 0.3319895 0.3177166 0.3321206 0.3031914 0.3153672 0.3113668 0.0000000 0.0345046 0.0555929 0.0875664 0.0770208 0.0501832 0.0553113 0.0868944 0.0661290 
taxon12    0.3038309 0.3029042 0.3230480 0.3219201 0.3293911 0.3365777 0.3223022 0.3367153 0.3077724 0.3199289 0.3159598 0.0345046 0.0000000 0.0602813 0.1029150 0.0817931 0.0496925 0.0446093 0.0810398 0.0707916 
taxon13    0.3150778 0.3082438 0.3123068 0.3395510 0.3186553 0.3258263 0.3115850 0.3120249 0.2983704 0.3180236 0.3198739 0.0555929 0.0602813 0.0000000 0.0444906 0.0342546 0.0495186 0.0493435 0.0700429 0.0344638 
taxon14    0.3084460 0.3025490 0.2994665 0.3264967 0.3057819 0.3128890 0.2987781 0.3124156 0.3079728 0.3142353 0.3213808 0.0875664 0.1029150 0.0444906 0.0000000 0.0344217 0.0814306 0.0811378 0.0966711 0.0601056 
taxon15    0.3121150 0.3056348 0.3122206 0.3394771 0.3185718 0.3257458 0.3114987 0.3193449 0.3123368 0.3185826 0.3257243 0.0770208 0.0817931 0.0342546 0.0344217 0.0000000 0.0600707 0.0598568 0.0752927 0.0650294 
taxon16    0.3121244 0.3201090 0.3431391 0.3557128 0.3496303 0.3570264 0.3423279 0.3683341 0.3193939 0.3173790 0.3277888 0.0501832 0.0496925 0.0495186 0.0814306 0.0600707 0.0000000 0.0145511 0.0493494 0.0548199 
taxon17    0.3050471 0.3129611 0.3358154 0.3483344 0.3422737 0.3496170 0.3350257 0.3608724 0.3122647 0.3245726 0.3205810 0.0553113 0.0446093 0.0493435 0.0811378 0.0598568 0.0145511 0.0000000 0.0646495 0.0599834 
taxon18    0.3499609 0.3429596 0.3481049 0.3606665 0.3545931 0.3619960 0.3472824 0.3775876 0.3475950 0.3589626 0.3559571 0.0868944 0.0810398 0.0700429 0.0966711 0.0752927 0.0493494 0.0646495 0.0000000 0.0691364 
taxon19    0.3143322 0.3084402 0.3053023 0.3323633 0.3116176 0.3187365 0.3046005 0.3343350 0.3003666 0.3116480 0.3219630 0.0661290 0.0707916 0.0344638 0.0601056 0.0650294 0.0548199 0.0599834 0.0691364 0.0000000 
