20
taxon0     0.0000000 0.0361782 0.0416417 0.0361272 0.0639753 0.0418642 0.0310948 0.0410526 0.3491287 0.3283220 0.3538897 0.3406249 0.3622329 0.3679088 0.3576027 0.3613661 0.3704510 0.3599986 0.3352575 0.3615124 
taxon1     0.0361782 0.0000000 0.0305125 0.0302472 0.0628760 0.0567730 0.0304544 0.0357308 0.3482764 0.3566414 0.3480640 0.3635220 0.3711453 0.3550538 0.3567550 0.3567212 0.3657115 0.3443177 0.3337248 0.3340846 
taxon2     0.0416417 0.0305125 0.0000000 0.0407727 0.0574116 0.0571154 0.0203411 0.0254113 0.3486256 0.3499638 0.3337561 0.3490654 0.3566134 0.3554138 0.3430134 0.3720821 0.3812645 0.3595807 0.3487159 0.3490891 
taxon3     0.0361272 0.0302472 0.0407727 0.0000000 0.0520978 0.0358128 0.0201870 0.0253758 0.3329827 0.3271420 0.3476304 0.3488936 0.3706676 0.3546140 0.3563103 0.3571350 0.3661367 0.3587560 0.3341124 0.3483132 
taxon4     0.0639753 0.0628760 0.0574116 0.0520978 0.0000000 0.0416848 0.0576546 0.0575550 0.3137521 0.3216884 0.3493261 0.3505992 0.3724768 0.3674605 0.3829986 0.3701068 0.3793431 0.3718105 0.3465847 0.3610594 
taxon5     0.0418642 0.0567730 0.0571154 0.0358128 0.0416848 0.0000000 0.0359876 0.0519647 0.3243510 0.3365196 0.3388337 0.3400650 0.3616460 0.3641343 0.3658871 0.3667378 0.3758774 0.3684134 0.3434361 0.3577839 
taxon6     0.0310948 0.0304544 0.0203411 0.0201870 0.0576546 0.0359876 0.0000000 0.0152685 0.3500377 0.3371606 0.3360179 0.3514248 0.3590210 0.3577754 0.3595019 0.3745570 0.3838060 0.3619909 0.3510397 0.3514164 
taxon7     0.0410526 0.0357308 0.0254113 0.0253758 0.0575550 0.0519647 0.0152685 0.0000000 0.3357952 0.3229739 0.3276879 0.3352404 0.3427110 0.3494042 0.3342701 0.3588421 0.3678898 0.3476289 0.3369093 0.3430771 
taxon8     0.3491287 0.3482764 0.3486256 0.3329827 0.3137521 0.3243510 0.3500377 0.3357952 0.0000000 0.0454633 0.1052199 0.0995475 0.1047537 0.1286581 0.1171789 0.1167572 0.1228095 0.0996761 0.0943032 0.1163761 
taxon9     0.3283220 0.3566414 0.3499638 0.3271420 0.3216884 0.3365196 0.3371606 0.3229739 0.0454633 0.0000000 0.0845690 0.0899649 0.0952226 0.1012025 0.0899680 0.1006171 0.1065597 0.0944606 0.0890918 0.1002861 
taxon10    0.3538897 0.3480640 0.3337561 0.3476304 0.3493261 0.3388337 0.3360179 0.3276879 0.1052199 0.0845690 0.0000000 0.0302972 0.0354333 0.0897406 0.0942943 0.1055723 0.0996387 0.0950881 0.1002446 0.0889260 
taxon11    0.3406249 0.3635220 0.3490654 0.3488936 0.3505992 0.3400650 0.3514248 0.3352404 0.0995475 0.0899649 0.0302972 0.0000000 0.0149530 0.1009640 0.0999757 0.0994735 0.0936275 0.1002639 0.0945767 0.1000525 
taxon12    0.3622329 0.3711453 0.3566134 0.3706676 0.3724768 0.3616460 0.3590210 0.3427110 0.1047537 0.0952226 0.0354333 0.0149530 0.0000000 0.0953298 0.0943971 0.1046782 0.0987997 0.0946661 0.0997990 0.0944669 
taxon13    0.3679088 0.3550538 0.3554138 0.3546140 0.3674605 0.3641343 0.3577754 0.3494042 0.1286581 0.1012025 0.0897406 0.1009640 0.0953298 0.0000000 0.0252268 0.0355781 0.0408977 0.0356934 0.0407394 0.0201548 
taxon14    0.3576027 0.3567550 0.3430134 0.3563103 0.3829986 0.3658871 0.3595019 0.3342701 0.1171789 0.0899680 0.0942943 0.0999757 0.0943971 0.0252268 0.0000000 0.0353301 0.0406105 0.0355370 0.0405621 0.0249923 
taxon15    0.3613661 0.3567212 0.3720821 0.3571350 0.3701068 0.3667378 0.3745570 0.3588421 0.1167572 0.1006171 0.1055723 0.0994735 0.1046782 0.0355781 0.0353301 0.0000000 0.0049817 0.0251879 0.0200660 0.0149718 
taxon16    0.3704510 0.3657115 0.3812645 0.3661367 0.3793431 0.3758774 0.3838060 0.3678898 0.1228095 0.1065597 0.0996387 0.0936275 0.0987997 0.0408977 0.0406105 0.0049817 0.0000000 0.0304019 0.0252272 0.0200764 
taxon17    0.3599986 0.3443177 0.3595807 0.3587560 0.3718105 0.3684134 0.3619909 0.3476289 0.0996761 0.0944606 0.0950881 0.1002639 0.0946661 0.0356934 0.0355370 0.0251879 0.0304019 0.0000000 0.0150669 0.0150188 
taxon18    0.3352575 0.3337248 0.3487159 0.3341124 0.3465847 0.3434361 0.3510397 0.3369093 0.0943032 0.0890918 0.1002446 0.0945767 0.0997990 0.0407394 0.0405621 0.0200660 0.0252272 0.0150669 0.0000000 0.0200010 
taxon19    0.3615124 0.3340846 0.3490891 0.3483132 0.3610594 0.3577839 0.3514164 0.3430771 0.1163761 0.1002861 0.0889260 0.1000525 0.0944669 0.0201548 0.0249923 0.0149718 0.0200764 0.0150188 0.0200010 0.0000000 
