20
taxon0     0.0000000 0.4511104 0.5146065 0.5239413 0.9067959 0.8699896 0.7647609 1.0542739 0.9152377 1.0902137 0.9455418 0.8867817 0.8152551 0.9308709 1.0779894 1.1058539 1.1641699 1.5499004 1.3526755 1.3210155 
taxon1     0.4511104 0.0000000 0.5853434 0.6046015 0.9005449 0.8779624 0.7992197 1.1287571 0.9245879 1.1112727 1.1639351 1.0327639 1.0317913 1.1292160 1.1515558 1.2204252 1.2651087 1.5840118 1.3910298 1.3330516 
taxon2     0.5146065 0.5853434 0.0000000 0.3536319 0.7627960 0.7050119 0.6852396 1.3113066 1.1167520 1.1452631 1.0805571 1.0793791 1.1284557 1.0450043 1.2626985 1.2715009 1.1678017 1.8972410 1.4052689 1.3392856 
taxon3     0.5239413 0.6046015 0.3536319 0.0000000 0.5939044 0.5001082 0.5449436 1.3768554 1.0780623 1.2525036 1.1476963 1.1095978 1.1681057 1.1620434 1.3236492 1.3123510 1.1953762 1.8091528 1.4400164 1.3663007 
taxon4     0.9067959 0.9005449 0.7627960 0.5939044 0.0000000 0.4988690 0.5215136 1.4733459 1.3365937 1.4258235 1.3391156 1.2064555 1.4280731 1.3108401 1.5571878 1.4984098 1.5062205 1.9496708 1.6176740 1.6185280 
taxon5     0.8699896 0.8779624 0.7050119 0.5001082 0.4988690 0.0000000 0.4077107 1.5728328 1.3489034 1.5735568 1.3403297 1.3242150 1.5207967 1.4170587 1.4956961 1.5940692 1.4065535 2.1720349 1.8411473 1.8852423 
taxon6     0.7647609 0.7992197 0.6852396 0.5449436 0.5215136 0.4077107 0.0000000 1.4238638 1.2982206 1.3762132 1.3510592 1.2370168 1.3833578 1.3808983 1.3683958 1.4249300 1.4412079 1.8532157 1.7140998 1.6438807 
taxon7     1.0542739 1.1287571 1.3113066 1.3768554 1.4733459 1.5728328 1.4238638 0.0000000 0.6475344 0.7982411 0.8969716 0.8837411 0.9334687 0.9609106 1.4830994 1.4271695 1.3352504 1.3358184 1.3242727 1.3474254 
taxon8     0.9152377 0.9245879 1.1167520 1.0780623 1.3365937 1.3489034 1.2982206 0.6475344 0.0000000 0.4477685 0.7144518 0.6757824 0.7151836 0.7629980 1.2573263 1.4263495 1.2611775 1.4370514 1.2790009 1.3617421 
taxon9     1.0902137 1.1112727 1.1452631 1.2525036 1.4258235 1.5735568 1.3762132 0.7982411 0.4477685 0.0000000 0.8131888 0.8079141 0.8280688 0.8764035 1.4316075 1.4294567 1.4258048 1.4711484 1.3511312 1.3546876 
taxon10    0.9455418 1.1639351 1.0805571 1.1476963 1.3391156 1.3403297 1.3510592 0.8969716 0.7144518 0.8131888 0.0000000 0.2323327 0.4143616 0.4301570 1.2371331 1.2383224 1.3385648 1.4897048 1.5410355 1.4624198 
taxon11    0.8867817 1.0327639 1.0793791 1.1095978 1.2064555 1.3242150 1.2370168 0.8837411 0.6757824 0.8079141 0.2323327 0.0000000 0.3542139 0.4042943 1.0930305 1.1430769 1.3904046 1.4942736 1.5876554 1.5854398 
taxon12    0.8152551 1.0317913 1.1284557 1.1681057 1.4280731 1.5207967 1.3833578 0.9334687 0.7151836 0.8280688 0.4143616 0.3542139 0.0000000 0.3483756 1.2194901 1.2520882 1.3480056 1.6683400 1.6054563 1.5256392 
taxon13    0.9308709 1.1292160 1.0450043 1.1620434 1.3108401 1.4170587 1.3808983 0.9609106 0.7629980 0.8764035 0.4301570 0.4042943 0.3483756 0.0000000 1.3333456 1.4368715 1.3271984 1.6696872 1.6384990 1.5706137 
taxon14    1.0779894 1.1515558 1.2626985 1.3236492 1.5571878 1.4956961 1.3683958 1.4830994 1.2573263 1.4316075 1.2371331 1.0930305 1.2194901 1.3333456 0.0000000 0.1887235 0.9054892 1.3085269 1.1522594 1.1075817 
taxon15    1.1058539 1.2204252 1.2715009 1.3123510 1.4984098 1.5940692 1.4249300 1.4271695 1.4263495 1.4294567 1.2383224 1.1430769 1.2520882 1.4368715 0.1887235 0.0000000 0.9220991 1.2247488 1.1529084 1.1883951 
taxon16    1.1641699 1.2651087 1.1678017 1.1953762 1.5062205 1.4065535 1.4412079 1.3352504 1.2611775 1.4258048 1.3385648 1.3904046 1.3480056 1.3271984 0.9054892 0.9220991 0.0000000 0.8637981 0.6568786 0.6285829 
taxon17    1.5499004 1.5840118 1.8972410 1.8091528 1.9496708 2.1720349 1.8532157 1.3358184 1.4370514 1.4711484 1.4897048 1.4942736 1.6683400 1.6696872 1.3085269 1.2247488 0.8637981 0.0000000 0.6072494 0.6124018 
taxon18    1.3526755 1.3910298 1.4052689 1.4400164 1.6176740 1.8411473 1.7140998 1.3242727 1.2790009 1.3511312 1.5410355 1.5876554 1.6054563 1.6384990 1.1522594 1.1529084 0.6568786 0.6072494 0.0000000 0.1950242 
taxon19    1.3210155 1.3330516 1.3392856 1.3663007 1.6185280 1.8852423 1.6438807 1.3474254 1.3617421 1.3546876 1.4624198 1.5854398 1.5256392 1.5706137 1.1075817 1.1883951 0.6285829 0.6124018 0.1950242 0.0000000 
