20
taxon0     0.0000000 0.0300144 0.0250553 0.0512698 0.0671738 0.0564000 0.0780184 0.0843680 0.2248994 0.2248994 0.2046831 0.1987404 0.2302215 0.2583126 0.2386726 0.2638967 0.2422926 0.2473432 0.2399178 0.2337883 
taxon1     0.0300144 0.0000000 0.0453326 0.0616516 0.0563959 0.0670538 0.0776302 0.0732726 0.2175973 0.2175973 0.1976105 0.1792630 0.2100386 0.2383321 0.2190757 0.2571487 0.2356941 0.2397581 0.2324126 0.2263378 
taxon2     0.0250553 0.0453326 0.0000000 0.0354347 0.0510082 0.0511721 0.0616084 0.0722565 0.2048022 0.2048022 0.1851094 0.1792702 0.2100488 0.2373659 0.2181922 0.2425803 0.2215375 0.2265888 0.2193441 0.2133312 
taxon3     0.0512698 0.0616516 0.0354347 0.0000000 0.0457003 0.0561895 0.0666209 0.0667812 0.2077544 0.2077544 0.2055983 0.1996479 0.2178686 0.2379653 0.2151406 0.2388812 0.2217035 0.2192776 0.2121112 0.2061501 
taxon4     0.0671738 0.0563959 0.0510082 0.0457003 0.0000000 0.0399219 0.0500690 0.0511106 0.2013013 0.2013013 0.1935110 0.1875934 0.2105108 0.2346017 0.2317823 0.2529167 0.2353048 0.2357226 0.2283617 0.2222689 
taxon5     0.0564000 0.0670538 0.0511721 0.0561895 0.0399219 0.0000000 0.0299446 0.0512539 0.2263110 0.2263110 0.2182290 0.2122274 0.2231326 0.2476596 0.2573445 0.2794649 0.2611766 0.2615919 0.2540664 0.2478730 
taxon6     0.0780184 0.0776302 0.0616084 0.0666209 0.0500690 0.0299446 0.0000000 0.0458894 0.2257227 0.2257227 0.2176641 0.2179519 0.2288602 0.2534566 0.2632182 0.2826088 0.2643228 0.2661953 0.2534044 0.2606867 
taxon7     0.0843680 0.0732726 0.0722565 0.0667812 0.0511106 0.0512539 0.0458894 0.0000000 0.2203403 0.2203403 0.2123185 0.2003334 0.2112192 0.2462970 0.2391596 0.2637935 0.2459532 0.2537967 0.2479611 0.2486414 
taxon8     0.2248994 0.2175973 0.2048022 0.2077544 0.2013013 0.2263110 0.2257227 0.2203403 0.0000000 0.0000010 0.0395887 0.0396248 0.0549570 0.0819841 0.0712400 0.0713099 0.0817501 0.0603208 0.0556738 0.0553462 
taxon9     0.2248994 0.2175973 0.2048022 0.2077544 0.2013013 0.2263110 0.2257227 0.2203403 0.0000010 0.0000000 0.0395887 0.0396248 0.0549570 0.0819841 0.0712400 0.0713099 0.0817501 0.0603208 0.0556738 0.0553462 
taxon10    0.2046831 0.1976105 0.1851094 0.2055983 0.1935110 0.2182290 0.2176641 0.2123185 0.0395887 0.0395887 0.0000000 0.0195698 0.0445825 0.0762187 0.0605442 0.0714602 0.0554873 0.0501979 0.0558249 0.0554956 
taxon11    0.1987404 0.1792630 0.1792702 0.1996479 0.1875934 0.2122274 0.2179519 0.2003334 0.0396248 0.0396248 0.0195698 0.0000000 0.0245462 0.0553877 0.0400056 0.0771590 0.0610027 0.0552973 0.0558782 0.0503807 
taxon12    0.2302215 0.2100386 0.2100488 0.2178686 0.2105108 0.2231326 0.2288602 0.2112192 0.0549570 0.0549570 0.0445825 0.0245462 0.0000000 0.0499961 0.0347602 0.0886649 0.0715191 0.0662561 0.0669549 0.0613001 
taxon13    0.2583126 0.2383321 0.2373659 0.2379653 0.2346017 0.2476596 0.2534566 0.2462970 0.0819841 0.0819841 0.0762187 0.0553877 0.0499961 0.0000000 0.0249226 0.1055072 0.0878301 0.1040216 0.1051092 0.0990504 
taxon14    0.2386726 0.2190757 0.2181922 0.2151406 0.2317823 0.2573445 0.2632182 0.2391596 0.0712400 0.0712400 0.0605442 0.0400056 0.0347602 0.0249226 0.0000000 0.0890226 0.0718037 0.0758352 0.0766241 0.0709314 
taxon15    0.2638967 0.2571487 0.2425803 0.2388812 0.2529167 0.2794649 0.2826088 0.2637935 0.0713099 0.0713099 0.0714602 0.0771590 0.0886649 0.1055072 0.0890226 0.0000000 0.0406925 0.0771140 0.0887113 0.0840596 
taxon16    0.2422926 0.2356941 0.2215375 0.2217035 0.2353048 0.2611766 0.2643228 0.2459532 0.0817501 0.0817501 0.0554873 0.0610027 0.0715191 0.0878301 0.0718037 0.0406925 0.0000000 0.0770708 0.0778816 0.0840156 
taxon17    0.2473432 0.2397581 0.2265888 0.2192776 0.2357226 0.2615919 0.2661953 0.2537967 0.0603208 0.0603208 0.0501979 0.0552973 0.0662561 0.1040216 0.0758352 0.0771140 0.0770708 0.0000000 0.0347934 0.0297777 
taxon18    0.2399178 0.2324126 0.2193441 0.2121112 0.2283617 0.2540664 0.2534044 0.2479611 0.0556738 0.0556738 0.0558249 0.0558782 0.0669549 0.1051092 0.0766241 0.0887113 0.0778816 0.0347934 0.0000000 0.0198433 
taxon19    0.2337883 0.2263378 0.2133312 0.2061501 0.2222689 0.2478730 0.2606867 0.2486414 0.0553462 0.0553462 0.0554956 0.0503807 0.0613001 0.0990504 0.0709314 0.0840596 0.0840156 0.0297777 0.0198433 0.0000000 
