20
taxon0     0.0000000 0.3873545 0.3795949 0.5890558 0.7790817 1.0507434 0.4633167 0.7135833 0.9903666 0.8142712 0.7078063 0.9119954 0.8927886 1.1573675 1.2249169 1.3249059 1.3202915 1.3217750 1.5051514 1.2870821 
taxon1     0.3873545 0.0000000 0.3199476 0.8136612 1.1217391 1.3438767 0.7354786 0.9720291 1.2584956 1.1059382 0.8940891 1.2119385 1.1356268 1.6277211 1.4746919 1.5782343 1.7364791 1.6271609 1.8892055 1.6146317 
taxon2     0.3795949 0.3199476 0.0000000 0.7337240 1.0391425 1.1563486 0.6677004 0.8922216 1.1206658 0.9707663 0.8438983 1.0862134 1.0838952 1.2253862 1.4346057 1.3175023 1.3801195 1.2885751 1.5252331 1.4039017 
taxon3     0.5890558 0.8136612 0.7337240 0.0000000 0.7725971 1.0084855 0.4962990 0.6730142 0.9588224 0.8040272 0.7653113 0.8508691 0.8833539 1.0291509 1.1812939 1.2949271 1.3377336 1.2852839 1.3974613 1.3204373 
taxon4     0.7790817 1.1217391 1.0391425 0.7725971 0.0000000 0.9068239 0.8360477 1.0092554 1.3458682 1.1028263 1.1111896 1.1507093 1.2662127 1.4911726 1.4132789 1.5678814 1.7115257 2.0867545 2.3617453 1.8314642 
taxon5     1.0507434 1.3438767 1.1563486 1.0084855 0.9068239 0.0000000 1.0245679 1.2667318 1.5985114 1.3761264 1.3509384 1.4204765 1.4328941 1.6875801 1.5945946 1.6147902 1.9722448 1.8481849 2.1366355 1.7518799 
taxon6     0.4633167 0.7354786 0.6677004 0.4962990 0.8360477 1.0245679 0.0000000 0.2753261 0.9510173 0.7932717 0.7278552 0.9684866 0.9890006 1.1514219 1.2080850 1.4499056 1.4642830 1.3763086 1.6206791 1.3839697 
taxon7     0.7135833 0.9720291 0.8922216 0.6730142 1.0092554 1.2667318 0.2753261 0.0000000 1.1057808 0.9923411 0.9169053 1.0310508 1.1260276 1.2687597 1.3014859 1.6282018 1.5891025 1.3693759 1.8023936 1.5006243 
taxon8     0.9903666 1.2584956 1.1206658 0.9588224 1.3458682 1.5985114 0.9510173 1.1057808 0.0000000 1.0102135 0.8639583 1.2937595 1.4582515 1.5285862 1.5922397 1.7791236 1.6216769 1.6679387 1.8766689 1.7105794 
taxon9     0.8142712 1.1059382 0.9707663 0.8040272 1.1028263 1.3761264 0.7932717 0.9923411 1.0102135 0.0000000 0.5436828 1.2172189 1.1971269 1.3874830 1.5294246 1.5571525 1.6046193 1.5673532 1.8514418 1.5066920 
taxon10    0.7078063 0.8940891 0.8438983 0.7653113 1.1111896 1.3509384 0.7278552 0.9169053 0.8639583 0.5436828 0.0000000 1.0319051 1.0581253 1.2668196 1.4076771 1.4144690 1.5516146 1.4706969 1.5319725 1.4225313 
taxon11    0.9119954 1.2119385 1.0862134 0.8508691 1.1507093 1.4204765 0.9684866 1.0310508 1.2937595 1.2172189 1.0319051 0.0000000 0.4110286 0.5006523 0.8473273 1.0390982 1.0151739 1.0853715 1.2030142 1.0877233 
taxon12    0.8927886 1.1356268 1.0838952 0.8833539 1.2662127 1.4328941 0.9890006 1.1260276 1.4582515 1.1971269 1.0581253 0.4110286 0.0000000 0.4550821 0.9316207 1.0979677 1.0637867 1.0663715 1.2731739 1.0818804 
taxon13    1.1573675 1.6277211 1.2253862 1.0291509 1.4911726 1.6875801 1.1514219 1.2687597 1.5285862 1.3874830 1.2668196 0.5006523 0.4550821 0.0000000 1.0919834 1.2554157 1.3085351 1.2860652 1.4236771 1.3482548 
taxon14    1.2249169 1.4746919 1.4346057 1.1812939 1.4132789 1.5945946 1.2080850 1.3014859 1.5922397 1.5294246 1.4076771 0.8473273 0.9316207 1.0919834 0.0000000 0.9652081 0.9889342 0.9444108 1.1991940 0.9147293 
taxon15    1.3249059 1.5782343 1.3175023 1.2949271 1.5678814 1.6147902 1.4499056 1.6282018 1.7791236 1.5571525 1.4144690 1.0390982 1.0979677 1.2554157 0.9652081 0.0000000 0.7867552 0.7186152 1.0097538 0.8270949 
taxon16    1.3202915 1.7364791 1.3801195 1.3377336 1.7115257 1.9722448 1.4642830 1.5891025 1.6216769 1.6046193 1.5516146 1.0151739 1.0637867 1.3085351 0.9889342 0.7867552 0.0000000 0.6855320 0.9478237 0.8005016 
taxon17    1.3217750 1.6271609 1.2885751 1.2852839 2.0867545 1.8481849 1.3763086 1.3693759 1.6679387 1.5673532 1.4706969 1.0853715 1.0663715 1.2860652 0.9444108 0.7186152 0.6855320 0.0000000 0.6480356 0.5693522 
taxon18    1.5051514 1.8892055 1.5252331 1.3974613 2.3617453 2.1366355 1.6206791 1.8023936 1.8766689 1.8514418 1.5319725 1.2030142 1.2731739 1.4236771 1.1991940 1.0097538 0.9478237 0.6480356 0.0000000 0.4285656 
taxon19    1.2870821 1.6146317 1.4039017 1.3204373 1.8314642 1.7518799 1.3839697 1.5006243 1.7105794 1.5066920 1.4225313 1.0877233 1.0818804 1.3482548 0.9147293 0.8270949 0.8005016 0.5693522 0.4285656 0.0000000 
