20
taxon0     0.0000000 0.1034719 0.1933930 0.2097756 0.2166403 0.2412875 0.2790486 0.2771529 0.2784071 0.3222743 0.2764389 0.2749611 0.2628185 0.2530893 0.2843958 0.2707148 0.3130303 0.2650213 0.3052078 0.3392375 
taxon1     0.1034719 0.0000000 0.1727436 0.1997579 0.2182835 0.2252901 0.2526622 0.2445347 0.2856724 0.2782880 0.2571434 0.2664313 0.2365957 0.2427842 0.2581954 0.2445009 0.2752627 0.2387823 0.2735649 0.2990880 
taxon2     0.1933930 0.1727436 0.0000000 0.1484740 0.1548387 0.1571550 0.1770138 0.2213056 0.2839558 0.2779092 0.2140956 0.2263566 0.2014408 0.2160325 0.2798868 0.1937389 0.2750915 0.2271372 0.2843985 0.2776223 
taxon3     0.2097756 0.1997579 0.1484740 0.0000000 0.1038678 0.1219163 0.1409488 0.2795771 0.3203818 0.3166467 0.2265994 0.2436267 0.2304090 0.2745848 0.3228240 0.2628866 0.3111374 0.2705688 0.3045185 0.3220569 
taxon4     0.2166403 0.2182835 0.1548387 0.1038678 0.0000000 0.0838736 0.0920638 0.2779930 0.3073833 0.3087245 0.2635868 0.2843829 0.2467947 0.2853560 0.3159345 0.2553819 0.2907960 0.2627896 0.3067039 0.3083456 
taxon5     0.2412875 0.2252901 0.1571550 0.1219163 0.0838736 0.0000000 0.0786072 0.2891278 0.3269762 0.3092244 0.2575784 0.2691808 0.2490748 0.2828352 0.2980593 0.2613528 0.3078912 0.2600224 0.3011159 0.2987959 
taxon6     0.2790486 0.2526622 0.1770138 0.1409488 0.0920638 0.0786072 0.0000000 0.3024483 0.3620776 0.3373983 0.2785271 0.2911165 0.2639698 0.3197371 0.3388114 0.2959186 0.3188391 0.2924806 0.3126815 0.3203380 
taxon7     0.2771529 0.2445347 0.2213056 0.2795771 0.2779930 0.2891278 0.3024483 0.0000000 0.1258243 0.0985335 0.1572200 0.1758812 0.1636856 0.2288727 0.2430069 0.2141447 0.2377701 0.2243919 0.2610783 0.2728573 
taxon8     0.2784071 0.2856724 0.2839558 0.3203818 0.3073833 0.3269762 0.3620776 0.1258243 0.0000000 0.1284875 0.2181365 0.2484668 0.2621819 0.2597058 0.2947844 0.2725781 0.2990898 0.2794991 0.3100112 0.3187734 
taxon9     0.3222743 0.2782880 0.2779092 0.3166467 0.3087245 0.3092244 0.3373983 0.0985335 0.1284875 0.0000000 0.2107123 0.2175007 0.2271534 0.2787402 0.2851223 0.2772567 0.2899642 0.2700159 0.2886149 0.3127381 
taxon10    0.2764389 0.2571434 0.2140956 0.2265994 0.2635868 0.2575784 0.2785271 0.1572200 0.2181365 0.2107123 0.0000000 0.1239168 0.1114132 0.1929415 0.2399577 0.1785990 0.2476103 0.2028749 0.2533175 0.2663847 
taxon11    0.2749611 0.2664313 0.2263566 0.2436267 0.2843829 0.2691808 0.2911165 0.1758812 0.2484668 0.2175007 0.1239168 0.0000000 0.1120574 0.2042468 0.2375550 0.2209012 0.2736309 0.2322669 0.2769768 0.3013340 
taxon12    0.2628185 0.2365957 0.2014408 0.2304090 0.2467947 0.2490748 0.2639698 0.1636856 0.2621819 0.2271534 0.1114132 0.1120574 0.0000000 0.1792006 0.2262027 0.1976400 0.2661603 0.2261959 0.2698496 0.2817773 
taxon13    0.2530893 0.2427842 0.2160325 0.2745848 0.2853560 0.2828352 0.3197371 0.2288727 0.2597058 0.2787402 0.1929415 0.2042468 0.1792006 0.0000000 0.1050682 0.1075483 0.1926373 0.1586745 0.2156714 0.2187662 
taxon14    0.2843958 0.2581954 0.2798868 0.3228240 0.3159345 0.2980593 0.3388114 0.2430069 0.2947844 0.2851223 0.2399577 0.2375550 0.2262027 0.1050682 0.0000000 0.1715415 0.2458741 0.1994025 0.2389416 0.2423092 
taxon15    0.2707148 0.2445009 0.1937389 0.2628866 0.2553819 0.2613528 0.2959186 0.2141447 0.2725781 0.2772567 0.1785990 0.2209012 0.1976400 0.1075483 0.1715415 0.0000000 0.1113094 0.0819063 0.1356663 0.1594232 
taxon16    0.3130303 0.2752627 0.2750915 0.3111374 0.2907960 0.3078912 0.3188391 0.2377701 0.2990898 0.2899642 0.2476103 0.2736309 0.2661603 0.1926373 0.2458741 0.1113094 0.0000000 0.1017852 0.1530225 0.1787570 
taxon17    0.2650213 0.2387823 0.2271372 0.2705688 0.2627896 0.2600224 0.2924806 0.2243919 0.2794991 0.2700159 0.2028749 0.2322669 0.2261959 0.1586745 0.1994025 0.0819063 0.1017852 0.0000000 0.1206650 0.1287816 
taxon18    0.3052078 0.2735649 0.2843985 0.3045185 0.3067039 0.3011159 0.3126815 0.2610783 0.3100112 0.2886149 0.2533175 0.2769768 0.2698496 0.2156714 0.2389416 0.1356663 0.1530225 0.1206650 0.0000000 0.0773937 
taxon19    0.3392375 0.2990880 0.2776223 0.3220569 0.3083456 0.2987959 0.3203380 0.2728573 0.3187734 0.3127381 0.2663847 0.3013340 0.2817773 0.2187662 0.2423092 0.1594232 0.1787570 0.1287816 0.0773937 0.0000000 
