20
taxon0     0.0000000 0.0345853 0.0393664 0.0347931 0.0496963 0.0612994 0.0554511 0.0508823 0.0449914 0.0606800 0.0446062 0.0394853 0.1781560 0.1654102 0.1776252 0.1925133 0.1764601 0.1958251 0.1953066 0.2017795 
taxon1     0.0345853 0.0000000 0.0346810 0.0244768 0.0551950 0.0503935 0.0447482 0.0617692 0.0556394 0.0397532 0.0348080 0.0499547 0.1909396 0.1787579 0.1904367 0.1889977 0.1728878 0.2042657 0.2044259 0.2110385 
taxon2     0.0393664 0.0346810 0.0000000 0.0297817 0.0497869 0.0770192 0.0709625 0.0770777 0.0707179 0.0555102 0.0496533 0.0547440 0.1839634 0.1834647 0.1954658 0.2059924 0.1894778 0.2093283 0.1978027 0.2043644 
taxon3     0.0347931 0.0244768 0.0297817 0.0000000 0.0501721 0.0509223 0.0452161 0.0670650 0.0608381 0.0503584 0.0453515 0.0607441 0.1918832 0.1913563 0.2031655 0.2019394 0.1854077 0.2047419 0.2049028 0.2115340 
taxon4     0.0496963 0.0551950 0.0497869 0.0501721 0.0000000 0.0248819 0.0247018 0.0560521 0.0500694 0.0346057 0.0394892 0.0445058 0.1593411 0.1726136 0.1821601 0.1924098 0.1784854 0.1857966 0.2104825 0.2043041 
taxon5     0.0612994 0.0503935 0.0770192 0.0509223 0.0248819 0.0000000 0.0098939 0.0579569 0.0517625 0.0348618 0.0404597 0.0455912 0.1858941 0.1879337 0.1855289 0.1794284 0.1818343 0.1892671 0.2143166 0.2080489 
taxon6     0.0554511 0.0447482 0.0709625 0.0452161 0.0247018 0.0098939 0.0000000 0.0519860 0.0459589 0.0294727 0.0349193 0.0399784 0.1706435 0.1724961 0.1703179 0.1802666 0.1665562 0.1737495 0.1981761 0.1920615 
taxon7     0.0508823 0.0617692 0.0770777 0.0670650 0.0560521 0.0579569 0.0519860 0.0000000 0.0049358 0.0571924 0.0407788 0.0355392 0.2065654 0.1816468 0.2061458 0.2172431 0.1880610 0.2004792 0.2127995 0.2065567 
taxon8     0.0449914 0.0556394 0.0707179 0.0608381 0.0500694 0.0517625 0.0459589 0.0049358 0.0000000 0.0510786 0.0350457 0.0299168 0.1976731 0.1731653 0.1972790 0.2080560 0.1794694 0.1916903 0.2038213 0.1976776 
taxon9     0.0606800 0.0397532 0.0555102 0.0503584 0.0346057 0.0348618 0.0294727 0.0571924 0.0510786 0.0000000 0.0148289 0.0297921 0.1544939 0.1678177 0.1774400 0.1757849 0.1620442 0.1932905 0.2062193 0.2000125 
taxon10    0.0446062 0.0348080 0.0496533 0.0453515 0.0394892 0.0404597 0.0349193 0.0407788 0.0350457 0.0148289 0.0000000 0.0146008 0.1598614 0.1595994 0.1710606 0.1692975 0.1423721 0.1727269 0.1852548 0.1792172 
taxon11    0.0394853 0.0499547 0.0547440 0.0607441 0.0445058 0.0455912 0.0399784 0.0355392 0.0299168 0.0297921 0.0146008 0.0000000 0.1772192 0.1533910 0.1654381 0.1870327 0.1595107 0.1670662 0.1789237 0.1729277 
taxon12    0.1781560 0.1909396 0.1839634 0.1918832 0.1593411 0.1858941 0.1706435 0.2065654 0.1976731 0.1544939 0.1598614 0.1772192 0.0000000 0.0392968 0.0289955 0.0396020 0.0292234 0.0545815 0.0649650 0.0598321 
taxon13    0.1654102 0.1787579 0.1834647 0.1913563 0.1726136 0.1879337 0.1724961 0.1816468 0.1731653 0.1678177 0.1595994 0.1533910 0.0392968 0.0000000 0.0392484 0.0453409 0.0343124 0.0497935 0.0599868 0.0548661 
taxon14    0.1776252 0.1904367 0.1954658 0.2031655 0.1821601 0.1855289 0.1703179 0.2061458 0.1972790 0.1774400 0.1710606 0.1654381 0.0289955 0.0392484 0.0000000 0.0295595 0.0291794 0.0345068 0.0547572 0.0496679 
taxon15    0.1925133 0.1889977 0.2059924 0.2019394 0.1924098 0.1794284 0.1802666 0.2172431 0.2080560 0.1757849 0.1692975 0.1870327 0.0396020 0.0453409 0.0295595 0.0000000 0.0197453 0.0452390 0.0556713 0.0505033 
taxon16    0.1764601 0.1728878 0.1894778 0.1854077 0.1784854 0.1818343 0.1665562 0.1880610 0.1794694 0.1620442 0.1423721 0.1595107 0.0292234 0.0343124 0.0291794 0.0197453 0.0000000 0.0243782 0.0343668 0.0293927 
taxon17    0.1958251 0.2042657 0.2093283 0.2047419 0.1857966 0.1892671 0.1737495 0.2004792 0.1916903 0.1932905 0.1727269 0.1670662 0.0545815 0.0497935 0.0345068 0.0452390 0.0243782 0.0000000 0.0192649 0.0144162 
taxon18    0.1953066 0.2044259 0.1978027 0.2049028 0.2104825 0.2143166 0.1981761 0.2127995 0.2038213 0.2062193 0.1852548 0.1789237 0.0649650 0.0599868 0.0547572 0.0556713 0.0343668 0.0192649 0.0000000 0.0048010 
taxon19    0.2017795 0.2110385 0.2043644 0.2115340 0.2043041 0.2080489 0.1920615 0.2065567 0.1976776 0.2000125 0.1792172 0.1729277 0.0598321 0.0548661 0.0496679 0.0505033 0.0293927 0.0144162 0.0048010 0.0000000 
