20
taxon0     0.0000000 0.0502023 0.0449713 0.0451334 0.0553327 0.0604161 0.0298725 0.0454840 0.0556448 0.0559220 0.1901574 0.1912131 0.1835186 0.2067793 0.1883606 0.1827829 0.2146546 0.2207782 0.2150822 0.1715891 
taxon1     0.0502023 0.0000000 0.0450395 0.0555176 0.0451446 0.0502034 0.0503107 0.0451034 0.0448444 0.0450861 0.1897836 0.1769939 0.1953042 0.1946395 0.2003439 0.1947358 0.2269559 0.2331383 0.2274107 0.1957761 
taxon2     0.0449713 0.0450395 0.0000000 0.0197832 0.0297633 0.0347529 0.0449706 0.0504918 0.0605437 0.0504723 0.1950213 0.1841293 0.1827114 0.1939503 0.1877644 0.1822049 0.2139630 0.2200649 0.2143878 0.1769904 
taxon3     0.0451334 0.0555176 0.0197832 0.0000000 0.0098395 0.0147712 0.0554319 0.0506086 0.0712414 0.0610851 0.1955811 0.1846538 0.1955441 0.1945034 0.1884709 0.1828916 0.2147727 0.2208978 0.2152006 0.1776600 
taxon4     0.0553327 0.0451446 0.0297633 0.0098395 0.0000000 0.0147427 0.0553701 0.0505517 0.0606865 0.0610168 0.1832254 0.1842391 0.2073804 0.1943063 0.1882787 0.1827036 0.2145593 0.2206799 0.2149865 0.1893508 
taxon5     0.0604161 0.0502034 0.0347529 0.0147712 0.0147427 0.0000000 0.0708297 0.0660497 0.0762433 0.0766585 0.2008974 0.1899867 0.2131836 0.2000377 0.2059286 0.2003164 0.2326410 0.2388400 0.2331077 0.1950921 
taxon6     0.0298725 0.0503107 0.0449706 0.0554319 0.0553701 0.0708297 0.0000000 0.0148667 0.0247979 0.0249203 0.1767596 0.1777360 0.1763685 0.1697672 0.1637261 0.1697804 0.1892330 0.1952078 0.2014937 0.1704259 
taxon7     0.0454840 0.0451034 0.0504918 0.0506086 0.0505517 0.0660497 0.0148667 0.0000000 0.0297757 0.0198591 0.1720030 0.1594411 0.1838244 0.1650254 0.1709837 0.1771245 0.1968652 0.2029166 0.2092924 0.1778033 
taxon8     0.0556448 0.0448444 0.0605437 0.0712414 0.0606865 0.0762433 0.0247979 0.0297757 0.0000000 0.0196636 0.1831210 0.1704558 0.1948348 0.1880420 0.1818831 0.1880647 0.2079498 0.2140296 0.2204489 0.1887836 
taxon9     0.0559220 0.0450861 0.0504723 0.0610851 0.0610168 0.0766585 0.0249203 0.0198591 0.0196636 0.0000000 0.1841689 0.1714265 0.1837587 0.1770441 0.1709221 0.1770610 0.1967959 0.2028457 0.2092197 0.1777394 
taxon10    0.1901574 0.1897836 0.1950213 0.1955811 0.1832254 0.2008974 0.1767596 0.1720030 0.1831210 0.1841689 0.0000000 0.0197222 0.0395864 0.0343543 0.0393631 0.0344323 0.0547330 0.0598311 0.0548278 0.0345374 
taxon11    0.1912131 0.1769939 0.1841293 0.1846538 0.1842391 0.1899867 0.1777360 0.1594411 0.1704558 0.1714265 0.0197222 0.0000000 0.0297261 0.0345373 0.0395727 0.0346161 0.0652168 0.0703784 0.0653309 0.0347223 
taxon12    0.1835186 0.1953042 0.1827114 0.1955441 0.2073804 0.2131836 0.1763685 0.1838244 0.1948348 0.1837587 0.0395864 0.0297261 0.0000000 0.0343936 0.0293759 0.0244727 0.0444680 0.0495090 0.0445444 0.0344647 
taxon13    0.2067793 0.1946395 0.1939503 0.1945034 0.1943063 0.2000377 0.1697672 0.1650254 0.1880420 0.1770441 0.0343543 0.0345373 0.0343936 0.0000000 0.0145245 0.0194297 0.0392705 0.0442679 0.0493514 0.0393243 
taxon14    0.1883606 0.2003439 0.1877644 0.1884709 0.1882787 0.2059286 0.1637261 0.1709837 0.1818831 0.1709221 0.0393631 0.0395727 0.0293759 0.0145245 0.0000000 0.0048178 0.0243420 0.0292681 0.0342595 0.0243748 
taxon15    0.1827829 0.1947358 0.1822049 0.1828916 0.1827036 0.2003164 0.1697804 0.1771245 0.1880647 0.1770610 0.0344323 0.0346161 0.0244727 0.0194297 0.0048178 0.0000000 0.0293070 0.0342595 0.0293567 0.0293468 
taxon16    0.2146546 0.2269559 0.2139630 0.2147727 0.2145593 0.2326410 0.1892330 0.1968652 0.2079498 0.1967959 0.0547330 0.0652168 0.0444680 0.0392705 0.0243420 0.0293070 0.0000000 0.0048233 0.0096782 0.0494326 
taxon17    0.2207782 0.2331383 0.2200649 0.2208978 0.2206799 0.2388400 0.1952078 0.2029166 0.2140296 0.2028457 0.0598311 0.0703784 0.0495090 0.0442679 0.0292681 0.0342595 0.0048233 0.0000000 0.0048311 0.0544861 
taxon18    0.2150822 0.2274107 0.2143878 0.2152006 0.2149865 0.2331077 0.2014937 0.2092924 0.2204489 0.2092197 0.0548278 0.0653309 0.0445444 0.0493514 0.0342595 0.0293567 0.0096782 0.0048311 0.0000000 0.0596403 
taxon19    0.1715891 0.1957761 0.1769904 0.1776600 0.1893508 0.1950921 0.1704259 0.1778033 0.1887836 0.1777394 0.0345374 0.0347223 0.0344647 0.0393243 0.0243748 0.0293468 0.0494326 0.0544861 0.0596403 0.0000000 
