20
taxon0     0.0000000 0.5240582 0.7836108 0.8528694 0.9297660 0.6962038 0.7214009 1.1311636 1.1478501 0.9003218 1.1598568 1.1600300 1.3392575 1.4951336 1.5131548 1.3920738 1.5102053 1.6251910 1.7613812 1.6483288 
taxon1     0.5240582 0.0000000 0.3384133 0.4442123 0.4673011 0.7318884 0.6912951 1.0506325 0.9846094 0.8276432 1.0558829 1.1070898 1.3067881 1.4851031 1.2225976 1.3406540 1.4474051 1.5221129 1.6733955 1.7485419 
taxon2     0.7836108 0.3384133 0.0000000 0.2683034 0.3140156 0.9534037 0.9587673 1.2015502 1.2859338 1.0645974 1.3620273 1.3544143 1.3764573 1.5815154 1.4130935 1.6714535 1.6452774 1.7988496 1.9686374 1.9166193 
taxon3     0.8528694 0.4442123 0.2683034 0.0000000 0.2287693 1.0266456 1.0194079 1.2025256 1.4055069 1.1295242 1.3613728 1.4427138 1.5122923 1.5742449 1.4829456 1.7217428 1.6649894 1.8196201 2.0555543 2.0545547 
taxon4     0.9297660 0.4673011 0.3140156 0.2287693 0.0000000 1.1404652 1.0942960 1.2580688 1.3524326 1.1512664 1.3421849 1.4400751 1.6437724 1.7666923 1.5378503 2.0217984 1.8919173 2.0670098 2.0511948 2.1516976 
taxon5     0.6962038 0.7318884 0.9534037 1.0266456 1.1404652 0.0000000 0.3331838 1.1567643 1.1365322 0.9563551 1.1579287 1.2175791 1.3526043 1.7163203 1.3546491 1.3162150 1.7813413 1.8808454 1.6755088 1.6911686 
taxon6     0.7214009 0.6912951 0.9587673 1.0194079 1.0942960 0.3331838 0.0000000 1.0720242 1.0999824 0.9059775 1.1004357 1.1777975 1.2245375 1.4733996 1.3374905 1.2234159 1.4995107 1.6024310 1.5860888 1.4651022 
taxon7     1.1311636 1.0506325 1.2015502 1.2025256 1.2580688 1.1567643 1.0720242 0.0000000 0.4457611 0.7674992 1.0116783 1.0061750 1.4318641 1.6160691 1.5390491 1.6200119 1.7589023 1.8951745 2.0354794 2.1490977 
taxon8     1.1478501 0.9846094 1.2859338 1.4055069 1.3524326 1.1365322 1.0999824 0.4457611 0.0000000 0.6737769 0.9217183 0.9750152 1.5210730 1.7143549 1.4440685 1.6003429 1.7037147 1.9043557 1.7560491 1.8704173 
taxon9     0.9003218 0.8276432 1.0645974 1.1295242 1.1512664 0.9563551 0.9059775 0.7674992 0.6737769 0.0000000 0.3580923 0.4297693 1.1079537 1.2783954 1.2114766 1.3553973 1.4632936 1.5938316 1.5059659 1.4629913 
taxon10    1.1598568 1.0558829 1.3620273 1.3613728 1.3421849 1.1579287 1.1004357 1.0116783 0.9217183 0.3580923 0.0000000 0.3300758 1.2190009 1.3281782 1.3436409 1.4815170 1.7209623 1.8363437 1.6955049 1.5626611 
taxon11    1.1600300 1.1070898 1.3544143 1.4427138 1.4400751 1.2175791 1.1777975 1.0061750 0.9750152 0.4297693 0.3300758 0.0000000 1.3735251 1.5036174 1.6125365 1.8210294 1.6627435 1.7935289 1.8263890 1.6725297 
taxon12    1.3392575 1.3067881 1.3764573 1.5122923 1.6437724 1.3526043 1.2245375 1.4318641 1.5210730 1.1079537 1.2190009 1.3735251 0.0000000 0.3555952 0.6951655 0.7637650 1.2598494 1.3849565 1.1564229 1.1579116 
taxon13    1.4951336 1.4851031 1.5815154 1.5742449 1.7666923 1.7163203 1.4733996 1.6160691 1.7143549 1.2783954 1.3281782 1.5036174 0.3555952 0.0000000 0.6547365 0.7964959 1.0935697 1.3675760 1.0059939 1.0852149 
taxon14    1.5131548 1.2225976 1.4130935 1.4829456 1.5378503 1.3546491 1.3374905 1.5390491 1.4440685 1.2114766 1.3436409 1.6125365 0.6951655 0.6547365 0.0000000 0.4348240 1.0307061 1.2371028 0.9689237 1.0436425 
taxon15    1.3920738 1.3406540 1.6714535 1.7217428 2.0217984 1.3162150 1.2234159 1.6200119 1.6003429 1.3553973 1.4815170 1.8210294 0.7637650 0.7964959 0.4348240 0.0000000 1.1932847 1.2404126 1.1228882 1.0009566 
taxon16    1.5102053 1.4474051 1.6452774 1.6649894 1.8919173 1.7813413 1.4995107 1.7589023 1.7037147 1.4632936 1.7209623 1.6627435 1.2598494 1.0935697 1.0307061 1.1932847 0.0000000 0.3291042 0.6822565 0.6784545 
taxon17    1.6251910 1.5221129 1.7988496 1.8196201 2.0670098 1.8808454 1.6024310 1.8951745 1.9043557 1.5938316 1.8363437 1.7935289 1.3849565 1.3675760 1.2371028 1.2404126 0.3291042 0.0000000 0.8109457 0.8845976 
taxon18    1.7613812 1.6733955 1.9686374 2.0555543 2.0511948 1.6755088 1.5860888 2.0354794 1.7560491 1.5059659 1.6955049 1.8263890 1.1564229 1.0059939 0.9689237 1.1228882 0.6822565 0.8109457 0.0000000 0.3588253 
taxon19    1.6483288 1.7485419 1.9166193 2.0545547 2.1516976 1.6911686 1.4651022 2.1490977 1.8704173 1.4629913 1.5626611 1.6725297 1.1579116 1.0852149 1.0436425 1.0009566 0.6784545 0.8845976 0.3588253 0.0000000 
