20
taxon0     0.0000000 0.0000010 0.0759534 0.0648699 0.1761985 0.1958786 0.1768058 0.1831805 0.1905453 0.2085847 0.1958715 0.1708222 0.1901127 0.2340461 0.2199435 0.2114176 0.2139840 0.2270363 0.2156161 0.2231966 
taxon1     0.0000010 0.0000000 0.0759534 0.0648699 0.1761985 0.1958786 0.1768058 0.1831805 0.1905453 0.2085847 0.1958715 0.1708222 0.1901127 0.2340461 0.2199435 0.2114176 0.2139840 0.2270363 0.2156161 0.2231966 
taxon2     0.0759534 0.0759534 0.0000000 0.0297632 0.2081664 0.2149989 0.1956986 0.2165124 0.2058793 0.2423206 0.2491169 0.2287693 0.2161442 0.2729649 0.2530647 0.2372865 0.2669141 0.2670027 0.2640588 0.2645489 
taxon3     0.0648699 0.0648699 0.0297632 0.0000000 0.2064696 0.2132600 0.1940742 0.2018124 0.2081144 0.2272013 0.2338831 0.2139072 0.2143889 0.2448424 0.2385256 0.2230789 0.2521689 0.2389704 0.2539639 0.2544608 
taxon4     0.1761985 0.1761985 0.2081664 0.2064696 0.0000000 0.0147661 0.0197773 0.0450934 0.0507774 0.0605798 0.0605487 0.0503094 0.0450917 0.0972891 0.0703525 0.0763620 0.0759729 0.0863725 0.0873455 0.0876719 
taxon5     0.1958786 0.1958786 0.2149989 0.2132600 0.0147661 0.0000000 0.0248375 0.0503379 0.0351321 0.0448926 0.0448705 0.0448588 0.0397102 0.0966937 0.0699213 0.0758906 0.0755057 0.0858437 0.0868063 0.0871296 
taxon6     0.1768058 0.1768058 0.1956986 0.1940742 0.0197773 0.0248375 0.0000000 0.0450694 0.0506724 0.0555914 0.0555631 0.0453283 0.0401252 0.0976995 0.0706451 0.0766830 0.0762910 0.0867347 0.0877151 0.0880437 
taxon7     0.1831805 0.1831805 0.2165124 0.2018124 0.0450934 0.0503379 0.0450694 0.0000000 0.0458960 0.0606162 0.0502922 0.0348719 0.0452687 0.0863696 0.0759028 0.0766163 0.0866644 0.0760693 0.0765445 0.0823581 
taxon8     0.1905453 0.1905453 0.2058793 0.2081144 0.0507774 0.0351321 0.0506724 0.0458960 0.0000000 0.0661204 0.0557096 0.0452935 0.0503817 0.0918833 0.0810660 0.0767525 0.0868071 0.0866057 0.0752713 0.0755627 
taxon9     0.2085847 0.2085847 0.2423206 0.2272013 0.0605798 0.0448926 0.0555914 0.0606162 0.0661204 0.0000000 0.0195411 0.0294863 0.0345001 0.0698878 0.0542295 0.0703600 0.0700015 0.0648817 0.0600787 0.0656631 
taxon10    0.1958715 0.1958715 0.2491169 0.2338831 0.0605487 0.0448705 0.0555631 0.0502922 0.0557096 0.0195411 0.0000000 0.0195739 0.0245378 0.0752807 0.0543033 0.0704579 0.0700984 0.0649713 0.0601618 0.0657546 
taxon11    0.1708222 0.1708222 0.2287693 0.2139072 0.0503094 0.0448588 0.0453283 0.0348719 0.0452935 0.0294863 0.0195739 0.0000000 0.0146817 0.0547052 0.0443058 0.0498790 0.0496155 0.0495038 0.0397633 0.0451460 
taxon12    0.1901127 0.1901127 0.2161442 0.2143889 0.0450917 0.0397102 0.0401252 0.0452687 0.0503817 0.0345001 0.0245378 0.0146817 0.0000000 0.0649321 0.0292353 0.0447094 0.0444714 0.0495853 0.0551601 0.0553944 
taxon13    0.2340461 0.2340461 0.2729649 0.2448424 0.0972891 0.0966937 0.0976995 0.0863696 0.0918833 0.0698878 0.0752807 0.0547052 0.0649321 0.0000000 0.0343571 0.0346146 0.0395730 0.0394843 0.0348626 0.0298900 
taxon14    0.2199435 0.2199435 0.2530647 0.2385256 0.0703525 0.0699213 0.0706451 0.0759028 0.0810660 0.0542295 0.0543033 0.0443058 0.0292353 0.0343571 0.0000000 0.0146514 0.0145693 0.0194920 0.0246542 0.0247735 
taxon15    0.2114176 0.2114176 0.2372865 0.2230789 0.0763620 0.0758906 0.0766830 0.0766163 0.0767525 0.0703600 0.0704579 0.0498790 0.0447094 0.0346146 0.0146514 0.0000000 0.0196881 0.0296156 0.0299812 0.0301244 
taxon16    0.2139840 0.2139840 0.2669141 0.2521689 0.0759729 0.0755057 0.0762910 0.0866644 0.0868071 0.0700015 0.0700984 0.0496155 0.0444714 0.0395730 0.0145693 0.0196881 0.0000000 0.0193831 0.0196238 0.0299572 
taxon17    0.2270363 0.2270363 0.2670027 0.2389704 0.0863725 0.0858437 0.0867347 0.0760693 0.0866057 0.0648817 0.0649713 0.0495038 0.0495853 0.0394843 0.0194920 0.0296156 0.0193831 0.0000000 0.0195803 0.0298896 
taxon18    0.2156161 0.2156161 0.2640588 0.2539639 0.0873455 0.0868063 0.0877151 0.0765445 0.0752713 0.0600787 0.0601618 0.0397633 0.0551601 0.0348626 0.0246542 0.0299812 0.0196238 0.0195803 0.0000000 0.0146691 
taxon19    0.2231966 0.2231966 0.2645489 0.2544608 0.0876719 0.0871296 0.0880437 0.0823581 0.0755627 0.0656631 0.0657546 0.0451460 0.0553944 0.0298900 0.0247735 0.0301244 0.0299572 0.0298896 0.0146691 0.0000000 
