20
taxon0     0.0000000 0.0344747 0.0396318 0.0394412 0.0345790 0.0345790 0.0501676 0.0446431 0.0343002 0.0392439 0.0342299 0.0393255 0.0392416 0.0396790 0.0394725 0.0448397 0.1131552 0.1129867 0.1181286 0.1177166 
taxon1     0.0344747 0.0000000 0.0246325 0.0345756 0.0246684 0.0246684 0.0400071 0.0296350 0.0394290 0.0396947 0.0395428 0.0394047 0.0395119 0.0396846 0.0295155 0.0395160 0.1069346 0.1069568 0.1065729 0.1119127 
taxon2     0.0396318 0.0246325 0.0000000 0.0194469 0.0097122 0.0097122 0.0294911 0.0295073 0.0343078 0.0391814 0.0394825 0.0393348 0.0392832 0.0345627 0.0244604 0.0343833 0.1014313 0.1014665 0.1011029 0.1064298 
taxon3     0.0394412 0.0345756 0.0194469 0.0000000 0.0096842 0.0096842 0.0344126 0.0344316 0.0292504 0.0341007 0.0343642 0.0342342 0.0341893 0.0395073 0.0293578 0.0344012 0.1070885 0.1071255 0.1067407 0.1067016 
taxon4     0.0345790 0.0246684 0.0097122 0.0096842 0.0000000 0.0000010 0.0295341 0.0295504 0.0244060 0.0292653 0.0294940 0.0293805 0.0293417 0.0346134 0.0244959 0.0295246 0.1015927 0.1016280 0.1012633 0.1012266 
taxon5     0.0345790 0.0246684 0.0097122 0.0096842 0.0000010 0.0000000 0.0295341 0.0295504 0.0244060 0.0292653 0.0294940 0.0293805 0.0293417 0.0346134 0.0244959 0.0295246 0.1015927 0.1016280 0.1012633 0.1012266 
taxon6     0.0501676 0.0400071 0.0294911 0.0344126 0.0295341 0.0295341 0.0000000 0.0196843 0.0245208 0.0294022 0.0296330 0.0295185 0.0294794 0.0247037 0.0146861 0.0245752 0.1069468 0.1069838 0.0953065 0.1006090 
taxon7     0.0446431 0.0296350 0.0295073 0.0344316 0.0295504 0.0295504 0.0196843 0.0000000 0.0145630 0.0197664 0.0195745 0.0146436 0.0195832 0.0196048 0.0048454 0.0145951 0.1007796 0.0953006 0.0949614 0.1002484 
taxon8     0.0343002 0.0394290 0.0343078 0.0292504 0.0244060 0.0244060 0.0245208 0.0145630 0.0000000 0.0097367 0.0096359 0.0048057 0.0096401 0.0145897 0.0096583 0.0145509 0.1056849 0.1002163 0.0998607 0.0998249 
taxon9     0.0392439 0.0396947 0.0391814 0.0341007 0.0292653 0.0292653 0.0294022 0.0197664 0.0097367 0.0000000 0.0096169 0.0097376 0.0096049 0.0195125 0.0196262 0.0246383 0.1110457 0.1124321 0.1120288 0.1119875 
taxon10    0.0342299 0.0395428 0.0394825 0.0343642 0.0294940 0.0294940 0.0296330 0.0195745 0.0096359 0.0096169 0.0000000 0.0048069 0.0047966 0.0195281 0.0194268 0.0243902 0.1115973 0.1114335 0.1110361 0.1109954 
taxon11    0.0393255 0.0394047 0.0393348 0.0342342 0.0293805 0.0293805 0.0295185 0.0146436 0.0048057 0.0097376 0.0048069 0.0000000 0.0048090 0.0195142 0.0145329 0.0194623 0.1113502 0.1058506 0.1054742 0.1054359 
taxon12    0.0392416 0.0395119 0.0392832 0.0341893 0.0293417 0.0293417 0.0294794 0.0195832 0.0096401 0.0096049 0.0047966 0.0048090 0.0000000 0.0194705 0.0194355 0.0244012 0.1115640 0.1114913 0.1110940 0.1110532 
taxon13    0.0396790 0.0396846 0.0345627 0.0395073 0.0346134 0.0346134 0.0247037 0.0196048 0.0145897 0.0195125 0.0195281 0.0195142 0.0194705 0.0000000 0.0146268 0.0244765 0.1062490 0.1065547 0.1061735 0.1114951 
taxon14    0.0394725 0.0295155 0.0244604 0.0293578 0.0244959 0.0244959 0.0146861 0.0048454 0.0096583 0.0196262 0.0194268 0.0145329 0.0194355 0.0146268 0.0000000 0.0096796 0.0949451 0.0895081 0.0891909 0.0944474 
taxon15    0.0448397 0.0395160 0.0343833 0.0344012 0.0295246 0.0295246 0.0245752 0.0145951 0.0145509 0.0246383 0.0243902 0.0194623 0.0244012 0.0244765 0.0096796 0.0000000 0.1059232 0.1004434 0.1000866 0.0998457 
taxon16    0.1131552 0.1069346 0.1014313 0.1070885 0.1015927 0.1015927 0.1069468 0.1007796 0.1056849 0.1110457 0.1115973 0.1113502 0.1115640 0.1062490 0.0949451 0.1059232 0.0000000 0.0048570 0.0146044 0.0194763 
taxon17    0.1129867 0.1069568 0.1014665 0.1071255 0.1016280 0.1016280 0.1069838 0.0953006 0.1002163 0.1124321 0.1114335 0.1058506 0.1114913 0.1065547 0.0895081 0.1004434 0.0048570 0.0000000 0.0097192 0.0145815 
taxon18    0.1181286 0.1065729 0.1011029 0.1067407 0.1012633 0.1012633 0.0953065 0.0949614 0.0998607 0.1120288 0.1110361 0.1054742 0.1110940 0.1061735 0.0891909 0.1000866 0.0146044 0.0097192 0.0000000 0.0048144 
taxon19    0.1177166 0.1119127 0.1064298 0.1067016 0.1012266 0.1012266 0.1006090 0.1002484 0.0998249 0.1119875 0.1109954 0.1054359 0.1110532 0.1114951 0.0944474 0.0998457 0.0194763 0.0145815 0.0048144 0.0000000 
