20
taxon0     0.0000000 0.0048374 0.0346896 0.0294376 0.1145730 0.1038924 0.1311612 0.1481742 0.1548838 0.1418935 0.1137469 0.1211215 0.1152271 0.1033400 0.3303315 0.3243201 0.3030578 0.3275062 0.2904590 0.2967861 
taxon1     0.0048374 0.0000000 0.0397031 0.0343949 0.1199555 0.1092441 0.1365995 0.1537007 0.1604579 0.1473737 0.1190915 0.1265617 0.1206310 0.1086647 0.3371548 0.3310535 0.3096896 0.3342611 0.2969479 0.3032971 
taxon2     0.0346896 0.0397031 0.0000000 0.0145869 0.1308766 0.1263078 0.1248931 0.1361746 0.1479031 0.1413911 0.1249555 0.1325553 0.1203753 0.1144718 0.3713885 0.3491659 0.3359368 0.3770757 0.3373814 0.3291457 
taxon3     0.0294376 0.0343949 0.0145869 0.0000000 0.1306337 0.1198664 0.1296271 0.1409149 0.1526538 0.1461212 0.1296950 0.1373492 0.1251468 0.1192344 0.3612227 0.3393913 0.3263225 0.3669063 0.3278536 0.3343892 
taxon4     0.1145730 0.1199555 0.1308766 0.1306337 0.0000000 0.0095607 0.0695393 0.0537692 0.0592695 0.0589493 0.0437596 0.0391914 0.0545442 0.0439937 0.4075399 0.3665467 0.3775780 0.3559353 0.3296772 0.3362260 
taxon5     0.1038924 0.1092441 0.1263078 0.1198664 0.0095607 0.0000000 0.0594635 0.0438801 0.0492742 0.0489990 0.0439155 0.0393320 0.0445235 0.0341315 0.3931769 0.3528517 0.3636489 0.3575605 0.3311569 0.3377377 
taxon6     0.1311612 0.1365995 0.1248931 0.1296271 0.0695393 0.0594635 0.0000000 0.0390649 0.0387451 0.0391294 0.0437757 0.0495717 0.0335944 0.0242435 0.3842542 0.3616289 0.3537287 0.4025020 0.3604404 0.3520118 
taxon7     0.1481742 0.1537007 0.1361746 0.1409149 0.0537692 0.0438801 0.0390649 0.0000000 0.0095325 0.0143338 0.0587453 0.0542414 0.0541348 0.0390193 0.4222251 0.3804071 0.3848334 0.3944891 0.3669768 0.3584568 
taxon8     0.1548838 0.1604579 0.1479031 0.1526538 0.0592695 0.0492742 0.0387451 0.0095325 0.0000000 0.0096381 0.0642976 0.0597867 0.0536939 0.0443683 0.4186703 0.3634753 0.4011641 0.4039483 0.3761434 0.3675316 
taxon9     0.1418935 0.1473737 0.1413911 0.1461212 0.0589493 0.0489990 0.0391294 0.0143338 0.0096381 0.0000000 0.0534880 0.0594621 0.0542134 0.0339117 0.4218872 0.3836447 0.3914384 0.4029196 0.3751370 0.3665328 
taxon10    0.1137469 0.1190915 0.1249555 0.1296950 0.0437596 0.0439155 0.0437757 0.0587453 0.0642976 0.0534880 0.0000000 0.0242715 0.0291369 0.0191429 0.3959869 0.3728627 0.3666216 0.3767396 0.3359051 0.3277410 
taxon11    0.1211215 0.1265617 0.1325553 0.1373492 0.0391914 0.0393320 0.0495717 0.0542414 0.0597867 0.0594621 0.0242715 0.0000000 0.0346577 0.0244006 0.4094809 0.3683777 0.3794474 0.3722347 0.3211231 0.3130899 
taxon12    0.1152271 0.1206310 0.1203753 0.1251468 0.0545442 0.0445235 0.0335944 0.0541348 0.0536939 0.0542134 0.0291369 0.0346577 0.0000000 0.0194155 0.3787609 0.3478020 0.3620486 0.3969968 0.3550138 0.3466049 
taxon13    0.1033400 0.1086647 0.1144718 0.1192344 0.0439937 0.0341315 0.0242435 0.0390193 0.0443683 0.0339117 0.0191429 0.0244006 0.0194155 0.0000000 0.3828409 0.3600612 0.3537936 0.3794459 0.3382522 0.3300160 
taxon14    0.3303315 0.3371548 0.3713885 0.3612227 0.4075399 0.3931769 0.3842542 0.4222251 0.4186703 0.4218872 0.3959869 0.4094809 0.3787609 0.3828409 0.0000000 0.0453266 0.0298359 0.0513755 0.1266435 0.1326362 
taxon15    0.3243201 0.3310535 0.3491659 0.3393913 0.3665467 0.3528517 0.3616289 0.3804071 0.3634753 0.3836447 0.3728627 0.3683777 0.3478020 0.3600612 0.0453266 0.0000000 0.0451023 0.0562789 0.1362128 0.1300829 
taxon16    0.3030578 0.3096896 0.3359368 0.3263225 0.3775780 0.3636489 0.3537287 0.3848334 0.4011641 0.3914384 0.3666216 0.3794474 0.3620486 0.3537936 0.0298359 0.0451023 0.0000000 0.0451452 0.1189011 0.1129183 
taxon17    0.3275062 0.3342611 0.3770757 0.3669063 0.3559353 0.3575605 0.4025020 0.3944891 0.4039483 0.4029196 0.3767396 0.3722347 0.3969968 0.3794459 0.0513755 0.0562789 0.0451452 0.0000000 0.1139591 0.1193959 
taxon18    0.2904590 0.2969479 0.3373814 0.3278536 0.3296772 0.3311569 0.3604404 0.3669768 0.3761434 0.3751370 0.3359051 0.3211231 0.3550138 0.3382522 0.1266435 0.1362128 0.1189011 0.1139591 0.0000000 0.0143484 
taxon19    0.2967861 0.3032971 0.3291457 0.3343892 0.3362260 0.3377377 0.3520118 0.3584568 0.3675316 0.3665328 0.3277410 0.3130899 0.3466049 0.3300160 0.1326362 0.1300829 0.1129183 0.1193959 0.0143484 0.0000000 
