20
taxon0     0.0000000 0.0284935 0.0236831 0.0337020 0.0387647 0.0340548 0.0293677 0.0537467 0.0486722 0.0535597 0.0641094 0.0735343 0.0686181 0.0654135 0.0745552 0.0653120 0.0908965 0.0808607 0.1856921 0.1599482 
taxon1     0.0284935 0.0000000 0.0046943 0.0482203 0.0533876 0.0486944 0.0440834 0.0582983 0.0532367 0.0483189 0.0585320 0.0678837 0.0630204 0.0802651 0.0892686 0.0801422 0.0952091 0.0852386 0.1908633 0.1650128 
taxon2     0.0236831 0.0046943 0.0000000 0.0432858 0.0484075 0.0437196 0.0390925 0.0533052 0.0482713 0.0433742 0.0635838 0.0729405 0.0680621 0.0750683 0.0840900 0.0749532 0.1004901 0.0904868 0.1849101 0.1592634 
taxon3     0.0337020 0.0482203 0.0432858 0.0000000 0.0046714 0.0144003 0.0095026 0.0329831 0.0332433 0.0284485 0.0726364 0.0580072 0.0583670 0.0537752 0.0578873 0.0640759 0.0687647 0.0739438 0.1714283 0.1601873 
taxon4     0.0387647 0.0533876 0.0484075 0.0046714 0.0000000 0.0193175 0.0143404 0.0379358 0.0382364 0.0334026 0.0779898 0.0632516 0.0636461 0.0590362 0.0631224 0.0694477 0.0741482 0.0793817 0.1654902 0.1543137 
taxon5     0.0340548 0.0486944 0.0437196 0.0144003 0.0193175 0.0000000 0.0141366 0.0340464 0.0391287 0.0341928 0.0849508 0.0634870 0.0638843 0.0535547 0.0596659 0.0638301 0.0860183 0.0864673 0.1927975 0.1667751 
taxon6     0.0293677 0.0440834 0.0390925 0.0095026 0.0143404 0.0141366 0.0000000 0.0433201 0.0436680 0.0387635 0.0737539 0.0690696 0.0695050 0.0529087 0.0689295 0.0630706 0.0801513 0.0750944 0.1736319 0.1622958 
taxon7     0.0537467 0.0582983 0.0533052 0.0329831 0.0379358 0.0340464 0.0433201 0.0000000 0.0285195 0.0332875 0.0677992 0.0583223 0.0586869 0.0588594 0.0432886 0.0591587 0.0840632 0.0791439 0.2001499 0.1833049 
taxon8     0.0486722 0.0532367 0.0482713 0.0332433 0.0382364 0.0391287 0.0436680 0.0285195 0.0000000 0.0046655 0.0679013 0.0635827 0.0639823 0.0694510 0.0634941 0.0693449 0.0847402 0.0900586 0.1759055 0.1774833 
taxon9     0.0535597 0.0483189 0.0433742 0.0284485 0.0334026 0.0341928 0.0387635 0.0332875 0.0046655 0.0000000 0.0727850 0.0685034 0.0689324 0.0744274 0.0684102 0.0743140 0.0897450 0.0950845 0.1703033 0.1718347 
taxon10    0.0641094 0.0585320 0.0635838 0.0726364 0.0779898 0.0849508 0.0737539 0.0677992 0.0679013 0.0727850 0.0000000 0.0288500 0.0240399 0.0536089 0.0577112 0.0535275 0.0684342 0.0535500 0.2111666 0.1942252 
taxon11    0.0735343 0.0678837 0.0729405 0.0580072 0.0632516 0.0634870 0.0690696 0.0583223 0.0635827 0.0685034 0.0288500 0.0000000 0.0094412 0.0492565 0.0534394 0.0595822 0.0589623 0.0592888 0.2195286 0.1928395 
taxon12    0.0686181 0.0630204 0.0680621 0.0583670 0.0636461 0.0638843 0.0695050 0.0586869 0.0639823 0.0689324 0.0240399 0.0094412 0.0000000 0.0390658 0.0433253 0.0492197 0.0487025 0.0489791 0.2209870 0.1941039 
taxon13    0.0654135 0.0802651 0.0750683 0.0537752 0.0590362 0.0535547 0.0529087 0.0588594 0.0694510 0.0744274 0.0536089 0.0492565 0.0390658 0.0000000 0.0143184 0.0093805 0.0441118 0.0392373 0.2156046 0.1983777 
taxon14    0.0745552 0.0892686 0.0840900 0.0578873 0.0631224 0.0596659 0.0689295 0.0432886 0.0634941 0.0684102 0.0577112 0.0534394 0.0433253 0.0143184 0.0000000 0.0143903 0.0483234 0.0435071 0.2192387 0.2020402 
taxon15    0.0653120 0.0801422 0.0749532 0.0640759 0.0694477 0.0638301 0.0630706 0.0591587 0.0693449 0.0743140 0.0535275 0.0595822 0.0492197 0.0093805 0.0143903 0.0000000 0.0543270 0.0494206 0.2152698 0.1980689 
taxon16    0.0908965 0.0952091 0.1004901 0.0687647 0.0741482 0.0860183 0.0801513 0.0840632 0.0847402 0.0897450 0.0684342 0.0589623 0.0487025 0.0441118 0.0483234 0.0543270 0.0000000 0.0139901 0.2333489 0.2214772 
taxon17    0.0808607 0.0852386 0.0904868 0.0739438 0.0793817 0.0864673 0.0750944 0.0791439 0.0900586 0.0950845 0.0535500 0.0592888 0.0489791 0.0392373 0.0435071 0.0494206 0.0139901 0.0000000 0.2275974 0.2102208 
taxon18    0.1856921 0.1908633 0.1849101 0.1714283 0.1654902 0.1927975 0.1736319 0.2001499 0.1759055 0.1703033 0.2111666 0.2195286 0.2209870 0.2156046 0.2192387 0.2152698 0.2333489 0.2275974 0.0000000 0.0235628 
taxon19    0.1599482 0.1650128 0.1592634 0.1601873 0.1543137 0.1667751 0.1622958 0.1833049 0.1774833 0.1718347 0.1942252 0.1928395 0.1941039 0.1983777 0.2020402 0.1980689 0.2214772 0.2102208 0.0235628 0.0000000 
