20
taxon0     0.0000000 0.0404873 0.0680099 0.1365205 0.0681962 0.0727332 0.0673349 0.1502114 0.1231209 0.1022059 0.0961520 0.1017785 0.1310924 0.1255521 0.2446162 0.2662922 0.2875255 0.2507724 0.2426328 0.2500508 
taxon1     0.0404873 0.0000000 0.0353577 0.1191657 0.0354565 0.0451268 0.0399952 0.1235356 0.0980812 0.0830829 0.0722178 0.0775926 0.1054681 0.1001271 0.2125595 0.2323949 0.2525374 0.2127815 0.2052575 0.2178702 
taxon2     0.0680099 0.0353577 0.0000000 0.1010705 0.0198961 0.0725414 0.0671574 0.1490990 0.1281041 0.1011164 0.1013455 0.1015724 0.1308359 0.1253041 0.2208138 0.2411440 0.2615901 0.2283310 0.2205401 0.2334553 
taxon3     0.1365205 0.1191657 0.1010705 0.0000000 0.0783739 0.1566188 0.1550974 0.2159760 0.1878487 0.1947432 0.1820183 0.1823933 0.2021232 0.2092383 0.2911238 0.3007284 0.3225504 0.2831334 0.2746185 0.2882075 
taxon4     0.0681962 0.0354565 0.0198961 0.0783739 0.0000000 0.0727372 0.0673398 0.1375599 0.1169430 0.1130688 0.1016135 0.1018413 0.1194367 0.1256294 0.2154255 0.2355964 0.2560085 0.2156548 0.2080166 0.2207926 
taxon5     0.0727332 0.0451268 0.0725414 0.1566188 0.0727372 0.0000000 0.0147213 0.1006414 0.0816711 0.0773017 0.0665505 0.0718718 0.0994440 0.0941430 0.2137537 0.2261765 0.2462497 0.2006320 0.2059849 0.2121723 
taxon6     0.0673349 0.0399952 0.0671574 0.1550974 0.0673398 0.0147213 0.0000000 0.1004083 0.0814879 0.0771266 0.0664004 0.0717094 0.0992160 0.0939271 0.2133381 0.2301614 0.2501385 0.2002473 0.2055895 0.2117628 
taxon7     0.1502114 0.1235356 0.1490990 0.2159760 0.1375599 0.1006414 0.1004083 0.0000000 0.0608353 0.0717862 0.0666185 0.0719366 0.0771881 0.0828099 0.2655863 0.2560895 0.2768547 0.2476420 0.2509470 0.2645358 
taxon8     0.1231209 0.0980812 0.1281041 0.1878487 0.1169430 0.0816711 0.0814879 0.0608353 0.0000000 0.0548085 0.0546315 0.0597610 0.0756251 0.0811334 0.2533857 0.2566893 0.2774530 0.2288311 0.2322330 0.2329123 
taxon9     0.1022059 0.0830829 0.1011164 0.1947432 0.1130688 0.0773017 0.0771266 0.0717862 0.0548085 0.0000000 0.0097556 0.0146729 0.0398560 0.0348504 0.2563135 0.2669464 0.2881146 0.2588980 0.2620936 0.2558721 
taxon10    0.0961520 0.0722178 0.1013455 0.1820183 0.1016135 0.0665505 0.0664004 0.0666185 0.0546315 0.0097556 0.0000000 0.0048602 0.0297005 0.0247338 0.2630332 0.2739114 0.2952161 0.2451180 0.2484232 0.2549273 
taxon11    0.1017785 0.0775926 0.1015724 0.1823933 0.1018413 0.0718718 0.0717094 0.0719366 0.0597610 0.0146729 0.0048602 0.0000000 0.0246785 0.0197297 0.2698005 0.2809218 0.3023570 0.2518234 0.2550734 0.2616158 
taxon12    0.1310924 0.1054681 0.1308359 0.2021232 0.1194367 0.0994440 0.0992160 0.0771881 0.0756251 0.0398560 0.0297005 0.0246785 0.0000000 0.0146781 0.2584119 0.2835182 0.3051058 0.2541611 0.2574086 0.2639982 
taxon13    0.1255521 0.1001271 0.1253041 0.2092383 0.1256294 0.0941430 0.0939271 0.0828099 0.0811334 0.0348504 0.0247338 0.0197297 0.0146781 0.0000000 0.2701182 0.2957340 0.3174936 0.2659318 0.2690714 0.2757088 
taxon14    0.2446162 0.2125595 0.2208138 0.2911238 0.2154255 0.2137537 0.2133381 0.2655863 0.2533857 0.2563135 0.2630332 0.2698005 0.2584119 0.2701182 0.0000000 0.0619548 0.0569751 0.0554240 0.0398707 0.0345236 
taxon15    0.2662922 0.2323949 0.2411440 0.3007284 0.2355964 0.2261765 0.2301614 0.2560895 0.2566893 0.2669464 0.2739114 0.2809218 0.2835182 0.2957340 0.0619548 0.0000000 0.0148622 0.0780613 0.0779146 0.0836663 
taxon16    0.2875255 0.2525374 0.2615901 0.3225504 0.2560085 0.2462497 0.2501385 0.2768547 0.2774530 0.2881146 0.2952161 0.3023570 0.3051058 0.3174936 0.0569751 0.0148622 0.0000000 0.0837722 0.0729541 0.0786923 
taxon17    0.2507724 0.2127815 0.2283310 0.2831334 0.2156548 0.2006320 0.2002473 0.2476420 0.2288311 0.2588980 0.2451180 0.2518234 0.2541611 0.2659318 0.0554240 0.0780613 0.0837722 0.0000000 0.0246967 0.0399120 
taxon18    0.2426328 0.2052575 0.2205401 0.2746185 0.2080166 0.2059849 0.2055895 0.2509470 0.2322330 0.2620936 0.2484232 0.2550734 0.2574086 0.2690714 0.0398707 0.0779146 0.0729541 0.0246967 0.0000000 0.0147750 
taxon19    0.2500508 0.2178702 0.2334553 0.2882075 0.2207926 0.2121723 0.2117628 0.2645358 0.2329123 0.2558721 0.2549273 0.2616158 0.2639982 0.2757088 0.0345236 0.0836663 0.0786923 0.0399120 0.0147750 0.0000000 
