20
taxon0     0.0000000 0.0785882 0.2590991 0.2582725 0.3094963 0.4308112 0.4403657 0.4160420 0.4104917 0.4123804 0.3985116 0.4099172 0.4764184 0.4480601 0.4087896 0.4186132 0.4495641 0.4416812 0.4403075 0.4072142 
taxon1     0.0785882 0.0000000 0.2401228 0.2471664 0.2978184 0.4156619 0.4242963 0.4089693 0.3915350 0.3728903 0.3682009 0.4144778 0.4551973 0.4297409 0.3935879 0.3878274 0.4454883 0.4194058 0.4479075 0.4226402 
taxon2     0.2590991 0.2401228 0.0000000 0.2001939 0.2401440 0.3264741 0.3535877 0.3192062 0.3251260 0.3141540 0.3105648 0.3282370 0.3985962 0.4026107 0.3594678 0.3604334 0.3484425 0.3482708 0.3793233 0.3481759 
taxon3     0.2582725 0.2471664 0.2001939 0.0000000 0.1331267 0.4134960 0.4530358 0.4258945 0.4115009 0.3571996 0.3524413 0.4364554 0.4805317 0.4283260 0.3915598 0.3921307 0.4530137 0.4422277 0.4415594 0.4431598 
taxon4     0.3094963 0.2978184 0.2401440 0.1331267 0.0000000 0.4291557 0.4680885 0.4397368 0.4412223 0.3942624 0.3902718 0.4375264 0.4935504 0.4518934 0.4197164 0.4379586 0.4768164 0.4690085 0.4581086 0.4620289 
taxon5     0.4308112 0.4156619 0.3264741 0.4134960 0.4291557 0.0000000 0.0604791 0.1893994 0.1850632 0.2006892 0.2026339 0.2233363 0.2924468 0.3102422 0.2435196 0.2777376 0.2444245 0.2984435 0.3408201 0.3096190 
taxon6     0.4403657 0.4242963 0.3535877 0.4530358 0.4680885 0.0604791 0.0000000 0.2102464 0.2033670 0.2196288 0.2076170 0.2282706 0.3010319 0.3137917 0.2704087 0.2977685 0.2810899 0.3159092 0.3628075 0.3272041 
taxon7     0.4160420 0.4089693 0.3192062 0.4258945 0.4397368 0.1893994 0.2102464 0.0000000 0.0558115 0.1759396 0.1756670 0.2426233 0.3077833 0.3353840 0.2786357 0.3060388 0.2713540 0.3164937 0.3319065 0.3139408 
taxon8     0.4104917 0.3915350 0.3251260 0.4115009 0.4412223 0.1850632 0.2033670 0.0558115 0.0000000 0.1694275 0.1808517 0.2563938 0.3177927 0.3356343 0.2613643 0.3081289 0.2620555 0.3080187 0.3234627 0.2973917 
taxon9     0.4123804 0.3728903 0.3141540 0.3571996 0.3942624 0.2006892 0.2196288 0.1759396 0.1694275 0.0000000 0.0921143 0.2468961 0.3159775 0.3229387 0.2691452 0.3005796 0.2689783 0.3134809 0.3400922 0.3258819 
taxon10    0.3985116 0.3682009 0.3105648 0.3524413 0.3902718 0.2026339 0.2076170 0.1756670 0.1808517 0.0921143 0.0000000 0.2464991 0.3235794 0.3254242 0.2729397 0.3017189 0.2789892 0.3058001 0.3320530 0.3187220 
taxon11    0.4099172 0.4144778 0.3282370 0.4364554 0.4375264 0.2233363 0.2282706 0.2426233 0.2563938 0.2468961 0.2464991 0.0000000 0.1156028 0.1353909 0.1790617 0.1965783 0.1694439 0.2247212 0.2817296 0.2246339 
taxon12    0.4764184 0.4551973 0.3985962 0.4805317 0.4935504 0.2924468 0.3010319 0.3077833 0.3177927 0.3159775 0.3235794 0.1156028 0.0000000 0.0919390 0.2417921 0.2595173 0.2257940 0.2797708 0.3445997 0.2985395 
taxon13    0.4480601 0.4297409 0.4026107 0.4283260 0.4518934 0.3102422 0.3137917 0.3353840 0.3356343 0.3229387 0.3254242 0.1353909 0.0919390 0.0000000 0.2527208 0.2653781 0.2567987 0.2767856 0.3442873 0.2991848 
taxon14    0.4087896 0.3935879 0.3594678 0.3915598 0.4197164 0.2435196 0.2704087 0.2786357 0.2613643 0.2691452 0.2729397 0.1790617 0.2417921 0.2527208 0.0000000 0.0982315 0.1529346 0.2143450 0.2737593 0.2340685 
taxon15    0.4186132 0.3878274 0.3604334 0.3921307 0.4379586 0.2777376 0.2977685 0.3060388 0.3081289 0.3005796 0.3017189 0.1965783 0.2595173 0.2653781 0.0982315 0.0000000 0.1731280 0.2088684 0.2641343 0.2256199 
taxon16    0.4495641 0.4454883 0.3484425 0.4530137 0.4768164 0.2444245 0.2810899 0.2713540 0.2620555 0.2689783 0.2789892 0.1694439 0.2257940 0.2567987 0.1529346 0.1731280 0.0000000 0.1165657 0.1733237 0.1266141 
taxon17    0.4416812 0.4194058 0.3482708 0.4422277 0.4690085 0.2984435 0.3159092 0.3164937 0.3080187 0.3134809 0.3058001 0.2247212 0.2797708 0.2767856 0.2143450 0.2088684 0.1165657 0.0000000 0.1446530 0.0977277 
taxon18    0.4403075 0.4479075 0.3793233 0.4415594 0.4581086 0.3408201 0.3628075 0.3319065 0.3234627 0.3400922 0.3320530 0.2817296 0.3445997 0.3442873 0.2737593 0.2641343 0.1733237 0.1446530 0.0000000 0.0940354 
taxon19    0.4072142 0.4226402 0.3481759 0.4431598 0.4620289 0.3096190 0.3272041 0.3139408 0.2973917 0.3258819 0.3187220 0.2246339 0.2985395 0.2991848 0.2340685 0.2256199 0.1266141 0.0977277 0.0940354 0.0000000 
