20
taxon0     0.0000000 0.0628013 0.2051509 0.2237750 0.1886163 0.1654716 0.1846392 0.2152189 0.2245875 0.2465221 0.2355644 0.2383385 0.2472664 0.2195896 0.2413579 0.2279057 0.2624195 0.2861855 0.2889168 0.3162224 
taxon1     0.0628013 0.0000000 0.2157618 0.2419029 0.2058347 0.1825488 0.2072401 0.2050809 0.2331709 0.2459627 0.2297614 0.2301904 0.2350046 0.2183363 0.2380747 0.2193547 0.2596251 0.2826648 0.2776544 0.3123566 
taxon2     0.2051509 0.2157618 0.0000000 0.0361819 0.0731431 0.0622480 0.0807200 0.2563813 0.2586234 0.2621947 0.2722975 0.2381172 0.2519969 0.2510600 0.2572456 0.2609106 0.2749445 0.3214785 0.2973839 0.2996999 
taxon3     0.2237750 0.2419029 0.0361819 0.0000000 0.1021302 0.0858996 0.0994436 0.2681129 0.2705768 0.2739966 0.2791345 0.2497325 0.2637205 0.2627657 0.2690175 0.2728118 0.2870051 0.3234915 0.2994601 0.3017590 
taxon4     0.1886163 0.2058347 0.0731431 0.1021302 0.0000000 0.0248662 0.0676296 0.2383151 0.2389524 0.2427256 0.2459342 0.2193570 0.2324381 0.2337869 0.2379028 0.2412939 0.2622362 0.3011112 0.2781073 0.2799851 
taxon5     0.1654716 0.1825488 0.0622480 0.0858996 0.0248662 0.0000000 0.0519418 0.2399617 0.2418661 0.2325371 0.2356825 0.2220219 0.2352393 0.2343391 0.2407613 0.2442124 0.2653898 0.2971525 0.2740572 0.2759715 
taxon6     0.1846392 0.2072401 0.0807200 0.0994436 0.0676296 0.0519418 0.0000000 0.2668210 0.2692800 0.2407160 0.2439467 0.2412986 0.2623952 0.2444971 0.2506435 0.2715379 0.2932175 0.3202742 0.3229157 0.3172044 
taxon7     0.2152189 0.2050809 0.2563813 0.2681129 0.2383151 0.2399617 0.2668210 0.0000000 0.0523242 0.0913726 0.0736641 0.0789386 0.0635442 0.0727693 0.0896333 0.0717495 0.0896255 0.1287674 0.1218924 0.1429096 
taxon8     0.2245875 0.2331709 0.2586234 0.2705768 0.2389524 0.2418661 0.2692800 0.0523242 0.0000000 0.0703795 0.0581180 0.0706302 0.0828982 0.0865464 0.0692529 0.0466602 0.0785743 0.1089430 0.1093672 0.1345220 
taxon9     0.2465221 0.2459627 0.2621947 0.2739966 0.2427256 0.2325371 0.2407160 0.0913726 0.0703795 0.0000000 0.0253679 0.0809587 0.0992239 0.1038694 0.0670764 0.0911222 0.1214228 0.1221806 0.1351183 0.1404139 
taxon10    0.2355644 0.2297614 0.2722975 0.2791345 0.2459342 0.2356825 0.2439467 0.0736641 0.0581180 0.0253679 0.0000000 0.0820677 0.0952455 0.0908661 0.0730468 0.0785079 0.1078808 0.1085323 0.1210672 0.1420501 
taxon11    0.2383385 0.2301904 0.2381172 0.2497325 0.2193570 0.2220219 0.2412986 0.0789386 0.0706302 0.0809587 0.0820677 0.0000000 0.0468059 0.0630602 0.0668157 0.0733698 0.0970084 0.1362384 0.1216021 0.1381522 
taxon12    0.2472664 0.2350046 0.2519969 0.2637205 0.2324381 0.2352393 0.2623952 0.0635442 0.0828982 0.0992239 0.0952455 0.0468059 0.0000000 0.0366868 0.0906213 0.0917304 0.1159894 0.1513635 0.1427438 0.1480829 
taxon13    0.2195896 0.2183363 0.2510600 0.2627657 0.2337869 0.2343391 0.2444971 0.0727693 0.0865464 0.1038694 0.0908661 0.0630602 0.0366868 0.0000000 0.0951860 0.0946973 0.1140579 0.1339748 0.1394880 0.1611646 
taxon14    0.2413579 0.2380747 0.2572456 0.2690175 0.2379028 0.2407613 0.2506435 0.0896333 0.0692529 0.0670764 0.0730468 0.0668157 0.0906213 0.0951860 0.0000000 0.0511652 0.0857653 0.1033971 0.1158282 0.1152598 
taxon15    0.2279057 0.2193547 0.2609106 0.2728118 0.2412939 0.2442124 0.2715379 0.0717495 0.0466602 0.0911222 0.0785079 0.0733698 0.0917304 0.0946973 0.0511652 0.0000000 0.0673102 0.0977917 0.0972793 0.1225048 
taxon16    0.2624195 0.2596251 0.2749445 0.2870051 0.2622362 0.2653898 0.2932175 0.0896255 0.0785743 0.1214228 0.1078808 0.0970084 0.1159894 0.1140579 0.0857653 0.0673102 0.0000000 0.0745587 0.0683952 0.0805855 
taxon17    0.2861855 0.2826648 0.3214785 0.3234915 0.3011112 0.2971525 0.3202742 0.1287674 0.1089430 0.1221806 0.1085323 0.1362384 0.1513635 0.1339748 0.1033971 0.0977917 0.0745587 0.0000000 0.0356117 0.0520865 
taxon18    0.2889168 0.2776544 0.2973839 0.2994601 0.2781073 0.2740572 0.3229157 0.1218924 0.1093672 0.1351183 0.1210672 0.1216021 0.1427438 0.1394880 0.1158282 0.0972793 0.0683952 0.0356117 0.0000000 0.0410305 
taxon19    0.3162224 0.3123566 0.2996999 0.3017590 0.2799851 0.2759715 0.3172044 0.1429096 0.1345220 0.1404139 0.1420501 0.1381522 0.1480829 0.1611646 0.1152598 0.1225048 0.0805855 0.0520865 0.0410305 0.0000000 
