20
taxon0     0.0000000 0.0912468 0.1119984 0.1102809 0.1231422 0.1355461 0.1365309 0.1720456 0.1691214 0.1980444 0.2621827 0.2501724 0.2520457 0.1923468 0.1676780 0.1764103 0.2711694 0.2659596 0.2736550 0.2344860 
taxon1     0.0912468 0.0000000 0.1478320 0.1339366 0.1562248 0.1556834 0.1695461 0.2064725 0.1905028 0.2445660 0.3062314 0.2951081 0.2736285 0.2172681 0.1820549 0.1870279 0.2983304 0.2904296 0.3195200 0.2709307 
taxon2     0.1119984 0.1478320 0.0000000 0.0656796 0.2108154 0.2020329 0.2029629 0.2479697 0.2455449 0.2957497 0.3518486 0.3445882 0.3373625 0.2825353 0.2548860 0.2658123 0.3461322 0.3380033 0.3573841 0.3174629 
taxon3     0.1102809 0.1339366 0.0656796 0.0000000 0.2019865 0.2081185 0.2066640 0.2325775 0.2294152 0.2864379 0.3316094 0.3215712 0.3231901 0.2690047 0.2322803 0.2465973 0.3314085 0.3233095 0.3387344 0.2943275 
taxon4     0.1231422 0.1562248 0.2108154 0.2019865 0.0000000 0.0419767 0.0542394 0.1175370 0.0884891 0.1759346 0.2174432 0.2087934 0.2066080 0.1916017 0.1444273 0.1678917 0.2880946 0.2749214 0.3029124 0.2633343 
taxon5     0.1355461 0.1556834 0.2020329 0.2081185 0.0419767 0.0000000 0.0484976 0.0990758 0.0764293 0.1973406 0.2403256 0.2380912 0.2355140 0.2190426 0.1764104 0.1882597 0.2787486 0.2659461 0.2988074 0.2680947 
taxon6     0.1365309 0.1695461 0.2029629 0.2066640 0.0542394 0.0484976 0.0000000 0.1180666 0.0890715 0.2204339 0.2648359 0.2629066 0.2599859 0.2207311 0.1864576 0.2044418 0.2783164 0.2571072 0.2880993 0.2634743 
taxon7     0.1720456 0.2064725 0.2479697 0.2325775 0.1175370 0.0990758 0.1180666 0.0000000 0.0473731 0.2527395 0.2795577 0.2818770 0.2710096 0.2471499 0.2301051 0.2307784 0.3137105 0.2980895 0.3208212 0.3035250 
taxon8     0.1691214 0.1905028 0.2455449 0.2294152 0.0884891 0.0764293 0.0890715 0.0473731 0.0000000 0.2341748 0.2655987 0.2620159 0.2680401 0.2341801 0.2056525 0.2125161 0.3022878 0.2848497 0.3082478 0.2912802 
taxon9     0.1980444 0.2445660 0.2957497 0.2864379 0.1759346 0.1973406 0.2204339 0.2527395 0.2341748 0.0000000 0.0864636 0.1000038 0.0862589 0.1330673 0.1415727 0.1401981 0.2832524 0.2574036 0.2902525 0.2545630 
taxon10    0.2621827 0.3062314 0.3518486 0.3316094 0.2174432 0.2403256 0.2648359 0.2795577 0.2655987 0.0864636 0.0000000 0.0635523 0.0679219 0.1934532 0.2003015 0.1793244 0.3377051 0.3070891 0.3370223 0.2985449 
taxon11    0.2501724 0.2951081 0.3445882 0.3215712 0.2087934 0.2380912 0.2629066 0.2818770 0.2620159 0.1000038 0.0635523 0.0000000 0.0714602 0.1756083 0.1817446 0.1759657 0.3375807 0.3188729 0.3500108 0.3147369 
taxon12    0.2520457 0.2736285 0.3373625 0.3231901 0.2066080 0.2355140 0.2599859 0.2710096 0.2680401 0.0862589 0.0679219 0.0714602 0.0000000 0.1951371 0.1973273 0.1966520 0.3278181 0.2966584 0.3270156 0.2970854 
taxon13    0.1923468 0.2172681 0.2825353 0.2690047 0.1916017 0.2190426 0.2207311 0.2471499 0.2341801 0.1330673 0.1934532 0.1756083 0.1951371 0.0000000 0.0882487 0.0758545 0.2966689 0.2730157 0.2982619 0.2601192 
taxon14    0.1676780 0.1820549 0.2548860 0.2322803 0.1444273 0.1764104 0.1864576 0.2301051 0.2056525 0.1415727 0.2003015 0.1817446 0.1973273 0.0882487 0.0000000 0.0582084 0.2530390 0.2319559 0.2547930 0.2283927 
taxon15    0.1764103 0.1870279 0.2658123 0.2465973 0.1678917 0.1882597 0.2044418 0.2307784 0.2125161 0.1401981 0.1793244 0.1759657 0.1966520 0.0758545 0.0582084 0.0000000 0.2835466 0.2603409 0.2787660 0.2479080 
taxon16    0.2711694 0.2983304 0.3461322 0.3314085 0.2880946 0.2787486 0.2783164 0.3137105 0.3022878 0.2832524 0.3377051 0.3375807 0.3278181 0.2966689 0.2530390 0.2835466 0.0000000 0.0538782 0.1439154 0.0979141 
taxon17    0.2659596 0.2904296 0.3380033 0.3233095 0.2749214 0.2659461 0.2571072 0.2980895 0.2848497 0.2574036 0.3070891 0.3188729 0.2966584 0.2730157 0.2319559 0.2603409 0.0538782 0.0000000 0.1233373 0.0928513 
taxon18    0.2736550 0.3195200 0.3573841 0.3387344 0.3029124 0.2988074 0.2880993 0.3208212 0.3082478 0.2902525 0.3370223 0.3500108 0.3270156 0.2982619 0.2547930 0.2787660 0.1439154 0.1233373 0.0000000 0.0813848 
taxon19    0.2344860 0.2709307 0.3174629 0.2943275 0.2633343 0.2680947 0.2634743 0.3035250 0.2912802 0.2545630 0.2985449 0.3147369 0.2970854 0.2601192 0.2283927 0.2479080 0.0979141 0.0928513 0.0813848 0.0000000 
