20
taxon0     0.0000000 0.0195204 0.0247055 0.0146463 0.0679323 0.0900899 0.0842500 0.0838616 0.0732376 0.1395442 0.1276536 0.1596503 0.1471186 0.1601930 0.1602815 0.1608629 0.1663538 0.1597833 0.1386586 0.1340671 
taxon1     0.0195204 0.0000000 0.0197530 0.0097582 0.0784982 0.0900833 0.0949307 0.0838526 0.0732278 0.1336693 0.1333924 0.1594626 0.1469470 0.1657903 0.1658816 0.1664809 0.1723264 0.1595954 0.1384995 0.1452608 
taxon2     0.0247055 0.0197530 0.0000000 0.0098050 0.0788479 0.0674386 0.0843276 0.0733338 0.0627430 0.1469398 0.1397990 0.1585669 0.1461117 0.1648656 0.1649560 0.1655507 0.1713704 0.1586985 0.1458547 0.1527459 
taxon3     0.0146463 0.0097582 0.0098050 0.0000000 0.0675286 0.0788968 0.0837514 0.0728279 0.0623041 0.1340717 0.1271184 0.1599523 0.1473961 0.1663009 0.1663927 0.1669954 0.1728596 0.1600858 0.1330663 0.1397937 
taxon4     0.0679323 0.0784982 0.0788479 0.0675286 0.0000000 0.0246790 0.0196098 0.0244719 0.0245518 0.1375863 0.1324619 0.1512838 0.1516832 0.1563244 0.1443450 0.1566046 0.1712864 0.1643430 0.1499053 0.1445549 
taxon5     0.0900899 0.0900833 0.0674386 0.0788968 0.0246790 0.0000000 0.0147874 0.0147393 0.0147874 0.1504612 0.1449312 0.1621426 0.1625690 0.1671501 0.1551163 0.1674494 0.1823271 0.1753187 0.1574118 0.1635177 
taxon6     0.0842500 0.0949307 0.0843276 0.0837514 0.0196098 0.0147874 0.0000000 0.0195551 0.0196187 0.1553294 0.1384999 0.1578952 0.1583139 0.1629502 0.1508550 0.1632441 0.1781495 0.1711166 0.1623024 0.1569185 
taxon7     0.0838616 0.0838526 0.0733338 0.0728279 0.0244719 0.0147393 0.0195551 0.0000000 0.0097490 0.1433025 0.1439286 0.1753028 0.1757664 0.1687370 0.1680947 0.1806508 0.1959234 0.1887630 0.1617098 0.1677858 
taxon8     0.0732376 0.0732278 0.0627430 0.0623041 0.0245518 0.0147874 0.0196187 0.0097490 0.0000000 0.1438476 0.1444786 0.1759926 0.1764598 0.1810335 0.1687493 0.1813620 0.1967132 0.1895169 0.1623359 0.1684383 
taxon9     0.1395442 0.1336693 0.1469398 0.1340717 0.1375863 0.1504612 0.1553294 0.1433025 0.1438476 0.0000000 0.0557470 0.0661465 0.0658039 0.0657041 0.0552861 0.0657938 0.0719889 0.0662069 0.0656067 0.0546296 
taxon10    0.1276536 0.1333924 0.1397990 0.1271184 0.1324619 0.1449312 0.1384999 0.1439286 0.1444786 0.0557470 0.0000000 0.0513881 0.0511196 0.0567595 0.0567898 0.0620119 0.0621854 0.0514368 0.0446090 0.0351649 
taxon11    0.1596503 0.1594626 0.1585669 0.1599523 0.1512838 0.1621426 0.1578952 0.1753028 0.1759926 0.0661465 0.0513881 0.0000000 0.0097755 0.0148002 0.0148080 0.0197650 0.0198159 0.0098344 0.0717339 0.0505225 
taxon12    0.1471186 0.1469470 0.1461117 0.1473961 0.1516832 0.1625690 0.1583139 0.1757664 0.1764598 0.0658039 0.0511196 0.0097755 0.0000000 0.0147258 0.0147335 0.0196655 0.0197159 0.0097851 0.0610346 0.0502626 
taxon13    0.1601930 0.1657903 0.1648656 0.1663009 0.1563244 0.1671501 0.1629502 0.1687370 0.1810335 0.0657041 0.0567595 0.0148002 0.0147258 0.0000000 0.0097423 0.0146290 0.0199177 0.0148148 0.0771696 0.0558073 
taxon14    0.1602815 0.1658816 0.1649560 0.1663927 0.1443450 0.1551163 0.1508550 0.1680947 0.1687493 0.0552861 0.0567898 0.0148080 0.0147335 0.0097423 0.0000000 0.0146366 0.0199283 0.0148226 0.0772102 0.0558368 
taxon15    0.1608629 0.1664809 0.1655507 0.1669954 0.1566046 0.1674494 0.1632441 0.1806508 0.1813620 0.0657938 0.0620119 0.0197650 0.0196655 0.0146290 0.0146366 0.0000000 0.0249352 0.0197843 0.0824395 0.0609776 
taxon16    0.1663538 0.1723264 0.1713704 0.1728596 0.1712864 0.1823271 0.1781495 0.1959234 0.1967132 0.0719889 0.0621854 0.0198159 0.0197159 0.0199177 0.0199283 0.0249352 0.0000000 0.0198353 0.0826747 0.0611461 
taxon17    0.1597833 0.1595954 0.1586985 0.1600858 0.1643430 0.1753187 0.1711166 0.1887630 0.1895169 0.0662069 0.0514368 0.0098344 0.0097851 0.0148148 0.0148226 0.0197843 0.0198353 0.0000000 0.0717991 0.0505699 
taxon18    0.1386586 0.1384995 0.1458547 0.1330663 0.1499053 0.1574118 0.1623024 0.1617098 0.1623359 0.0656067 0.0446090 0.0717339 0.0610346 0.0771696 0.0772102 0.0824395 0.0826747 0.0717991 0.0000000 0.0248066 
taxon19    0.1340671 0.1452608 0.1527459 0.1397937 0.1445549 0.1635177 0.1569185 0.1677858 0.1684383 0.0546296 0.0351649 0.0505225 0.0502626 0.0558073 0.0558368 0.0609776 0.0611461 0.0505699 0.0248066 0.0000000 
