20
taxon0     0.0000000 0.1978046 0.2028458 0.2364676 0.2243809 0.1689101 0.2222328 0.2014211 0.2221400 0.2261676 0.2438835 0.2496124 0.2425921 0.2292406 0.3072154 0.2983491 0.2727621 0.2330984 0.3649830 0.3601259 
taxon1     0.1978046 0.0000000 0.1610618 0.1974178 0.1838602 0.2347065 0.2983781 0.2776767 0.2818876 0.2977127 0.3118508 0.3063425 0.3024904 0.2935941 0.3651673 0.3518327 0.3231533 0.2717822 0.3814455 0.3657336 
taxon2     0.2028458 0.1610618 0.0000000 0.1169731 0.1007404 0.2479233 0.3002926 0.2913704 0.2936966 0.2989246 0.3259884 0.3051302 0.2857170 0.3058941 0.3805154 0.3820882 0.3570350 0.2900960 0.4050568 0.3977145 
taxon3     0.2364676 0.1974178 0.1169731 0.0000000 0.0956769 0.2666276 0.3049061 0.3029571 0.3091058 0.3122129 0.3395771 0.3232291 0.2898414 0.3176800 0.3956704 0.3894122 0.3566408 0.2909607 0.3777330 0.3901052 
taxon4     0.2243809 0.1838602 0.1007404 0.0956769 0.0000000 0.2389647 0.2805004 0.2701672 0.2788804 0.2936096 0.3195446 0.2913880 0.2949224 0.3010224 0.3859356 0.3746449 0.3455035 0.2832165 0.3859605 0.4029054 
taxon5     0.1689101 0.2347065 0.2479233 0.2666276 0.2389647 0.0000000 0.0873303 0.0826032 0.0674215 0.0780380 0.0942721 0.0927339 0.0991671 0.0935489 0.1843050 0.1629611 0.1581681 0.1204393 0.3139627 0.3123271 
taxon6     0.2222328 0.2983781 0.3002926 0.3049061 0.2805004 0.0873303 0.0000000 0.1041056 0.1065834 0.1110069 0.1322999 0.1257794 0.1335407 0.1392857 0.2033435 0.1880969 0.2311452 0.2013369 0.3510028 0.3895660 
taxon7     0.2014211 0.2776767 0.2913704 0.3029571 0.2701672 0.0826032 0.1041056 0.0000000 0.0739100 0.0783744 0.0883514 0.0935064 0.0939021 0.0940625 0.1717296 0.1568966 0.1875713 0.1829970 0.3570249 0.3851180 
taxon8     0.2221400 0.2818876 0.2936966 0.3091058 0.2788804 0.0674215 0.1065834 0.0739100 0.0000000 0.0455989 0.0665721 0.0551928 0.0663624 0.0717619 0.1458301 0.1261057 0.2072895 0.1728353 0.3341449 0.3624464 
taxon9     0.2261676 0.2977127 0.2989246 0.3122129 0.2936096 0.0780380 0.1110069 0.0783744 0.0455989 0.0000000 0.0555672 0.0501838 0.0660558 0.0617743 0.1528805 0.1334140 0.2215129 0.1758324 0.3173767 0.3412759 
taxon10    0.2438835 0.3118508 0.3259884 0.3395771 0.3195446 0.0942721 0.1322999 0.0883514 0.0665721 0.0555672 0.0000000 0.0656760 0.0657544 0.0713989 0.1506930 0.1260338 0.2206479 0.2072106 0.3661841 0.3859082 
taxon11    0.2496124 0.3063425 0.3051302 0.3232291 0.2913880 0.0927339 0.1257794 0.0935064 0.0551928 0.0501838 0.0656760 0.0000000 0.0552432 0.0553175 0.1263607 0.1154354 0.2243425 0.1710040 0.3535111 0.3815892 
taxon12    0.2425921 0.3024904 0.2857170 0.2898414 0.2949224 0.0991671 0.1335407 0.0939021 0.0663624 0.0660558 0.0657544 0.0552432 0.0000000 0.0713996 0.1437261 0.1250843 0.2229700 0.1953654 0.3703624 0.3921477 
taxon13    0.2292406 0.2935941 0.3058941 0.3176800 0.3010224 0.0935489 0.1392857 0.0940625 0.0717619 0.0617743 0.0713989 0.0553175 0.0713996 0.0000000 0.1100954 0.0922626 0.2162405 0.1774441 0.3693664 0.4028871 
taxon14    0.3072154 0.3651673 0.3805154 0.3956704 0.3859356 0.1843050 0.2033435 0.1717296 0.1458301 0.1528805 0.1506930 0.1263607 0.1437261 0.1100954 0.0000000 0.0816690 0.3142764 0.2850482 0.4260221 0.4782018 
taxon15    0.2983491 0.3518327 0.3820882 0.3894122 0.3746449 0.1629611 0.1880969 0.1568966 0.1261057 0.1334140 0.1260338 0.1154354 0.1250843 0.0922626 0.0816690 0.0000000 0.2746094 0.2551303 0.4198305 0.4702015 
taxon16    0.2727621 0.3231533 0.3570350 0.3566408 0.3455035 0.1581681 0.2311452 0.1875713 0.2072895 0.2215129 0.2206479 0.2243425 0.2229700 0.2162405 0.3142764 0.2746094 0.0000000 0.0984957 0.4588517 0.4301417 
taxon17    0.2330984 0.2717822 0.2900960 0.2909607 0.2832165 0.1204393 0.2013369 0.1829970 0.1728353 0.1758324 0.2072106 0.1710040 0.1953654 0.1774441 0.2850482 0.2551303 0.0984957 0.0000000 0.3904364 0.3970175 
taxon18    0.3649830 0.3814455 0.4050568 0.3777330 0.3859605 0.3139627 0.3510028 0.3570249 0.3341449 0.3173767 0.3661841 0.3535111 0.3703624 0.3693664 0.4260221 0.4198305 0.4588517 0.3904364 0.0000000 0.1684020 
taxon19    0.3601259 0.3657336 0.3977145 0.3901052 0.4029054 0.3123271 0.3895660 0.3851180 0.3624464 0.3412759 0.3859082 0.3815892 0.3921477 0.4028871 0.4782018 0.4702015 0.4301417 0.3970175 0.1684020 0.0000000 
