20
taxon0     0.0000000 0.0709674 0.1159670 0.1189781 0.3794206 0.3554066 0.4040550 0.3870769 0.3739401 0.3946327 0.3855795 0.3935845 0.3908995 0.3821505 0.3668329 0.3617782 0.3379380 0.3687925 0.3435928 0.3352769 
taxon1     0.0709674 0.0000000 0.1366218 0.1510995 0.3329566 0.3414129 0.3943497 0.3564146 0.3552040 0.3752855 0.3774105 0.3654030 0.3795650 0.3632446 0.3426541 0.3379281 0.3274827 0.3579878 0.3325811 0.3244088 
taxon2     0.1159670 0.1366218 0.0000000 0.0616007 0.3651509 0.3312947 0.3692750 0.3535706 0.3572759 0.3748592 0.3885999 0.4039539 0.3820513 0.3803010 0.3495205 0.3446738 0.3607388 0.3785180 0.3176865 0.3183593 
taxon3     0.1189781 0.1510995 0.0616007 0.0000000 0.3637485 0.3071649 0.3584158 0.3410173 0.3567874 0.3514528 0.3901654 0.4023112 0.3711372 0.3650917 0.3368208 0.3189575 0.3290112 0.3390460 0.3081478 0.3174919 
taxon4     0.3794206 0.3329566 0.3651509 0.3637485 0.0000000 0.0736738 0.1599242 0.1457219 0.0999642 0.0993280 0.1495949 0.1543068 0.1442012 0.1528400 0.1833049 0.1915943 0.1963798 0.2063363 0.1761345 0.1699526 
taxon5     0.3554066 0.3414129 0.3312947 0.3071649 0.0736738 0.0000000 0.1405710 0.1175735 0.0947837 0.0782794 0.1658051 0.1539808 0.1390844 0.1475845 0.1882855 0.1885868 0.2024723 0.2058201 0.1650565 0.1755531 
taxon6     0.4040550 0.3943497 0.3692750 0.3584158 0.1599242 0.1405710 0.0000000 0.1094564 0.1570207 0.1333744 0.1727585 0.2064711 0.1762130 0.1757142 0.2364832 0.2098044 0.2307597 0.2159654 0.2170619 0.2294802 
taxon7     0.3870769 0.3564146 0.3535706 0.3410173 0.1457219 0.1175735 0.1094564 0.0000000 0.1286446 0.1162134 0.1752143 0.1731611 0.1640651 0.1740370 0.2123478 0.2046000 0.2072019 0.1993670 0.1844494 0.1773428 
taxon8     0.3739401 0.3552040 0.3572759 0.3567874 0.0999642 0.0947837 0.1570207 0.1286446 0.0000000 0.0338911 0.1138354 0.1244172 0.0840853 0.0963682 0.2133105 0.2014291 0.1926508 0.2072201 0.1621271 0.1561294 
taxon9     0.3946327 0.3752855 0.3748592 0.3514528 0.0993280 0.0782794 0.1333744 0.1162134 0.0338911 0.0000000 0.1104193 0.1155344 0.0855574 0.0873171 0.2043081 0.1926508 0.1949849 0.1983538 0.1574224 0.1683078 
taxon10    0.3855795 0.3774105 0.3885999 0.3901654 0.1495949 0.1658051 0.1727585 0.1752143 0.1138354 0.1104193 0.0000000 0.0996877 0.1158295 0.1269541 0.2267043 0.2131037 0.2013372 0.2191690 0.2018776 0.2021156 
taxon11    0.3935845 0.3654030 0.4039539 0.4023112 0.1543068 0.1539808 0.2064711 0.1731611 0.1244172 0.1155344 0.0996877 0.0000000 0.1482209 0.1502908 0.2540726 0.2475750 0.2289535 0.2499320 0.2148060 0.2211261 
taxon12    0.3908995 0.3795650 0.3820513 0.3711372 0.1442012 0.1390844 0.1762130 0.1640651 0.0840853 0.0855574 0.1158295 0.1482209 0.0000000 0.0695889 0.2210858 0.2217506 0.1961933 0.2160468 0.1858735 0.1799073 
taxon13    0.3821505 0.3632446 0.3803010 0.3650917 0.1528400 0.1475845 0.1757142 0.1740370 0.0963682 0.0873171 0.1269541 0.1502908 0.0695889 0.0000000 0.2177694 0.2147264 0.1956743 0.2206324 0.1701582 0.1872758 
taxon14    0.3668329 0.3426541 0.3495205 0.3368208 0.1833049 0.1882855 0.2364832 0.2123478 0.2133105 0.2043081 0.2267043 0.2540726 0.2210858 0.2177694 0.0000000 0.0346617 0.1003524 0.0690973 0.0956765 0.1061123 
taxon15    0.3617782 0.3379281 0.3446738 0.3189575 0.1915943 0.1885868 0.2098044 0.2046000 0.2014291 0.1926508 0.2131037 0.2475750 0.2217506 0.2147264 0.0346617 0.0000000 0.0735646 0.0380346 0.0963481 0.1068240 
taxon16    0.3379380 0.3274827 0.3607388 0.3290112 0.1963798 0.2024723 0.2307597 0.2072019 0.1926508 0.1949849 0.2013372 0.2289535 0.1961933 0.1956743 0.1003524 0.0735646 0.0000000 0.0438402 0.1098567 0.1097401 
taxon17    0.3687925 0.3579878 0.3785180 0.3390460 0.2063363 0.2058201 0.2159654 0.1993670 0.2072201 0.1983538 0.2191690 0.2499320 0.2160468 0.2206324 0.0690973 0.0380346 0.0438402 0.0000000 0.1124125 0.1122915 
taxon18    0.3435928 0.3325811 0.3176865 0.3081478 0.1761345 0.1650565 0.2170619 0.1844494 0.1621271 0.1574224 0.2018776 0.2148060 0.1858735 0.1701582 0.0956765 0.0963481 0.1098567 0.1124125 0.0000000 0.0341748 
taxon19    0.3352769 0.3244088 0.3183593 0.3174919 0.1699526 0.1755531 0.2294802 0.1773428 0.1561294 0.1683078 0.2021156 0.2211261 0.1799073 0.1872758 0.1061123 0.1068240 0.1097401 0.1122915 0.0341748 0.0000000 
