20
taxon0     0.0000000 0.0357881 0.0407379 0.0409377 0.0515287 0.0516087 0.0464322 0.0467417 0.0635253 0.0578267 0.0638789 0.0638789 0.0638789 0.1071524 0.1141357 0.0830783 0.0895871 0.0888112 0.1017362 0.1078014 
taxon1     0.0357881 0.0000000 0.0203381 0.0101171 0.0203748 0.0306963 0.0358733 0.0412498 0.0419588 0.0416322 0.0585031 0.0585031 0.0585031 0.0995802 0.0942933 0.0868929 0.0933883 0.0925926 0.1055026 0.1170705 
taxon2     0.0407379 0.0203381 0.0000000 0.0100592 0.0100800 0.0202487 0.0356697 0.0464604 0.0526881 0.0522786 0.0641669 0.0641669 0.0641669 0.0871159 0.0937085 0.0748505 0.0811266 0.0804264 0.0929068 0.0985996 
taxon3     0.0409377 0.0101171 0.0100592 0.0000000 0.0100766 0.0202424 0.0356595 0.0464479 0.0526743 0.0522650 0.0641514 0.0641514 0.0641514 0.0989451 0.0936905 0.0863481 0.0927976 0.0920107 0.1048281 0.1106039 
taxon4     0.0515287 0.0203748 0.0100800 0.0100766 0.0000000 0.0202841 0.0357333 0.0359273 0.0527866 0.0523755 0.0642891 0.0642891 0.0642891 0.0991599 0.0938948 0.0865333 0.0864279 0.0922080 0.1050557 0.1108440 
taxon5     0.0516087 0.0306963 0.0202487 0.0202424 0.0202841 0.0000000 0.0357928 0.0466193 0.0528694 0.0524573 0.0643845 0.0643845 0.0643845 0.1105424 0.1052843 0.0866459 0.0931151 0.0923241 0.1051794 0.1109697 
taxon6     0.0464322 0.0358733 0.0356697 0.0356595 0.0357333 0.0357928 0.0000000 0.0257227 0.0418854 0.0313158 0.0427500 0.0427500 0.0427500 0.0822510 0.0825598 0.0591097 0.0597525 0.0592080 0.0769059 0.0882246 
taxon7     0.0467417 0.0412498 0.0464604 0.0464479 0.0359273 0.0466193 0.0257227 0.0000000 0.0367246 0.0261595 0.0374644 0.0374644 0.0374644 0.1002534 0.0882845 0.0763832 0.0762892 0.0702270 0.0826037 0.0939740 
taxon8     0.0635253 0.0419588 0.0526881 0.0526743 0.0527866 0.0528694 0.0418854 0.0367246 0.0000000 0.0101160 0.0366681 0.0366681 0.0366681 0.1005991 0.0951728 0.0943433 0.1010500 0.0879053 0.0876703 0.0990159 
taxon9     0.0578267 0.0416322 0.0522786 0.0522650 0.0523755 0.0524573 0.0313158 0.0261595 0.0101160 0.0000000 0.0261213 0.0261213 0.0261213 0.0891890 0.0894736 0.0830332 0.0896098 0.0767238 0.0765126 0.0877809 
taxon10    0.0638789 0.0585031 0.0641669 0.0641514 0.0642891 0.0643845 0.0427500 0.0374644 0.0366681 0.0261213 0.0000000 0.0000010 0.0100633 0.1084772 0.0961688 0.0896054 0.0963075 0.0831723 0.0829443 0.0943431 
taxon11    0.0638789 0.0585031 0.0641669 0.0641514 0.0642891 0.0643845 0.0427500 0.0374644 0.0366681 0.0261213 0.0000010 0.0000000 0.0100633 0.1084772 0.0961688 0.0896054 0.0963075 0.0831723 0.0829443 0.0943431 
taxon12    0.0638789 0.0585031 0.0641669 0.0641514 0.0642891 0.0643845 0.0427500 0.0374644 0.0366681 0.0261213 0.0100633 0.0100633 0.0000000 0.1084772 0.0961688 0.0896054 0.0963075 0.0831723 0.0717178 0.0830435 
taxon13    0.1071524 0.0995802 0.0871159 0.0989451 0.0991599 0.1105424 0.0822510 0.1002534 0.1005991 0.0891890 0.1084772 0.1084772 0.1084772 0.0000000 0.0257907 0.0306144 0.0361621 0.0358277 0.0361691 0.0467036 
taxon14    0.1141357 0.0942933 0.0937085 0.0936905 0.0938948 0.1052843 0.0825598 0.0882845 0.0951728 0.0894736 0.0961688 0.0961688 0.0961688 0.0257907 0.0000000 0.0413889 0.0471356 0.0358609 0.0362019 0.0467416 
taxon15    0.0830783 0.0868929 0.0748505 0.0863481 0.0865333 0.0866459 0.0591097 0.0763832 0.0943433 0.0830332 0.0896054 0.0896054 0.0896054 0.0306144 0.0413889 0.0000000 0.0151874 0.0150425 0.0255571 0.0359320 
taxon16    0.0895871 0.0933883 0.0811266 0.0927976 0.0864279 0.0931151 0.0597525 0.0762892 0.1010500 0.0896098 0.0963075 0.0963075 0.0963075 0.0361621 0.0471356 0.0151874 0.0000000 0.0101385 0.0310532 0.0415723 
taxon17    0.0888112 0.0925926 0.0804264 0.0920107 0.0922080 0.0923241 0.0592080 0.0702270 0.0879053 0.0767238 0.0831723 0.0831723 0.0831723 0.0358277 0.0358609 0.0150425 0.0101385 0.0000000 0.0202474 0.0304992 
taxon18    0.1017362 0.1055026 0.0929068 0.1048281 0.1050557 0.1051794 0.0769059 0.0826037 0.0876703 0.0765126 0.0829443 0.0829443 0.0717178 0.0361691 0.0362019 0.0255571 0.0310532 0.0202474 0.0000000 0.0099595 
taxon19    0.1078014 0.1170705 0.0985996 0.1106039 0.1108440 0.1109697 0.0882246 0.0939740 0.0990159 0.0877809 0.0943431 0.0943431 0.0830435 0.0467036 0.0467416 0.0359320 0.0415723 0.0304992 0.0099595 0.0000000 
