20
taxon0     0.0000000 0.1827211 0.1904167 0.2748735 0.2652267 0.3216071 0.3983029 0.4384186 0.4648887 0.2555364 0.2258956 0.4533987 0.4650574 0.3919136 0.4429723 0.3831835 0.4024724 0.4042285 0.3684476 0.3902642 
taxon1     0.1827211 0.0000000 0.0682613 0.2773836 0.2498737 0.3210197 0.3830291 0.4275005 0.4492824 0.2893606 0.2532280 0.4664570 0.4672163 0.3881227 0.4203774 0.3779616 0.4188047 0.4133248 0.3744512 0.4019391 
taxon2     0.1904167 0.0682613 0.0000000 0.2809901 0.2859338 0.3179994 0.3743740 0.4017894 0.4111879 0.2894567 0.2672843 0.4573915 0.4661686 0.3748522 0.4314518 0.3912797 0.4017401 0.4029657 0.3606579 0.3964910 
taxon3     0.2748735 0.2773836 0.2809901 0.0000000 0.0932878 0.1736876 0.2277767 0.2664621 0.2895066 0.2134414 0.1812528 0.5115443 0.5125011 0.4153583 0.4794570 0.4301963 0.4231999 0.4459276 0.4244310 0.4553053 
taxon4     0.2652267 0.2498737 0.2859338 0.0932878 0.0000000 0.1052403 0.1567925 0.1951228 0.2288019 0.1861187 0.1519688 0.4915142 0.4988042 0.4087441 0.4736071 0.4260814 0.4236515 0.4355945 0.3949805 0.4124043 
taxon5     0.3216071 0.3210197 0.3179994 0.1736876 0.1052403 0.0000000 0.1243178 0.1675570 0.2055244 0.2469486 0.2109029 0.5206227 0.5323188 0.4710966 0.5348483 0.4768621 0.4797370 0.4756670 0.4513869 0.4687047 
taxon6     0.3983029 0.3830291 0.3743740 0.2277767 0.1567925 0.1243178 0.0000000 0.1107100 0.1447746 0.2726397 0.2512157 0.5489802 0.5799765 0.4977352 0.5223001 0.4825003 0.4902636 0.5036444 0.4724152 0.5036364 
taxon7     0.4384186 0.4275005 0.4017894 0.2664621 0.1951228 0.1675570 0.1107100 0.0000000 0.0844431 0.3040726 0.3000512 0.5714117 0.5818580 0.5282060 0.5524616 0.4977392 0.5142987 0.5367040 0.4959042 0.5305192 
taxon8     0.4648887 0.4492824 0.4111879 0.2895066 0.2288019 0.2055244 0.1447746 0.0844431 0.0000000 0.3549654 0.3321368 0.6013744 0.6133166 0.5127396 0.5834427 0.5405532 0.5530461 0.5831290 0.5343665 0.5703976 
taxon9     0.2555364 0.2893606 0.2894567 0.2134414 0.1861187 0.2469486 0.2726397 0.3040726 0.3549654 0.0000000 0.0843049 0.4220572 0.4753429 0.3870969 0.4682878 0.4199113 0.4039376 0.4307048 0.3784747 0.4027120 
taxon10    0.2258956 0.2532280 0.2672843 0.1812528 0.1519688 0.2109029 0.2512157 0.3000512 0.3321368 0.0843049 0.0000000 0.4649763 0.4735008 0.3847936 0.4151105 0.3614347 0.3772956 0.4022099 0.3283546 0.3620842 
taxon11    0.4533987 0.4664570 0.4573915 0.5115443 0.4915142 0.5206227 0.5489802 0.5714117 0.6013744 0.4220572 0.4649763 0.0000000 0.0986241 0.2060427 0.3772562 0.3136366 0.3116736 0.3124930 0.2899133 0.2917156 
taxon12    0.4650574 0.4672163 0.4661686 0.5125011 0.4988042 0.5323188 0.5799765 0.5818580 0.6133166 0.4753429 0.4735008 0.0986241 0.0000000 0.2010999 0.3723824 0.3076511 0.3132978 0.3220434 0.3076273 0.3159033 
taxon13    0.3919136 0.3881227 0.3748522 0.4153583 0.4087441 0.4710966 0.4977352 0.5282060 0.5127396 0.3870969 0.3847936 0.2060427 0.2010999 0.0000000 0.2582825 0.2268799 0.2443673 0.2519679 0.2179990 0.2455392 
taxon14    0.4429723 0.4203774 0.4314518 0.4794570 0.4736071 0.5348483 0.5223001 0.5524616 0.5834427 0.4682878 0.4151105 0.3772562 0.3723824 0.2582825 0.0000000 0.0927735 0.2109351 0.2253740 0.2164676 0.2334886 
taxon15    0.3831835 0.3779616 0.3912797 0.4301963 0.4260814 0.4768621 0.4825003 0.4977392 0.5405532 0.4199113 0.3614347 0.3136366 0.3076511 0.2268799 0.0927735 0.0000000 0.1700458 0.1883869 0.1856152 0.1890708 
taxon16    0.4024724 0.4188047 0.4017401 0.4231999 0.4236515 0.4797370 0.4902636 0.5142987 0.5530461 0.4039376 0.3772956 0.3116736 0.3132978 0.2443673 0.2109351 0.1700458 0.0000000 0.0525881 0.1151845 0.1270849 
taxon17    0.4042285 0.4133248 0.4029657 0.4459276 0.4355945 0.4756670 0.5036444 0.5367040 0.5831290 0.4307048 0.4022099 0.3124930 0.3220434 0.2519679 0.2253740 0.1883869 0.0525881 0.0000000 0.1356725 0.1526733 
taxon18    0.3684476 0.3744512 0.3606579 0.4244310 0.3949805 0.4513869 0.4724152 0.4959042 0.5343665 0.3784747 0.3283546 0.2899133 0.3076273 0.2179990 0.2164676 0.1856152 0.1151845 0.1356725 0.0000000 0.0528348 
taxon19    0.3902642 0.4019391 0.3964910 0.4553053 0.4124043 0.4687047 0.5036364 0.5305192 0.5703976 0.4027120 0.3620842 0.2917156 0.3159033 0.2455392 0.2334886 0.1890708 0.1270849 0.1526733 0.0528348 0.0000000 
