19
taxon0     0.0000000 0.0050408 0.0101006 0.0151953 0.0467072 0.0257435 0.1733820 0.1649733 0.1586585 0.1729983 0.1726845 0.1726845 0.1715528 0.1715528 0.1710261 0.1577918 0.1640394 0.1634483 0.1704772 
taxon1     0.0050408 0.0000000 0.0050398 0.0101091 0.0414300 0.0205525 0.1797805 0.1712785 0.1649428 0.1793756 0.1790482 0.1790482 0.1778867 0.1778867 0.1773439 0.1640464 0.1703089 0.1696975 0.1767722 
taxon2     0.0101006 0.0050398 0.0000000 0.0151923 0.0466983 0.0257384 0.1727200 0.1643507 0.1580604 0.1723399 0.1720286 0.1720286 0.1709040 0.1709040 0.1703809 0.1571996 0.1634236 0.1628367 0.1698362 
taxon3     0.0151953 0.0101091 0.0151923 0.0000000 0.0415526 0.0309759 0.1861808 0.1775794 0.1712183 0.1857539 0.1854125 0.1854125 0.1842210 0.1842210 0.1903302 0.1637173 0.1831838 0.1825297 0.1897101 
taxon4     0.0467072 0.0414300 0.0466983 0.0415526 0.0000000 0.0203334 0.1605625 0.1523493 0.1460818 0.1515506 0.1575643 0.1575643 0.1502707 0.1502707 0.1711522 0.1709447 0.1772383 0.1697300 0.1767985 
taxon5     0.0257435 0.0205525 0.0257384 0.0309759 0.0203334 0.0000000 0.1682226 0.1598445 0.1535121 0.1590097 0.1587270 0.1587270 0.1576690 0.1576690 0.1659200 0.1587259 0.1650018 0.1644052 0.1714700 
taxon6     0.1733820 0.1797805 0.1727200 0.1861808 0.1605625 0.1682226 0.0000000 0.0152369 0.0101385 0.0258319 0.0363593 0.0363593 0.0310654 0.0310654 0.0309282 0.0416877 0.0361057 0.0468403 0.0413777 
taxon7     0.1649733 0.1712785 0.1643507 0.1775794 0.1523493 0.1598445 0.0152369 0.0000000 0.0050045 0.0152167 0.0254979 0.0254979 0.0203326 0.0203326 0.0256947 0.0360025 0.0412388 0.0410965 0.0465213 
taxon8     0.1586585 0.1649428 0.1580604 0.1712183 0.1460818 0.1535121 0.0101385 0.0050045 0.0000000 0.0152705 0.0255869 0.0255869 0.0204043 0.0204043 0.0308502 0.0307993 0.0360142 0.0358897 0.0412721 
taxon9     0.1729983 0.1793756 0.1723399 0.1857539 0.1515506 0.1590097 0.0258319 0.0152167 0.0152705 0.0000000 0.0100103 0.0100103 0.0049891 0.0049891 0.0416889 0.0417652 0.0470890 0.0469251 0.0524632 
taxon10    0.1726845 0.1790482 0.1720286 0.1854125 0.1575643 0.1587270 0.0363593 0.0254979 0.0255869 0.0100103 0.0000000 0.0000010 0.0150482 0.0150482 0.0523935 0.0417070 0.0470229 0.0361476 0.0415672 
taxon11    0.1726845 0.1790482 0.1720286 0.1854125 0.1575643 0.1587270 0.0363593 0.0254979 0.0255869 0.0100103 0.0000010 0.0000000 0.0150482 0.0150482 0.0523935 0.0417070 0.0470229 0.0361476 0.0415672 
taxon12    0.1715528 0.1778867 0.1709040 0.1842210 0.1502707 0.1576690 0.0310654 0.0203326 0.0204043 0.0049891 0.0150482 0.0150482 0.0000000 0.0000010 0.0470032 0.0470902 0.0524370 0.0522549 0.0578381 
taxon13    0.1715528 0.1778867 0.1709040 0.1842210 0.1502707 0.1576690 0.0310654 0.0203326 0.0204043 0.0049891 0.0150482 0.0150482 0.0000010 0.0000000 0.0470032 0.0470902 0.0524370 0.0522549 0.0578381 
taxon15    0.1710261 0.1773439 0.1703809 0.1903302 0.1711522 0.1659200 0.0309282 0.0256947 0.0308502 0.0416889 0.0523935 0.0523935 0.0470032 0.0470032 0.0000000 0.0305662 0.0252163 0.0356194 0.0303427 
taxon16    0.1577918 0.1640464 0.1571996 0.1637173 0.1709447 0.1587259 0.0416877 0.0360025 0.0307993 0.0417652 0.0417070 0.0417070 0.0470902 0.0470902 0.0305662 0.0000000 0.0150886 0.0150363 0.0201728 
taxon17    0.1640394 0.1703089 0.1634236 0.1831838 0.1772383 0.1650018 0.0361057 0.0412388 0.0360142 0.0470890 0.0470229 0.0470229 0.0524370 0.0524370 0.0252163 0.0150886 0.0000000 0.0100175 0.0049779 
taxon18    0.1634483 0.1696975 0.1628367 0.1825297 0.1697300 0.1644052 0.0468403 0.0410965 0.0358897 0.0469251 0.0361476 0.0361476 0.0522549 0.0522549 0.0356194 0.0150363 0.0100175 0.0000000 0.0049815 
taxon19    0.1704772 0.1767722 0.1698362 0.1897101 0.1767985 0.1714700 0.0413777 0.0465213 0.0412721 0.0524632 0.0415672 0.0415672 0.0578381 0.0578381 0.0303427 0.0201728 0.0049779 0.0049815 0.0000000 
