20
taxon0     0.0000000 0.0143227 0.0290018 0.0384456 0.0383944 0.0335829 0.2240678 0.2240678 0.2325216 0.2443541 0.2433164 0.2358474 0.2359591 0.2432531 0.2271021 0.2402494 0.2562506 0.2531384 0.2731568 0.2736081 
taxon1     0.0143227 0.0000000 0.0241906 0.0237728 0.0287869 0.0239805 0.2047647 0.2047647 0.2129793 0.2388967 0.2236594 0.2164078 0.2164903 0.2236077 0.2217255 0.2208096 0.2363399 0.2334347 0.2530245 0.2534578 
taxon2     0.0290018 0.0241906 0.0000000 0.0388071 0.0289419 0.0339552 0.2380306 0.2380306 0.2347140 0.2294313 0.2575563 0.2380477 0.2381635 0.2455185 0.2409685 0.2543310 0.2706896 0.2674262 0.2877760 0.2882397 
taxon3     0.0384456 0.0237728 0.0388071 0.0000000 0.0432349 0.0384167 0.2218375 0.2218375 0.2429200 0.2694179 0.2536886 0.2461656 0.2462929 0.2536192 0.2265109 0.2255794 0.2411325 0.2381943 0.2577723 0.2450696 
taxon4     0.0383944 0.0287869 0.0289419 0.0432349 0.0000000 0.0238785 0.2297598 0.2297598 0.2392204 0.2443413 0.2492221 0.2299192 0.2426403 0.2500077 0.2386097 0.2459528 0.2620654 0.2588983 0.2790121 0.2794677 
taxon5     0.0335829 0.0239805 0.0339552 0.0384167 0.0238785 0.0000000 0.2240449 0.2240449 0.2334358 0.2513337 0.2562366 0.2367719 0.2368855 0.2442209 0.2329366 0.2402409 0.2428395 0.2398673 0.2595903 0.2600295 
taxon6     0.2240678 0.2047647 0.2380306 0.2218375 0.2297598 0.2240449 0.0000000 0.0000010 0.0242939 0.0341216 0.0288129 0.0337255 0.0333630 0.0384005 0.0430159 0.0332382 0.0435656 0.0429654 0.0578446 0.0579802 
taxon7     0.2240678 0.2047647 0.2380306 0.2218375 0.2297598 0.2240449 0.0000010 0.0000000 0.0242939 0.0341216 0.0288129 0.0337255 0.0333630 0.0384005 0.0430159 0.0332382 0.0435656 0.0429654 0.0578446 0.0579802 
taxon8     0.2325216 0.2129793 0.2347140 0.2429200 0.2392204 0.2334358 0.0242939 0.0242939 0.0000000 0.0294457 0.0339018 0.0192127 0.0389968 0.0338178 0.0689106 0.0586880 0.0582643 0.0688324 0.0843889 0.0734584 
taxon9     0.2443541 0.2388967 0.2294313 0.2694179 0.2443413 0.2513337 0.0341216 0.0341216 0.0294457 0.0000000 0.0338599 0.0290623 0.0489035 0.0436224 0.0683496 0.0686877 0.0799873 0.0789173 0.0946199 0.0835237 
taxon10    0.2433164 0.2236594 0.2575563 0.2536886 0.2492221 0.2562366 0.0288129 0.0288129 0.0339018 0.0338599 0.0000000 0.0141536 0.0481146 0.0429187 0.0679151 0.0578326 0.0687597 0.0678389 0.0831860 0.0724079 
taxon11    0.2358474 0.2164078 0.2380477 0.2461656 0.2299192 0.2367719 0.0337255 0.0337255 0.0192127 0.0290623 0.0141536 0.0000000 0.0433561 0.0381947 0.0730102 0.0628606 0.0739139 0.0729291 0.0883799 0.0774971 
taxon12    0.2359591 0.2164903 0.2381635 0.2462929 0.2426403 0.2368855 0.0333630 0.0333630 0.0389968 0.0489035 0.0481146 0.0433561 0.0000000 0.0142630 0.0381499 0.0284261 0.0386405 0.0381047 0.0529017 0.0530269 
taxon13    0.2432531 0.2236077 0.2455185 0.2536192 0.2500077 0.2442209 0.0384005 0.0384005 0.0338178 0.0436224 0.0429187 0.0381947 0.0142630 0.0000000 0.0432216 0.0333997 0.0437773 0.0431706 0.0581181 0.0477780 
taxon14    0.2271021 0.2217255 0.2409685 0.2265109 0.2386097 0.2329366 0.0430159 0.0430159 0.0689106 0.0683496 0.0679151 0.0730102 0.0381499 0.0432216 0.0000000 0.0094052 0.0191830 0.0189089 0.0334069 0.0334894 
taxon15    0.2402494 0.2208096 0.2543310 0.2255794 0.2459528 0.2402409 0.0332382 0.0332382 0.0586880 0.0686877 0.0578326 0.0628606 0.0284261 0.0333997 0.0094052 0.0000000 0.0095313 0.0093934 0.0237066 0.0237663 
taxon16    0.2562506 0.2363399 0.2706896 0.2411325 0.2620654 0.2428395 0.0435656 0.0435656 0.0582643 0.0799873 0.0687597 0.0739139 0.0386405 0.0437773 0.0191830 0.0095313 0.0000000 0.0095189 0.0240165 0.0240776 
taxon17    0.2531384 0.2334347 0.2674262 0.2381943 0.2588983 0.2398673 0.0429654 0.0429654 0.0688324 0.0789173 0.0678389 0.0729291 0.0381047 0.0431706 0.0189089 0.0093934 0.0095189 0.0000000 0.0141454 0.0141816 
taxon18    0.2731568 0.2530245 0.2877760 0.2577723 0.2790121 0.2595903 0.0578446 0.0578446 0.0843889 0.0946199 0.0831860 0.0883799 0.0529017 0.0581181 0.0334069 0.0237066 0.0240165 0.0141454 0.0000000 0.0190211 
taxon19    0.2736081 0.2534578 0.2882397 0.2450696 0.2794677 0.2600295 0.0579802 0.0579802 0.0734584 0.0835237 0.0724079 0.0774971 0.0530269 0.0477780 0.0334894 0.0237663 0.0240776 0.0141816 0.0190211 0.0000000 
