20
taxon0     0.0000000 0.0371517 0.0317235 0.0328726 0.0327629 0.0479557 0.0369072 0.2107351 0.1979951 0.1977354 0.1776103 0.1776990 0.2033087 0.1970117 0.1641546 0.1751985 0.1830780 0.1592541 0.1646219 0.1632306 
taxon1     0.0371517 0.0000000 0.0259294 0.0366749 0.0261293 0.0369071 0.0314249 0.2004847 0.1872667 0.1745615 0.1674059 0.1674868 0.1800716 0.1739411 0.1477808 0.1534535 0.1482025 0.1494330 0.1547296 0.1762205 
taxon2     0.0317235 0.0259294 0.0000000 0.0366790 0.0314190 0.0477435 0.0367380 0.1936314 0.1811820 0.1934317 0.1737021 0.1737869 0.1989204 0.1927369 0.1605129 0.1713796 0.1790834 0.1556822 0.1609660 0.1759231 
taxon3     0.0328726 0.0366749 0.0366790 0.0000000 0.0154149 0.0426059 0.0424960 0.2029285 0.1972246 0.1900646 0.1769359 0.1770238 0.1956115 0.1893763 0.1502755 0.1678833 0.1756273 0.1586589 0.1640062 0.1792175 
taxon4     0.0327629 0.0261293 0.0314190 0.0154149 0.0000000 0.0373464 0.0264058 0.2099124 0.1838275 0.1835875 0.1638183 0.1638980 0.1891390 0.1829255 0.1505929 0.1745376 0.1692651 0.1456667 0.1510331 0.1726712 
taxon5     0.0479557 0.0369071 0.0477435 0.0426059 0.0373464 0.0000000 0.0208140 0.2094784 0.1902418 0.1959437 0.1827530 0.1828446 0.2014869 0.1952315 0.1435573 0.1866643 0.1688046 0.1644387 0.1571921 0.1790420 
taxon6     0.0369072 0.0314249 0.0367380 0.0424960 0.0264058 0.0208140 0.0000000 0.2149131 0.1759932 0.1885758 0.1687979 0.1688803 0.1813043 0.1751354 0.1555736 0.1668880 0.1616264 0.1506898 0.1560210 0.1776965 
taxon7     0.2107351 0.2004847 0.1936314 0.2029285 0.2099124 0.2094784 0.2149131 0.0000000 0.0309821 0.0521172 0.0466078 0.0466249 0.0466428 0.0519606 0.0687326 0.0690667 0.0641615 0.0633731 0.0470073 0.0583450 
taxon8     0.1979951 0.1872667 0.1811820 0.1972246 0.1838275 0.1902418 0.1759932 0.0309821 0.0000000 0.0519672 0.0360366 0.0360495 0.0464799 0.0412667 0.0526001 0.0799018 0.0639313 0.0418638 0.0363691 0.0529571 
taxon9     0.1977354 0.1745615 0.1934317 0.1900646 0.1835875 0.1959437 0.1885758 0.0521172 0.0519672 0.0000000 0.0153324 0.0256411 0.0360457 0.0308603 0.0469828 0.0580631 0.0639871 0.0525922 0.0576564 0.0637005 
taxon10    0.1776103 0.1674059 0.1737021 0.1769359 0.1638183 0.1827530 0.1687979 0.0466078 0.0360366 0.0153324 0.0000000 0.0101626 0.0307037 0.0255571 0.0470138 0.0633200 0.0582776 0.0364664 0.0415355 0.0473386 
taxon11    0.1776990 0.1674868 0.1737869 0.1770238 0.1638980 0.1828446 0.1688803 0.0466249 0.0360495 0.0256411 0.0101626 0.0000000 0.0307146 0.0255661 0.0470311 0.0633442 0.0582998 0.0364797 0.0415507 0.0473562 
taxon12    0.2033087 0.1800716 0.1989204 0.1956115 0.1891390 0.2014869 0.1813043 0.0466428 0.0464799 0.0360457 0.0307037 0.0307146 0.0000000 0.0050617 0.0629143 0.0525749 0.0475113 0.0577451 0.0521193 0.0580670 
taxon13    0.1970117 0.1739411 0.1927369 0.1893763 0.1829255 0.1952315 0.1751354 0.0519606 0.0412667 0.0308603 0.0255571 0.0255661 0.0050617 0.0000000 0.0576015 0.0579833 0.0529264 0.0524327 0.0574818 0.0635051 
taxon14    0.1641546 0.1477808 0.1605129 0.1502755 0.1505929 0.1435573 0.1555736 0.0687326 0.0526001 0.0469828 0.0470138 0.0470311 0.0629143 0.0576015 0.0000000 0.0467450 0.0418142 0.0312772 0.0258785 0.0423809 
taxon15    0.1751985 0.1534535 0.1713796 0.1678833 0.1745376 0.1866643 0.1668880 0.0690667 0.0799018 0.0580631 0.0633200 0.0633442 0.0525749 0.0579833 0.0467450 0.0000000 0.0259156 0.0581056 0.0524447 0.0641541 
taxon16    0.1830780 0.1482025 0.1790834 0.1756273 0.1692651 0.1688046 0.1616264 0.0641615 0.0639313 0.0639871 0.0582776 0.0582998 0.0475113 0.0529264 0.0418142 0.0259156 0.0000000 0.0530388 0.0367264 0.0536874 
taxon17    0.1592541 0.1494330 0.1556822 0.1586589 0.1456667 0.1644387 0.1506898 0.0633731 0.0418638 0.0525922 0.0364664 0.0364797 0.0577451 0.0524327 0.0312772 0.0581056 0.0530388 0.0000000 0.0154503 0.0424267 
taxon18    0.1646219 0.1547296 0.1609660 0.1640062 0.1510331 0.1571921 0.1560210 0.0470073 0.0363691 0.0576564 0.0415355 0.0415507 0.0521193 0.0574818 0.0258785 0.0524447 0.0367264 0.0154503 0.0000000 0.0262370 
taxon19    0.1632306 0.1762205 0.1759231 0.1792175 0.1726712 0.1790420 0.1776965 0.0583450 0.0529571 0.0637005 0.0473386 0.0473562 0.0580670 0.0635051 0.0423809 0.0641541 0.0536874 0.0424267 0.0262370 0.0000000 
