20
taxon0     0.0000000 0.0415497 0.0570816 0.0786419 0.0411936 0.0626449 0.0522758 0.2568282 0.2683558 0.2972680 0.2839510 0.3116726 0.2706717 0.2578661 0.2842192 0.2500840 0.2473622 0.2678981 0.2736681 0.2631477 
taxon1     0.0415497 0.0000000 0.0463005 0.0784211 0.0404166 0.0405049 0.0407772 0.2527578 0.2536246 0.2493347 0.2689453 0.2808282 0.2532838 0.2693011 0.2740285 0.2612610 0.2618965 0.2497714 0.2608808 0.2451873 
taxon2     0.0570816 0.0463005 0.0000000 0.0509693 0.0304869 0.0354232 0.0356610 0.2630222 0.2313266 0.2593063 0.2596203 0.2731234 0.2571714 0.2780184 0.2751467 0.2563009 0.2392857 0.2463511 0.2501030 0.2551233 
taxon3     0.0786419 0.0784211 0.0509693 0.0000000 0.0513440 0.0668434 0.0566271 0.2910155 0.2592688 0.2722215 0.2882799 0.3020461 0.2975746 0.3047734 0.3171559 0.2841831 0.2670820 0.2742371 0.3064884 0.3112638 
taxon4     0.0411936 0.0404166 0.0304869 0.0513440 0.0000000 0.0351034 0.0250970 0.2242849 0.2466374 0.2572220 0.2754229 0.2891158 0.2530957 0.2613497 0.2668089 0.2402237 0.2542142 0.2438055 0.2530175 0.2522981 
taxon5     0.0626449 0.0405049 0.0354232 0.0668434 0.0351034 0.0000000 0.0199652 0.2658192 0.2515930 0.2621037 0.2664722 0.2799988 0.2736024 0.2659060 0.2780737 0.2591610 0.2732499 0.2625603 0.2722325 0.2714313 
taxon6     0.0522758 0.0407772 0.0356610 0.0566271 0.0250970 0.0199652 0.0000000 0.2380923 0.2379167 0.2642304 0.2525884 0.2659878 0.2596058 0.2830067 0.2633189 0.2315634 0.2453730 0.2507387 0.2583005 0.2736578 
taxon7     0.2568282 0.2527578 0.2630222 0.2910155 0.2242849 0.2658192 0.2380923 0.0000000 0.0306719 0.0513278 0.0517785 0.0623602 0.0639683 0.0760173 0.0694679 0.0367630 0.0589456 0.0639615 0.0585491 0.0698608 
taxon8     0.2683558 0.2536246 0.2313266 0.2592688 0.2466374 0.2515930 0.2379167 0.0306719 0.0000000 0.0305667 0.0201023 0.0302667 0.0589279 0.0761141 0.0746874 0.0479846 0.0472542 0.0640112 0.0534424 0.0699533 
taxon9     0.2972680 0.2493347 0.2593063 0.2722215 0.2572220 0.2621037 0.2642304 0.0513278 0.0305667 0.0000000 0.0516035 0.0408710 0.0691586 0.0747598 0.0963026 0.0694470 0.0806164 0.0629375 0.0801514 0.0687767 
taxon10    0.2839510 0.2689453 0.2596203 0.2882799 0.2754229 0.2664722 0.2525884 0.0517785 0.0201023 0.0516035 0.0000000 0.0201180 0.0702405 0.0877474 0.0750378 0.0700585 0.0582476 0.0863026 0.0646785 0.0814179 
taxon11    0.3116726 0.2808282 0.2731234 0.3020461 0.2891158 0.2799988 0.2659878 0.0623602 0.0302667 0.0408710 0.0201180 0.0000000 0.0923342 0.1102711 0.0969867 0.0810467 0.0798507 0.0858147 0.0866832 0.0919857 
taxon12    0.2706717 0.2532838 0.2571714 0.2975746 0.2530957 0.2736024 0.2596058 0.0639683 0.0589279 0.0691586 0.0702405 0.0923342 0.0000000 0.0359366 0.0357052 0.0409481 0.0307163 0.0460097 0.0410802 0.0411242 
taxon13    0.2578661 0.2693011 0.2780184 0.3047734 0.2613497 0.2659060 0.2830067 0.0760173 0.0761141 0.0747598 0.0877474 0.1102711 0.0359366 0.0000000 0.0673446 0.0465242 0.0574364 0.0618451 0.0572700 0.0463517 
taxon14    0.2842192 0.2740285 0.2751467 0.3171559 0.2668089 0.2780737 0.2633189 0.0694679 0.0746874 0.0963026 0.0750378 0.0969867 0.0357052 0.0673446 0.0000000 0.0508447 0.0406748 0.0558642 0.0563676 0.0616312 
taxon15    0.2500840 0.2612610 0.2563009 0.2841831 0.2402237 0.2591610 0.2315634 0.0367630 0.0479846 0.0694470 0.0700585 0.0810467 0.0409481 0.0465242 0.0508447 0.0000000 0.0305818 0.0355015 0.0514192 0.0514722 
taxon16    0.2473622 0.2618965 0.2392857 0.2670820 0.2542142 0.2732499 0.2453730 0.0589456 0.0472542 0.0806164 0.0582476 0.0798507 0.0307163 0.0574364 0.0406748 0.0305818 0.0000000 0.0253923 0.0360656 0.0411800 
taxon17    0.2678981 0.2497714 0.2463511 0.2742371 0.2438055 0.2625603 0.2507387 0.0639615 0.0640112 0.0629375 0.0863026 0.0858147 0.0460097 0.0618451 0.0558642 0.0355015 0.0253923 0.0000000 0.0564940 0.0352407 
taxon18    0.2736681 0.2608808 0.2501030 0.3064884 0.2530175 0.2722325 0.2583005 0.0585491 0.0534424 0.0801514 0.0646785 0.0866832 0.0410802 0.0572700 0.0563676 0.0514192 0.0360656 0.0564940 0.0000000 0.0410502 
taxon19    0.2631477 0.2451873 0.2551233 0.3112638 0.2522981 0.2714313 0.2736578 0.0698608 0.0699533 0.0687767 0.0814179 0.0919857 0.0411242 0.0463517 0.0616312 0.0514722 0.0411800 0.0352407 0.0410502 0.0000000 
