20
taxon0     0.0000000 0.2863212 0.2638787 0.3315187 0.3196338 0.5292152 0.6198067 0.7463077 0.7615585 0.7672462 0.7296128 0.8107697 0.7204562 0.7768891 0.8786215 0.8640647 0.6890999 0.5990826 0.6413025 0.6740869 
taxon1     0.2863212 0.0000000 0.1345733 0.4435611 0.3588635 0.5436381 0.6333568 0.7256969 0.6860503 0.8287713 0.8073159 0.8812147 0.7556038 0.8351316 0.8644471 0.9040766 0.6718258 0.6284852 0.5605774 0.5815090 
taxon2     0.2638787 0.1345733 0.0000000 0.4483323 0.3905127 0.5692444 0.6792983 0.8032634 0.7862593 0.8287225 0.8215985 0.9157414 0.7540848 0.8161430 0.8902227 0.9370542 0.7620997 0.6753168 0.6654837 0.6698263 
taxon3     0.3315187 0.4435611 0.4483323 0.0000000 0.1346502 0.5250697 0.5909235 0.6900454 0.7091035 0.8434794 0.7704163 0.8434973 0.7762710 0.7770690 0.8650301 0.8660052 0.6693496 0.6553445 0.6360387 0.6398653 
taxon4     0.3196338 0.3588635 0.3905127 0.1346502 0.0000000 0.5185837 0.6172742 0.6710115 0.6916828 0.8077093 0.7629990 0.7987312 0.7194408 0.7452498 0.8373045 0.8304349 0.5941761 0.6059829 0.5759887 0.6070615 
taxon5     0.5292152 0.5436381 0.5692444 0.5250697 0.5185837 0.0000000 0.2128434 0.3126941 0.3394665 0.4259389 0.4434025 0.5306286 0.3941381 0.4464126 0.5955025 0.5515196 0.4792309 0.4488690 0.4065126 0.4195083 
taxon6     0.6198067 0.6333568 0.6792983 0.5909235 0.6172742 0.2128434 0.0000000 0.2027302 0.2136602 0.5717316 0.5842557 0.6545366 0.4990735 0.5489431 0.6878305 0.6583126 0.5935096 0.5352073 0.4520010 0.4840455 
taxon7     0.7463077 0.7256969 0.8032634 0.6900454 0.6710115 0.3126941 0.2027302 0.0000000 0.1436639 0.7089234 0.6870935 0.7589334 0.6317257 0.6344968 0.7769176 0.7223386 0.6788446 0.6261571 0.6019116 0.5911952 
taxon8     0.7615585 0.6860503 0.7862593 0.7091035 0.6916828 0.3394665 0.2136602 0.1436639 0.0000000 0.6866315 0.6498703 0.7184880 0.6299276 0.6268599 0.7411471 0.6936472 0.6273551 0.6106050 0.5360292 0.5329383 
taxon9     0.7672462 0.8287713 0.8287225 0.8434794 0.8077093 0.4259389 0.5717316 0.7089234 0.6866315 0.0000000 0.2215167 0.2811420 0.4101325 0.4461415 0.5927695 0.5625553 0.6663614 0.6534044 0.6019101 0.6843112 
taxon10    0.7296128 0.8073159 0.8215985 0.7704163 0.7629990 0.4434025 0.5842557 0.6870935 0.6498703 0.2215167 0.0000000 0.1305790 0.4172321 0.5019570 0.6451953 0.6344175 0.6095263 0.6004349 0.6018068 0.6373140 
taxon11    0.8107697 0.8812147 0.9157414 0.8434973 0.7987312 0.5306286 0.6545366 0.7589334 0.7184880 0.2811420 0.1305790 0.0000000 0.4653949 0.5417982 0.6951100 0.6683426 0.6554783 0.6834559 0.6686280 0.7152958 
taxon12    0.7204562 0.7556038 0.7540848 0.7762710 0.7194408 0.3941381 0.4990735 0.6317257 0.6299276 0.4101325 0.4172321 0.4653949 0.0000000 0.1705955 0.3242847 0.2939095 0.5905088 0.5938071 0.5315508 0.5898641 
taxon13    0.7768891 0.8351316 0.8161430 0.7770690 0.7452498 0.4464126 0.5489431 0.6344968 0.6268599 0.4461415 0.5019570 0.5417982 0.1705955 0.0000000 0.1666502 0.1347766 0.7049790 0.6781041 0.5672668 0.6570572 
taxon14    0.8786215 0.8644471 0.8902227 0.8650301 0.8373045 0.5955025 0.6878305 0.7769176 0.7411471 0.5927695 0.6451953 0.6951100 0.3242847 0.1666502 0.0000000 0.1803952 0.8334194 0.8191505 0.6565696 0.7437340 
taxon15    0.8640647 0.9040766 0.9370542 0.8660052 0.8304349 0.5515196 0.6583126 0.7223386 0.6936472 0.5625553 0.6344175 0.6683426 0.2939095 0.1347766 0.1803952 0.0000000 0.7995833 0.7852210 0.6659424 0.7257530 
taxon16    0.6890999 0.6718258 0.7620997 0.6693496 0.5941761 0.4792309 0.5935096 0.6788446 0.6273551 0.6663614 0.6095263 0.6554783 0.5905088 0.7049790 0.8334194 0.7995833 0.0000000 0.1936976 0.3642727 0.3803202 
taxon17    0.5990826 0.6284852 0.6753168 0.6553445 0.6059829 0.4488690 0.5352073 0.6261571 0.6106050 0.6534044 0.6004349 0.6834559 0.5938071 0.6781041 0.8191505 0.7852210 0.1936976 0.0000000 0.3416815 0.3676726 
taxon18    0.6413025 0.5605774 0.6654837 0.6360387 0.5759887 0.4065126 0.4520010 0.6019116 0.5360292 0.6019101 0.6018068 0.6686280 0.5315508 0.5672668 0.6565696 0.6659424 0.3642727 0.3416815 0.0000000 0.1154911 
taxon19    0.6740869 0.5815090 0.6698263 0.6398653 0.6070615 0.4195083 0.4840455 0.5911952 0.5329383 0.6843112 0.6373140 0.7152958 0.5898641 0.6570572 0.7437340 0.7257530 0.3803202 0.3676726 0.1154911 0.0000000 
