20
taxon0     0.0000000 0.1763078 0.1967822 0.1580084 0.2154475 0.2148441 0.2198813 0.2648920 0.3082565 0.2926114 0.3224569 0.2841851 0.2958267 0.3541310 0.3723822 0.3526190 0.3122404 0.3416131 0.3513188 0.3582223 
taxon1     0.1763078 0.0000000 0.2435850 0.1760111 0.2477325 0.2282885 0.2263433 0.3424296 0.3925415 0.3724465 0.4094504 0.3484081 0.3429734 0.4283220 0.4402310 0.4252647 0.3887744 0.4240193 0.4467512 0.4493076 
taxon2     0.1967822 0.2435850 0.0000000 0.1121988 0.1745795 0.1862511 0.1924583 0.2608861 0.2832920 0.2745821 0.2894359 0.2664477 0.2739167 0.3179542 0.3302878 0.3176361 0.2798108 0.3068430 0.3204542 0.3322392 
taxon3     0.1580084 0.1760111 0.1121988 0.0000000 0.1311601 0.1425868 0.1369273 0.2293671 0.2631203 0.2484930 0.2735398 0.2278494 0.2350102 0.3200086 0.3297942 0.3011340 0.2544939 0.3079708 0.3216781 0.3146521 
taxon4     0.2154475 0.2477325 0.1745795 0.1311601 0.0000000 0.0601877 0.0595129 0.2826333 0.3200418 0.2943301 0.3220299 0.2943068 0.3060520 0.3963955 0.3952621 0.3618597 0.3125527 0.3389540 0.3462976 0.3244935 
taxon5     0.2148441 0.2282885 0.1862511 0.1425868 0.0601877 0.0000000 0.0194396 0.2719463 0.3176675 0.2617395 0.3062601 0.2703743 0.2820265 0.3848405 0.3837487 0.3571221 0.3145568 0.3578548 0.3701402 0.3586084 
taxon6     0.2198813 0.2263433 0.1924583 0.1369273 0.0595129 0.0194396 0.0000000 0.2831074 0.3290767 0.2898143 0.3176086 0.2680695 0.2796412 0.3970503 0.3959123 0.3688429 0.3259110 0.3639389 0.3858070 0.3694329 
taxon7     0.2648920 0.3424296 0.2608861 0.2293671 0.2826333 0.2719463 0.2831074 0.0000000 0.1047578 0.0345265 0.0823430 0.0293019 0.0441174 0.1563223 0.1698666 0.1442011 0.0965703 0.1763309 0.1646537 0.1846196 
taxon8     0.3082565 0.3925415 0.2832920 0.2631203 0.3200418 0.3176675 0.3290767 0.1047578 0.0000000 0.1104040 0.1311085 0.1041574 0.1201853 0.2344951 0.2500297 0.1718904 0.1397748 0.2273758 0.2272863 0.2466108 
taxon9     0.2926114 0.3724465 0.2745821 0.2484930 0.2943301 0.2617395 0.2898143 0.0345265 0.1104040 0.0000000 0.0718875 0.0243993 0.0391786 0.1814353 0.1956057 0.1684000 0.1128971 0.2013199 0.1940195 0.2026582 
taxon10    0.3224569 0.4094504 0.2894359 0.2735398 0.3220299 0.3062601 0.3176086 0.0823430 0.1311085 0.0718875 0.0000000 0.0609106 0.0763881 0.2208078 0.2359397 0.1866534 0.1379926 0.2095065 0.2094233 0.2183958 
taxon11    0.2841851 0.3484081 0.2664477 0.2278494 0.2943068 0.2703743 0.2680695 0.0293019 0.1041574 0.0243993 0.0609106 0.0000000 0.0144139 0.1629144 0.1766541 0.1502393 0.0962504 0.1825913 0.1825168 0.1909912 
taxon12    0.2958267 0.3429734 0.2739167 0.2350102 0.3060520 0.2820265 0.2796412 0.0441174 0.1201853 0.0391786 0.0763881 0.0144139 0.0000000 0.1744413 0.1884073 0.1615801 0.1068165 0.1881341 0.1941093 0.1908915 
taxon13    0.3541310 0.4283220 0.3179542 0.3200086 0.3963955 0.3848405 0.3970503 0.1563223 0.2344951 0.1814353 0.2208078 0.1629144 0.1744413 0.0000000 0.0297305 0.2120603 0.1967135 0.2646070 0.2645093 0.2868849 
taxon14    0.3723822 0.4402310 0.3302878 0.3297942 0.3952621 0.3837487 0.3959123 0.1698666 0.2500297 0.1956057 0.2359397 0.1766541 0.1884073 0.0297305 0.0000000 0.2268319 0.2111041 0.2904102 0.2977647 0.3133450 
taxon15    0.3526190 0.4252647 0.3176361 0.3011340 0.3618597 0.3571221 0.3688429 0.1442011 0.1718904 0.1684000 0.1866534 0.1502393 0.1615801 0.2120603 0.2268319 0.0000000 0.0838177 0.1937114 0.1936326 0.2129653 
taxon16    0.3122404 0.3887744 0.2798108 0.2544939 0.3125527 0.3145568 0.3259110 0.0965703 0.1397748 0.1128971 0.1379926 0.0962504 0.1068165 0.1967135 0.2111041 0.0838177 0.0000000 0.1423895 0.1423283 0.1613680 
taxon17    0.3416131 0.4240193 0.3068430 0.3079708 0.3389540 0.3578548 0.3639389 0.1763309 0.2273758 0.2013199 0.2095065 0.1825913 0.1881341 0.2646070 0.2904102 0.1937114 0.1423895 0.0000000 0.0194730 0.0343947 
taxon18    0.3513188 0.4467512 0.3204542 0.3216781 0.3462976 0.3701402 0.3858070 0.1646537 0.2272863 0.1940195 0.2094233 0.1825168 0.1941093 0.2645093 0.2977647 0.1936326 0.1423283 0.0194730 0.0000000 0.0394794 
taxon19    0.3582223 0.4493076 0.3322392 0.3146521 0.3244935 0.3586084 0.3694329 0.1846196 0.2466108 0.2026582 0.2183958 0.1909912 0.1908915 0.2868849 0.3133450 0.2129653 0.1613680 0.0343947 0.0394794 0.0000000 
