20
taxon0     0.0000000 0.2664942 0.1599774 0.1415785 0.2100534 0.1957831 0.1709179 0.2828878 0.3081892 0.2659787 0.3179416 0.2634268 0.4336138 0.5420170 0.7567430 0.5523615 0.5671921 0.6117471 0.4788663 0.4313748 
taxon1     0.2664942 0.0000000 0.2858654 0.2411124 0.2974053 0.3235161 0.3129994 0.4190935 0.4133167 0.3866410 0.4204526 0.3842371 0.6116238 0.7272120 1.0062909 0.7753790 0.7629799 0.8008794 0.6127823 0.6106467 
taxon2     0.1599774 0.2858654 0.0000000 0.1565071 0.2144099 0.2068954 0.1829248 0.2803678 0.2976336 0.2736288 0.3228731 0.2786111 0.4763021 0.5233614 0.7624672 0.5946218 0.5829190 0.6342278 0.5149090 0.4778270 
taxon3     0.1415785 0.2411124 0.1565071 0.0000000 0.1061660 0.1262603 0.1150230 0.2781029 0.2523652 0.2689178 0.2767968 0.2404595 0.4509499 0.5292538 0.7413739 0.5335322 0.5455948 0.5625545 0.5020180 0.4587276 
taxon4     0.2100534 0.2974053 0.2144099 0.1061660 0.0000000 0.0783744 0.0792590 0.3118041 0.3143662 0.3012429 0.2678432 0.2605421 0.4198201 0.5272811 0.7115232 0.4723192 0.5158825 0.5363550 0.4746888 0.4609696 
taxon5     0.1957831 0.3235161 0.2068954 0.1262603 0.0783744 0.0000000 0.0482204 0.2851130 0.2813348 0.2870400 0.2589169 0.2357777 0.4323633 0.4932556 0.7418871 0.4715242 0.5140344 0.5353492 0.4660811 0.4434007 
taxon6     0.1709179 0.3129994 0.1829248 0.1150230 0.0792590 0.0482204 0.0000000 0.2778820 0.2983319 0.2834090 0.2853589 0.2344732 0.4318036 0.5254705 0.7609183 0.5023549 0.4626173 0.5509388 0.4917378 0.4829990 
taxon7     0.2828878 0.4190935 0.2803678 0.2781029 0.3118041 0.2851130 0.2778820 0.0000000 0.1395911 0.1337517 0.1807592 0.1657761 0.5011342 0.5140343 0.7767778 0.5767361 0.6302886 0.6181894 0.4945638 0.4707019 
taxon8     0.3081892 0.4133167 0.2976336 0.2523652 0.3143662 0.2813348 0.2983319 0.1395911 0.0000000 0.1631220 0.1929791 0.1795805 0.5437170 0.4884091 0.7777970 0.5629016 0.6265676 0.6155073 0.5507704 0.5199111 
taxon9     0.2659787 0.3866410 0.2736288 0.2689178 0.3012429 0.2870400 0.2834090 0.1337517 0.1631220 0.0000000 0.1348182 0.1214630 0.4776053 0.4781950 0.7443382 0.5248904 0.5681476 0.5839489 0.4755260 0.4625043 
taxon10    0.3179416 0.4204526 0.3228731 0.2767968 0.2678432 0.2589169 0.2853589 0.1807592 0.1929791 0.1348182 0.0000000 0.0830997 0.4883236 0.4728745 0.7534650 0.5310062 0.6070717 0.6005217 0.4687267 0.4293923 
taxon11    0.2634268 0.3842371 0.2786111 0.2404595 0.2605421 0.2357777 0.2344732 0.1657761 0.1795805 0.1214630 0.0830997 0.0000000 0.4486925 0.4610236 0.7099907 0.4998564 0.5202843 0.5214818 0.4460855 0.4371164 
taxon12    0.4336138 0.6116238 0.4763021 0.4509499 0.4198201 0.4323633 0.4318036 0.5011342 0.5437170 0.4776053 0.4883236 0.4486925 0.0000000 0.1658531 0.3405494 0.2125364 0.2618846 0.2284890 0.1368513 0.1397443 
taxon13    0.5420170 0.7272120 0.5233614 0.5292538 0.5272811 0.4932556 0.5254705 0.5140343 0.4884091 0.4781950 0.4728745 0.4610236 0.1658531 0.0000000 0.3080364 0.1910901 0.2677177 0.2384529 0.2149251 0.2189606 
taxon14    0.7567430 1.0062909 0.7624672 0.7413739 0.7115232 0.7418871 0.7609183 0.7767778 0.7777970 0.7443382 0.7534650 0.7099907 0.3405494 0.3080364 0.0000000 0.2181690 0.3078863 0.2539545 0.4491268 0.4364878 
taxon15    0.5523615 0.7753790 0.5946218 0.5335322 0.4723192 0.4715242 0.5023549 0.5767361 0.5629016 0.5248904 0.5310062 0.4998564 0.2125364 0.1910901 0.2181690 0.0000000 0.1262298 0.0850539 0.2771680 0.2741838 
taxon16    0.5671921 0.7629799 0.5829190 0.5455948 0.5158825 0.5140344 0.4626173 0.6302886 0.6265676 0.5681476 0.6070717 0.5202843 0.2618846 0.2677177 0.3078863 0.1262298 0.0000000 0.0781208 0.3357108 0.3458621 
taxon17    0.6117471 0.8008794 0.6342278 0.5625545 0.5363550 0.5353492 0.5509388 0.6181894 0.6155073 0.5839489 0.6005217 0.5214818 0.2284890 0.2384529 0.2539545 0.0850539 0.0781208 0.0000000 0.3182590 0.3242195 
taxon18    0.4788663 0.6127823 0.5149090 0.5020180 0.4746888 0.4660811 0.4917378 0.4945638 0.5507704 0.4755260 0.4687267 0.4460855 0.1368513 0.2149251 0.4491268 0.2771680 0.3357108 0.3182590 0.0000000 0.0957818 
taxon19    0.4313748 0.6106467 0.4778270 0.4587276 0.4609696 0.4434007 0.4829990 0.4707019 0.5199111 0.4625043 0.4293923 0.4371164 0.1397443 0.2189606 0.4364878 0.2741838 0.3458621 0.3242195 0.0957818 0.0000000 
