20
taxon0     0.0000000 0.0894206 0.1343751 0.1056276 0.2289250 0.2165107 0.1948294 0.1909090 0.2619286 0.2444487 0.2833286 0.3004576 0.2762466 0.2257171 0.2468599 0.3692713 0.3625214 0.3551093 0.4252186 0.3825616 
taxon1     0.0894206 0.0000000 0.0768990 0.0618307 0.2332551 0.2003041 0.2035310 0.2050999 0.2507252 0.2470521 0.2862955 0.2965244 0.2869679 0.2727410 0.2887790 0.3821682 0.3941458 0.3903535 0.4452360 0.4148570 
taxon2     0.1343751 0.0768990 0.0000000 0.0656114 0.2959448 0.2586493 0.2675857 0.2549205 0.3118059 0.2979419 0.3488224 0.3512536 0.3526942 0.3296337 0.3385922 0.4372268 0.4374745 0.4453436 0.5088267 0.4827239 
taxon3     0.1056276 0.0618307 0.0656114 0.0000000 0.2447970 0.2174814 0.2285717 0.2163763 0.2780534 0.2745049 0.3006111 0.3110364 0.3010727 0.2797043 0.2788093 0.3888084 0.3937980 0.3900394 0.4533439 0.4432173 
taxon4     0.2289250 0.2332551 0.2959448 0.2447970 0.0000000 0.0521509 0.0780447 0.0841270 0.1194895 0.1143516 0.1404567 0.1564484 0.1362982 0.3253705 0.3262626 0.4494990 0.4669071 0.4426471 0.4933730 0.4583977 
taxon5     0.2165107 0.2003041 0.2586493 0.2174814 0.0521509 0.0000000 0.0673336 0.0732778 0.0779485 0.0721711 0.1090573 0.1052983 0.1242769 0.3116669 0.3032728 0.3990798 0.4109296 0.3973529 0.4549275 0.4212407 
taxon6     0.1948294 0.2035310 0.2675857 0.2285717 0.0780447 0.0673336 0.0000000 0.0246360 0.0768226 0.0614448 0.0843173 0.0948214 0.0766299 0.2592420 0.2628886 0.4128657 0.4116740 0.4023173 0.4451875 0.4127986 
taxon7     0.1909090 0.2050999 0.2549205 0.2163763 0.0841270 0.0732778 0.0246360 0.0000000 0.0828069 0.0672667 0.0905416 0.1059124 0.0881036 0.2764886 0.2789135 0.4170401 0.4093713 0.4073172 0.4407026 0.4077762 
taxon8     0.2619286 0.2507252 0.3118059 0.2780534 0.1194895 0.0779485 0.0768226 0.0828069 0.0000000 0.0401572 0.0940559 0.0944346 0.0935632 0.3295591 0.3284090 0.4276112 0.4165617 0.4269028 0.4497958 0.4172050 
taxon9     0.2444487 0.2470521 0.2979419 0.2745049 0.1143516 0.0721711 0.0614448 0.0672667 0.0401572 0.0000000 0.0897114 0.0770726 0.0945484 0.3111589 0.3164438 0.4320250 0.4074273 0.4220071 0.4514463 0.4182583 
taxon10    0.2833286 0.2862955 0.3488224 0.3006111 0.1404567 0.1090573 0.0843173 0.0905416 0.0940559 0.0897114 0.0000000 0.0619835 0.0609809 0.3515608 0.3520668 0.4604908 0.4482154 0.4483741 0.4874458 0.4504537 
taxon11    0.3004576 0.2965244 0.3512536 0.3110364 0.1564484 0.1052983 0.0948214 0.1059124 0.0944346 0.0770726 0.0619835 0.0000000 0.0352517 0.3525774 0.3529931 0.4434911 0.4482193 0.4510698 0.4889928 0.4563555 
taxon12    0.2762466 0.2869679 0.3526942 0.3010727 0.1362982 0.1242769 0.0766299 0.0881036 0.0935632 0.0945484 0.0609809 0.0352517 0.0000000 0.3189178 0.3332246 0.4684901 0.4625281 0.4563147 0.4941515 0.4616078 
taxon13    0.2257171 0.2727410 0.3296337 0.2797043 0.3253705 0.3116669 0.2592420 0.2764886 0.3295591 0.3111589 0.3515608 0.3525774 0.3189178 0.0000000 0.0975272 0.3689102 0.3661066 0.3672636 0.4325308 0.3654736 
taxon14    0.2468599 0.2887790 0.3385922 0.2788093 0.3262626 0.3032728 0.2628886 0.2789135 0.3284090 0.3164438 0.3520668 0.3529931 0.3332246 0.0975272 0.0000000 0.3458035 0.3562380 0.3388941 0.4324275 0.3981722 
taxon15    0.3692713 0.3821682 0.4372268 0.3888084 0.4494990 0.3990798 0.4128657 0.4170401 0.4276112 0.4320250 0.4604908 0.4434911 0.4684901 0.3689102 0.3458035 0.0000000 0.1248123 0.1208631 0.2577459 0.2491707 
taxon16    0.3625214 0.3941458 0.4374745 0.3937980 0.4669071 0.4109296 0.4116740 0.4093713 0.4165617 0.4074273 0.4482154 0.4482193 0.4625281 0.3661066 0.3562380 0.1248123 0.0000000 0.0753850 0.2806449 0.2772384 
taxon17    0.3551093 0.3903535 0.4453436 0.3900394 0.4426471 0.3973529 0.4023173 0.4073172 0.4269028 0.4220071 0.4483741 0.4510698 0.4563147 0.3672636 0.3388941 0.1208631 0.0753850 0.0000000 0.2475877 0.2397473 
taxon18    0.4252186 0.4452360 0.5088267 0.4533439 0.4933730 0.4549275 0.4451875 0.4407026 0.4497958 0.4514463 0.4874458 0.4889928 0.4941515 0.4325308 0.4324275 0.2577459 0.2806449 0.2475877 0.0000000 0.0992159 
taxon19    0.3825616 0.4148570 0.4827239 0.4432173 0.4583977 0.4212407 0.4127986 0.4077762 0.4172050 0.4182583 0.4504537 0.4563555 0.4616078 0.3654736 0.3981722 0.2491707 0.2772384 0.2397473 0.0992159 0.0000000 
