20
taxon0     0.0000000 0.0401235 0.0351833 0.0662440 0.0722299 0.0667037 0.1206646 0.1037275 0.0931745 0.0877692 0.0501806 0.0712080 0.0829576 0.0897960 0.1165001 0.2610046 0.2781943 0.2577944 0.2248837 0.2163753 
taxon1     0.0401235 0.0000000 0.0400473 0.0662688 0.0672054 0.0560956 0.1045460 0.0878676 0.0773820 0.0720382 0.0504286 0.0661512 0.0725341 0.1060457 0.1278070 0.2618576 0.2665385 0.2522592 0.2230805 0.2146516 
taxon2     0.0351833 0.0400473 0.0000000 0.0404387 0.0408780 0.0407240 0.0936148 0.0771513 0.0667381 0.0614489 0.0452577 0.0662629 0.0777090 0.0957069 0.1170732 0.2479197 0.2583377 0.2508344 0.2102215 0.2019844 
taxon3     0.0662440 0.0662688 0.0404387 0.0000000 0.0300490 0.0248993 0.0607921 0.0503754 0.0405276 0.0402232 0.0817340 0.0988457 0.0946564 0.1067459 0.1278662 0.2530556 0.2784637 0.2707632 0.2237242 0.2088785 
taxon4     0.0722299 0.0672054 0.0408780 0.0300490 0.0000000 0.0149352 0.0824210 0.0662398 0.0559430 0.0507305 0.0773373 0.0992905 0.1005386 0.1296974 0.1276429 0.2538674 0.2809487 0.2731831 0.2104555 0.2036873 
taxon5     0.0667037 0.0560956 0.0407240 0.0248993 0.0149352 0.0000000 0.0661647 0.0503510 0.0402019 0.0350895 0.0822940 0.0986079 0.0998395 0.1177244 0.1333703 0.2617455 0.2803257 0.2725725 0.2173026 0.2025876 
taxon6     0.1206646 0.1045460 0.0936148 0.0607921 0.0824210 0.0661647 0.0000000 0.0505549 0.0405493 0.0403834 0.1367606 0.1430527 0.1274266 0.1459459 0.1505628 0.2809254 0.2987005 0.2907874 0.2689981 0.2532239 
taxon7     0.1037275 0.0878676 0.0771513 0.0503754 0.0662398 0.0503510 0.0505549 0.0000000 0.0247581 0.0197584 0.1195820 0.1307208 0.1145058 0.1203051 0.1366523 0.2610322 0.2773773 0.2697194 0.2481699 0.2329161 
taxon8     0.0931745 0.0773820 0.0667381 0.0405276 0.0559430 0.0402019 0.0405493 0.0247581 0.0000000 0.0049101 0.1089746 0.1092923 0.1041089 0.1219158 0.1374305 0.2535948 0.2719992 0.2643595 0.2360137 0.2209565 
taxon9     0.0877692 0.0720382 0.0614489 0.0402232 0.0507305 0.0350895 0.0403834 0.0197584 0.0049101 0.0000000 0.1035133 0.1145145 0.1093317 0.1272272 0.1427361 0.2470092 0.2653366 0.2577609 0.2294818 0.2145624 
taxon10    0.0501806 0.0504286 0.0452577 0.0817340 0.0773373 0.0822940 0.1367606 0.1195820 0.1089746 0.1035133 0.0000000 0.0502533 0.0721735 0.1003192 0.1161138 0.2468502 0.2641300 0.2505317 0.2117351 0.2034407 
taxon11    0.0712080 0.0661512 0.0662629 0.0988457 0.0992905 0.0986079 0.1430527 0.1307208 0.1092923 0.1145145 0.0502533 0.0000000 0.0620050 0.0899643 0.1057714 0.2760155 0.2806746 0.2667412 0.2469862 0.2380975 
taxon12    0.0829576 0.0725341 0.0777090 0.0946564 0.1005386 0.0998395 0.1274266 0.1145058 0.1041089 0.1093317 0.0721735 0.0620050 0.0000000 0.0622065 0.0786659 0.2383151 0.2470026 0.2270813 0.2138397 0.2054438 
taxon13    0.0897960 0.1060457 0.0957069 0.1067459 0.1296974 0.1177244 0.1459459 0.1203051 0.1219158 0.1272272 0.1003192 0.0899643 0.0622065 0.0000000 0.0507018 0.2548268 0.2798377 0.2593274 0.2460767 0.2372131 
taxon14    0.1165001 0.1278070 0.1170732 0.1278662 0.1276429 0.1333703 0.1505628 0.1366523 0.1374305 0.1427361 0.1161138 0.1057714 0.0786659 0.0507018 0.0000000 0.2106729 0.2689822 0.2488763 0.2470008 0.2531499 
taxon15    0.2610046 0.2618576 0.2479197 0.2530556 0.2538674 0.2617455 0.2809254 0.2610322 0.2535948 0.2470092 0.2468502 0.2760155 0.2383151 0.2548268 0.2106729 0.0000000 0.0816473 0.0766102 0.0782123 0.0835390 
taxon16    0.2781943 0.2665385 0.2583377 0.2784637 0.2809487 0.2803257 0.2987005 0.2773773 0.2719992 0.2653366 0.2641300 0.2806746 0.2470026 0.2798377 0.2689822 0.0816473 0.0000000 0.0248755 0.0939461 0.0941996 
taxon17    0.2577944 0.2522592 0.2508344 0.2707632 0.2731831 0.2725725 0.2907874 0.2697194 0.2643595 0.2577609 0.2505317 0.2667412 0.2270813 0.2593274 0.2488763 0.0766102 0.0248755 0.0000000 0.0997954 0.1000635 
taxon18    0.2248837 0.2230805 0.2102215 0.2237242 0.2104555 0.2173026 0.2689981 0.2481699 0.2360137 0.2294818 0.2117351 0.2469862 0.2138397 0.2460767 0.2470008 0.0782123 0.0939461 0.0997954 0.0000000 0.0151029 
taxon19    0.2163753 0.2146516 0.2019844 0.2088785 0.2036873 0.2025876 0.2532239 0.2329161 0.2209565 0.2145624 0.2034407 0.2380975 0.2054438 0.2372131 0.2531499 0.0835390 0.0941996 0.1000635 0.0151029 0.0000000 
