20
taxon0     0.0000000 0.0149604 0.0355470 0.0201753 0.0251161 0.0253151 0.0406787 0.1592897 0.1656016 0.1472315 0.1692423 0.1969918 0.1885349 0.1995712 0.1849681 0.1850089 0.1851209 0.1984829 0.1792312 0.1792312 
taxon1     0.0149604 0.0000000 0.0202615 0.0050310 0.0100191 0.0150400 0.0302133 0.1539357 0.1602370 0.1437896 0.1519319 0.1791548 0.1871566 0.1815694 0.1672185 0.1734554 0.1735669 0.1868143 0.1676875 0.1676875 
taxon2     0.0355470 0.0202615 0.0000000 0.0150431 0.0306134 0.0357413 0.0355191 0.1559401 0.1742820 0.1572205 0.1776109 0.1937263 0.1948256 0.1962258 0.1937497 0.1757077 0.1758205 0.1892355 0.1820418 0.1820418 
taxon3     0.0201753 0.0050310 0.0150431 0.0000000 0.0152020 0.0202844 0.0303182 0.1614183 0.1678136 0.1509922 0.1593321 0.1870216 0.1951059 0.1895314 0.1749435 0.1812416 0.1813545 0.1948068 0.1754116 0.1754116 
taxon4     0.0251161 0.0100191 0.0306134 0.0152020 0.0000000 0.0252514 0.0405839 0.1666336 0.1730416 0.1560999 0.1525358 0.1798881 0.2003741 0.1823196 0.1678999 0.1865061 0.1866190 0.1869637 0.1806798 0.1806798 
taxon5     0.0253151 0.0150400 0.0357413 0.0202844 0.0252514 0.0000000 0.0149665 0.1646572 0.1709882 0.1556480 0.1578124 0.1919719 0.2000283 0.1945163 0.1799233 0.1861970 0.1863096 0.1997595 0.1803853 0.1803853 
taxon6     0.0406787 0.0302133 0.0355191 0.0303182 0.0405839 0.0149665 0.0000000 0.1706375 0.1644336 0.1615147 0.1630565 0.1972921 0.2185488 0.2007785 0.1982754 0.1923645 0.1924774 0.2060181 0.1987188 0.1987188 
taxon7     0.1592897 0.1539357 0.1559401 0.1614183 0.1666336 0.1646572 0.1706375 0.0000000 0.0248938 0.0802211 0.0902552 0.1076396 0.0899009 0.0968177 0.1063663 0.0745260 0.0741188 0.0854102 0.0795642 0.0795642 
taxon8     0.1656016 0.1602370 0.1742820 0.1678136 0.1730416 0.1709882 0.1644336 0.0248938 0.0000000 0.0858598 0.0899925 0.1016065 0.1173343 0.1136075 0.1120938 0.1019332 0.1013804 0.1130023 0.1069256 0.1069256 
taxon9     0.1472315 0.1437896 0.1572205 0.1509922 0.1560999 0.1556480 0.1615147 0.0802211 0.0858598 0.0000000 0.0724637 0.1263435 0.1132113 0.1081724 0.1067177 0.0955981 0.0954714 0.1069854 0.1009776 0.1009776 
taxon10    0.1692423 0.1519319 0.1776109 0.1593321 0.1525358 0.1578124 0.1630565 0.0902552 0.0899925 0.0724637 0.0000000 0.0852905 0.1074891 0.0977606 0.0908236 0.1080820 0.1023675 0.1140934 0.0969295 0.0969295 
taxon11    0.1969918 0.1791548 0.1937263 0.1870216 0.1798881 0.1919719 0.1972921 0.1076396 0.1016065 0.1263435 0.0852905 0.0000000 0.0618275 0.0625129 0.0512081 0.0566979 0.0567376 0.0676045 0.0515487 0.0515487 
taxon12    0.1885349 0.1871566 0.1948256 0.1951059 0.2003741 0.2000283 0.2185488 0.0899009 0.1173343 0.1132113 0.1074891 0.0618275 0.0000000 0.0671545 0.0661975 0.0457130 0.0454699 0.0560346 0.0403896 0.0403896 
taxon13    0.1995712 0.1815694 0.1962258 0.1895314 0.1823196 0.1945163 0.2007785 0.0968177 0.1136075 0.1081724 0.0977606 0.0625129 0.0671545 0.0000000 0.0202561 0.0309741 0.0257410 0.0363141 0.0309412 0.0309412 
taxon14    0.1849681 0.1672185 0.1937497 0.1749435 0.1678999 0.1799233 0.1982754 0.1063663 0.1120938 0.1067177 0.0908236 0.0512081 0.0661975 0.0202561 0.0000000 0.0407614 0.0355623 0.0356070 0.0304657 0.0304657 
taxon15    0.1850089 0.1734554 0.1757077 0.1812416 0.1865061 0.1861970 0.1923645 0.0745260 0.1019332 0.0955981 0.1080820 0.0566979 0.0457130 0.0309741 0.0407614 0.0000000 0.0049247 0.0148934 0.0098689 0.0098689 
taxon16    0.1851209 0.1735669 0.1758205 0.1813545 0.1866190 0.1863096 0.1924774 0.0741188 0.1013804 0.0954714 0.1023675 0.0567376 0.0454699 0.0257410 0.0355623 0.0049247 0.0000000 0.0098990 0.0049197 0.0049197 
taxon17    0.1984829 0.1868143 0.1892355 0.1948068 0.1869637 0.1997595 0.2060181 0.0854102 0.1130023 0.1069854 0.1140934 0.0676045 0.0560346 0.0363141 0.0356070 0.0148934 0.0098990 0.0000000 0.0148782 0.0148782 
taxon18    0.1792312 0.1676875 0.1820418 0.1754116 0.1806798 0.1803853 0.1987188 0.0795642 0.1069256 0.1009776 0.0969295 0.0515487 0.0403896 0.0309412 0.0304657 0.0098689 0.0049197 0.0148782 0.0000000 0.0000010 
taxon19    0.1792312 0.1676875 0.1820418 0.1754116 0.1806798 0.1803853 0.1987188 0.0795642 0.1069256 0.1009776 0.0969295 0.0515487 0.0403896 0.0309412 0.0304657 0.0098689 0.0049197 0.0148782 0.0000010 0.0000000 
