20
taxon0     0.0000000 0.3734591 0.3171209 0.6052770 0.7257571 0.7701516 0.8187674 0.7908525 0.7919843 0.7828292 0.9563724 0.8750957 0.7625668 0.8887262 0.8952391 0.8674507 0.8990008 0.7833416 0.9425574 0.8783779 
taxon1     0.3734591 0.0000000 0.3341775 0.7734911 0.6747325 0.8464454 0.9573735 0.9316188 0.8351616 0.9142816 0.9817951 0.9516757 0.8262169 0.9360080 0.8451672 0.8681436 0.9292628 0.9542766 0.8439450 0.9171363 
taxon2     0.3171209 0.3341775 0.0000000 0.6157159 0.6227778 0.7741175 0.7561106 0.8015028 0.8645975 0.8142488 0.9328863 0.8281624 0.7727534 0.8193077 0.7998623 0.7500844 0.8203819 0.8100291 0.9576557 0.8300296 
taxon3     0.6052770 0.7734911 0.6157159 0.0000000 0.4562526 0.4484842 0.7905039 0.8788380 1.0396417 1.0934628 0.9952706 0.9967251 0.9601852 1.0373701 0.9392379 0.9512058 1.0650000 0.9616565 0.9597362 1.0309793 
taxon4     0.7257571 0.6747325 0.6227778 0.4562526 0.0000000 0.5532357 0.7571809 0.7695201 0.9470405 0.9227615 0.8925423 0.8543821 0.8827261 0.8801502 0.8245929 0.7389712 0.8602380 0.9661881 0.8785217 0.8651056 
taxon5     0.7701516 0.8464454 0.7741175 0.4484842 0.5532357 0.0000000 0.8313205 0.9003445 0.9779264 1.0998463 0.9642526 1.0001238 1.0099735 0.9865911 0.9770889 0.9161598 0.9782851 1.0716378 1.1965694 1.0085490 
taxon6     0.8187674 0.9573735 0.7561106 0.7905039 0.7571809 0.8313205 0.0000000 0.3720090 0.4830965 0.4609214 0.4634265 0.5310798 0.5578397 0.8251281 0.7052397 0.7036785 0.7883400 0.7576137 0.7657977 0.6867199 
taxon7     0.7908525 0.9316188 0.8015028 0.8788380 0.7695201 0.9003445 0.3720090 0.0000000 0.3413249 0.3084709 0.5133373 0.5655308 0.5273233 0.7886966 0.7134335 0.7175786 0.8184298 0.7916998 0.7881944 0.6267789 
taxon8     0.7919843 0.8351616 0.8645975 1.0396417 0.9470405 0.9779264 0.4830965 0.3413249 0.0000000 0.1626830 0.5083718 0.5340104 0.5608512 0.7428831 0.8187645 0.7007865 0.8448907 0.6981349 0.6987144 0.6913398 
taxon9     0.7828292 0.9142816 0.8142488 1.0934628 0.9227615 1.0998463 0.4609214 0.3084709 0.1626830 0.0000000 0.5678324 0.5327943 0.5313249 0.8233365 0.8298143 0.7364426 0.8603124 0.6951497 0.7415119 0.6890574 
taxon10    0.9563724 0.9817951 0.9328863 0.9952706 0.8925423 0.9642526 0.4634265 0.5133373 0.5083718 0.5678324 0.0000000 0.4606906 0.3977580 0.7715297 0.7200430 0.7624359 0.7977365 0.9263434 0.7980418 0.7428080 
taxon11    0.8750957 0.9516757 0.8281624 0.9967251 0.8543821 1.0001238 0.5310798 0.5655308 0.5340104 0.5327943 0.4606906 0.0000000 0.1427109 0.7546119 0.7299358 0.6916295 0.8347379 0.8296129 0.7069728 0.7585663 
taxon12    0.7625668 0.8262169 0.7727534 0.9601852 0.8827261 1.0099735 0.5578397 0.5273233 0.5608512 0.5313249 0.3977580 0.1427109 0.0000000 0.6732891 0.6648474 0.7158468 0.7772293 0.7831366 0.6796886 0.6997545 
taxon13    0.8887262 0.9360080 0.8193077 1.0373701 0.8801502 0.9865911 0.8251281 0.7886966 0.7428831 0.8233365 0.7715297 0.7546119 0.6732891 0.0000000 0.3424101 0.5339280 0.6587414 0.6753540 0.7393607 0.6474741 
taxon14    0.8952391 0.8451672 0.7998623 0.9392379 0.8245929 0.9770889 0.7052397 0.7134335 0.8187645 0.8298143 0.7200430 0.7299358 0.6648474 0.3424101 0.0000000 0.4320724 0.4702414 0.6281748 0.6166853 0.5317798 
taxon15    0.8674507 0.8681436 0.7500844 0.9512058 0.7389712 0.9161598 0.7036785 0.7175786 0.7007865 0.7364426 0.7624359 0.6916295 0.7158468 0.5339280 0.4320724 0.0000000 0.3077776 0.5780449 0.7027941 0.5436872 
taxon16    0.8990008 0.9292628 0.8203819 1.0650000 0.8602380 0.9782851 0.7883400 0.8184298 0.8448907 0.8603124 0.7977365 0.8347379 0.7772293 0.6587414 0.4702414 0.3077776 0.0000000 0.6902465 0.6799539 0.5253571 
taxon17    0.7833416 0.9542766 0.8100291 0.9616565 0.9661881 1.0716378 0.7576137 0.7916998 0.6981349 0.6951497 0.9263434 0.8296129 0.7831366 0.6753540 0.6281748 0.5780449 0.6902465 0.0000000 0.5684506 0.3507807 
taxon18    0.9425574 0.8439450 0.9576557 0.9597362 0.8785217 1.1965694 0.7657977 0.7881944 0.6987144 0.7415119 0.7980418 0.7069728 0.6796886 0.7393607 0.6166853 0.7027941 0.6799539 0.5684506 0.0000000 0.4355955 
taxon19    0.8783779 0.9171363 0.8300296 1.0309793 0.8651056 1.0085490 0.6867199 0.6267789 0.6913398 0.6890574 0.7428080 0.7585663 0.6997545 0.6474741 0.5317798 0.5436872 0.5253571 0.3507807 0.4355955 0.0000000 
