20
taxon0     0.0000000 0.0048698 0.0295478 0.0296115 0.0296744 0.0246505 0.0296777 0.0401509 0.0608375 0.1806201 0.1802967 0.1807304 0.1750367 0.1890173 0.1785723 0.1785723 0.1898806 0.1905300 0.1933163 0.1933163 
taxon1     0.0048698 0.0000000 0.0297587 0.0298233 0.0298870 0.0248278 0.0298904 0.0404385 0.0612660 0.1818466 0.1815194 0.1863669 0.1806711 0.1903087 0.1798089 0.1798089 0.1911798 0.1962766 0.1946210 0.1946210 
taxon2     0.0295478 0.0297587 0.0000000 0.0048369 0.0146881 0.0146284 0.0148335 0.0245251 0.0446064 0.1695643 0.1692607 0.1812995 0.1872625 0.1777958 0.1727263 0.1727263 0.1840131 0.1828757 0.1821689 0.1821689 
taxon3     0.0296115 0.0298233 0.0048369 0.0000000 0.0097440 0.0146596 0.0147188 0.0245777 0.0447034 0.1630831 0.1627924 0.1747431 0.1806659 0.1711793 0.1661265 0.1661265 0.1773600 0.1762704 0.1755781 0.1755781 
taxon4     0.0296744 0.0298870 0.0146881 0.0097440 0.0000000 0.0048585 0.0048781 0.0197936 0.0399831 0.1634306 0.1631388 0.1751126 0.1810466 0.1654993 0.1664853 0.1664853 0.1777398 0.1901641 0.1759508 0.1759508 
taxon5     0.0246505 0.0248278 0.0146284 0.0146596 0.0048585 0.0000000 0.0048590 0.0148010 0.0348790 0.1696004 0.1692967 0.1813381 0.1873024 0.1717516 0.1727637 0.1727637 0.1840528 0.1965552 0.1822079 0.1822079 
taxon6     0.0296777 0.0298904 0.0148335 0.0147188 0.0048781 0.0048590 0.0000000 0.0197958 0.0399875 0.1703156 0.1700095 0.1820995 0.1880875 0.1724840 0.1735026 0.1735026 0.1848343 0.1973882 0.1829761 0.1829761 
taxon7     0.0401509 0.0404385 0.0245251 0.0245777 0.0197936 0.0148010 0.0197958 0.0000000 0.0292822 0.1894467 0.1891039 0.2013811 0.2074507 0.1790785 0.1801217 0.1801217 0.1914658 0.1961545 0.1895533 0.1895533 
taxon8     0.0608375 0.0612660 0.0446064 0.0447034 0.0399831 0.0348790 0.0399875 0.0292822 0.0000000 0.1952343 0.1948809 0.2071936 0.2132778 0.1848886 0.1859522 0.1859522 0.1973010 0.2019757 0.1953425 0.1953425 
taxon9     0.1806201 0.1818466 0.1695643 0.1630831 0.1634306 0.1696004 0.1703156 0.1894467 0.1952343 0.0000000 0.0097365 0.0097473 0.0146457 0.0298330 0.0351852 0.0351852 0.0349561 0.0451634 0.0345829 0.0345829 
taxon10    0.1802967 0.1815194 0.1692607 0.1627924 0.1631388 0.1692967 0.1700095 0.1891039 0.1948809 0.0097365 0.0000000 0.0097199 0.0146046 0.0347657 0.0401630 0.0401630 0.0399019 0.0501227 0.0294799 0.0294799 
taxon11    0.1807304 0.1863669 0.1812995 0.1747431 0.1751126 0.1813381 0.1820995 0.2013811 0.2071936 0.0097473 0.0097199 0.0000000 0.0048630 0.0398833 0.0453531 0.0453531 0.0450574 0.0451840 0.0345230 0.0345230 
taxon12    0.1750367 0.1806711 0.1872625 0.1806659 0.1810466 0.1873024 0.1880875 0.2074507 0.2132778 0.0146457 0.0146046 0.0048630 0.0000000 0.0449463 0.0455138 0.0455138 0.0452161 0.0453435 0.0395225 0.0395225 
taxon13    0.1890173 0.1903087 0.1777958 0.1711793 0.1654993 0.1717516 0.1724840 0.1790785 0.1848886 0.0298330 0.0347657 0.0398833 0.0449463 0.0000000 0.0148233 0.0148233 0.0248949 0.0350220 0.0246259 0.0246259 
taxon14    0.1785723 0.1798089 0.1727263 0.1661265 0.1664853 0.1727637 0.1735026 0.1801217 0.1859522 0.0351852 0.0401630 0.0453531 0.0455138 0.0148233 0.0000000 0.0000010 0.0196907 0.0296821 0.0298732 0.0298732 
taxon15    0.1785723 0.1798089 0.1727263 0.1661265 0.1664853 0.1727637 0.1735026 0.1801217 0.1859522 0.0351852 0.0401630 0.0453531 0.0455138 0.0148233 0.0000010 0.0000000 0.0196907 0.0296821 0.0298732 0.0298732 
taxon16    0.1898806 0.1911798 0.1840131 0.1773600 0.1777398 0.1840528 0.1848343 0.1914658 0.1973010 0.0349561 0.0399019 0.0450574 0.0452161 0.0248949 0.0196907 0.0196907 0.0000000 0.0097737 0.0098390 0.0098390 
taxon17    0.1905300 0.1962766 0.1828757 0.1762704 0.1901641 0.1965552 0.1973882 0.1961545 0.2019757 0.0451634 0.0501227 0.0451840 0.0453435 0.0350220 0.0296821 0.0296821 0.0097737 0.0000000 0.0197720 0.0197720 
taxon18    0.1933163 0.1946210 0.1821689 0.1755781 0.1759508 0.1822079 0.1829761 0.1895533 0.1953425 0.0345829 0.0294799 0.0345230 0.0395225 0.0246259 0.0298732 0.0298732 0.0098390 0.0197720 0.0000000 0.0000010 
taxon19    0.1933163 0.1946210 0.1821689 0.1755781 0.1759508 0.1822079 0.1829761 0.1895533 0.1953425 0.0345829 0.0294799 0.0345230 0.0395225 0.0246259 0.0298732 0.0298732 0.0098390 0.0197720 0.0000010 0.0000000 
