20
taxon0     0.0000000 0.0244707 0.0342908 0.0706414 0.0552666 0.0557233 0.0656571 0.0602057 0.2256329 0.2315858 0.2374287 0.2385682 0.2489276 0.2557942 0.2195523 0.2065544 0.2190400 0.2185635 0.2248447 0.2185048 
taxon1     0.0244707 0.0000000 0.0096910 0.0655109 0.0605195 0.0505941 0.0655825 0.0601376 0.2237796 0.2116739 0.2337871 0.2348957 0.2451015 0.2518821 0.2116965 0.2113315 0.2111975 0.2231988 0.2233995 0.2170900 
taxon2     0.0342908 0.0096910 0.0000000 0.0653221 0.0603448 0.0607682 0.0757494 0.0599650 0.2230875 0.2110186 0.2330561 0.2341579 0.2443252 0.2510836 0.2110411 0.2106782 0.2105442 0.2225094 0.2227088 0.2164193 
taxon3     0.0706414 0.0655109 0.0653221 0.0000000 0.0195639 0.0396618 0.0343961 0.0344398 0.1967165 0.1965802 0.2063000 0.2067177 0.2287268 0.2229824 0.1851240 0.1965674 0.1845083 0.1899732 0.1901382 0.1840709 
taxon4     0.0552666 0.0605195 0.0603448 0.0195639 0.0000000 0.0347417 0.0344259 0.0394808 0.1915736 0.1973558 0.2145815 0.2150231 0.2373941 0.2315938 0.1975483 0.1967434 0.1852323 0.1848397 0.1908852 0.1847914 
taxon5     0.0557233 0.0505941 0.0607682 0.0396618 0.0347417 0.0000000 0.0344239 0.0397589 0.2078391 0.2076944 0.2050105 0.2178633 0.2277417 0.2343178 0.1960367 0.1957063 0.2042424 0.2083802 0.2085638 0.2099363 
taxon6     0.0656571 0.0655825 0.0757494 0.0343961 0.0344259 0.0344239 0.0000000 0.0244885 0.2011287 0.2009898 0.2107385 0.2111647 0.2209077 0.2274265 0.1895801 0.1892626 0.1979730 0.1970060 0.1971788 0.2027940 
taxon7     0.0602057 0.0601376 0.0599650 0.0344398 0.0394808 0.0397589 0.0244885 0.0000000 0.1953507 0.1952164 0.1929070 0.1932897 0.2027444 0.2091637 0.1721843 0.1718987 0.1900439 0.1955038 0.1956739 0.1895934 
taxon8     0.2256329 0.2237796 0.2230875 0.1967165 0.1915736 0.2078391 0.2011287 0.1953507 0.0000000 0.0190005 0.0295301 0.0347095 0.0505851 0.0455539 0.0190148 0.0237677 0.0193173 0.0239835 0.0336803 0.0339140 
taxon9     0.2315858 0.2116739 0.2110186 0.1965802 0.1973558 0.2076944 0.2009898 0.1952164 0.0190005 0.0000000 0.0340196 0.0391736 0.0549541 0.0499792 0.0190042 0.0285468 0.0193065 0.0239726 0.0239897 0.0241578 
taxon10    0.2374287 0.2337871 0.2330561 0.2063000 0.2145815 0.2050105 0.2107385 0.1929070 0.0295301 0.0340196 0.0000000 0.0144456 0.0295174 0.0246057 0.0145225 0.0195205 0.0345935 0.0447824 0.0492168 0.0495584 
taxon11    0.2385682 0.2348957 0.2341579 0.2067177 0.2150231 0.2178633 0.2111647 0.1932897 0.0347095 0.0391736 0.0144456 0.0000000 0.0196286 0.0147266 0.0195094 0.0245843 0.0398372 0.0501335 0.0545516 0.0549305 
taxon12    0.2489276 0.2451015 0.2443252 0.2287268 0.2373941 0.2277417 0.2209077 0.2027444 0.0505851 0.0549541 0.0295174 0.0196286 0.0000000 0.0047663 0.0348628 0.0300572 0.0558916 0.0664532 0.0708010 0.0712906 
taxon13    0.2557942 0.2518821 0.2510836 0.2229824 0.2315938 0.2343178 0.2274265 0.2091637 0.0455539 0.0499792 0.0246057 0.0147266 0.0047663 0.0000000 0.0298966 0.0351529 0.0508350 0.0613768 0.0657703 0.0662283 
taxon14    0.2195523 0.2116965 0.2110411 0.1851240 0.1975483 0.1960367 0.1895801 0.1721843 0.0190148 0.0190042 0.0145225 0.0195094 0.0348628 0.0298966 0.0000000 0.0094729 0.0193212 0.0336630 0.0336872 0.0339210 
taxon15    0.2065544 0.2113315 0.2106782 0.1965674 0.1967434 0.1957063 0.1892626 0.1718987 0.0237677 0.0285468 0.0195205 0.0245843 0.0300572 0.0351529 0.0094729 0.0000000 0.0290207 0.0384704 0.0433735 0.0436712 
taxon16    0.2190400 0.2111975 0.2105442 0.1845083 0.1852323 0.2042424 0.1979730 0.1900439 0.0193173 0.0193065 0.0345935 0.0398372 0.0558916 0.0508350 0.0193212 0.0290207 0.0000000 0.0191858 0.0191995 0.0191241 
taxon17    0.2185635 0.2231988 0.2225094 0.1899732 0.1848397 0.2083802 0.1970060 0.1955038 0.0239835 0.0239726 0.0447824 0.0501335 0.0664532 0.0613768 0.0336630 0.0384704 0.0191858 0.0000000 0.0095358 0.0143057 
taxon18    0.2248447 0.2233995 0.2227088 0.1901382 0.1908852 0.2085638 0.1971788 0.1956739 0.0336803 0.0239897 0.0492168 0.0545516 0.0708010 0.0657703 0.0336872 0.0433735 0.0191995 0.0095358 0.0000000 0.0047569 
taxon19    0.2185048 0.2170900 0.2164193 0.1840709 0.1847914 0.2099363 0.2027940 0.1895934 0.0339140 0.0241578 0.0495584 0.0549305 0.0712906 0.0662283 0.0339210 0.0436712 0.0191241 0.0143057 0.0047569 0.0000000 
