20
taxon0     0.0000000 0.0352572 0.0251017 0.0353015 0.0405667 0.0561621 0.0612974 0.0832768 0.0722486 0.1462377 0.1462377 0.1420711 0.1520484 0.1244738 0.1307916 0.1307916 0.1369370 0.1369370 0.1358928 0.1465783 
taxon1     0.0352572 0.0000000 0.0099855 0.0200756 0.0252341 0.0509238 0.0457519 0.0612976 0.0507554 0.1244257 0.1244257 0.1200893 0.1301636 0.1073854 0.1089078 0.1089078 0.1195551 0.1195551 0.1186334 0.1071690 
taxon2     0.0251017 0.0099855 0.0000000 0.0200558 0.0252074 0.0406052 0.0457024 0.0672711 0.0460504 0.1291997 0.1291997 0.1249202 0.1349280 0.1075926 0.1137689 0.1137689 0.1197883 0.1197883 0.1188632 0.1183554 
taxon3     0.0353015 0.0200756 0.0200558 0.0000000 0.0100131 0.0304204 0.0253067 0.0511180 0.0405482 0.1137244 0.1137244 0.1143174 0.1194397 0.1188968 0.1205704 0.1205704 0.1312775 0.1312775 0.1302719 0.1298336 
taxon4     0.0405667 0.0252341 0.0252074 0.0100131 0.0000000 0.0406349 0.0354933 0.0511147 0.0405456 0.1137164 0.1137164 0.1032478 0.1194314 0.1139121 0.1155303 0.1155303 0.1262773 0.1262773 0.1253015 0.1248786 
taxon5     0.0561621 0.0509238 0.0406052 0.0304204 0.0406349 0.0000000 0.0049624 0.0355851 0.0252084 0.1191709 0.1191709 0.1197921 0.1131585 0.1197595 0.1260832 0.1260832 0.1202750 0.1202750 0.1305774 0.1419670 
taxon6     0.0612974 0.0457519 0.0457024 0.0253067 0.0354933 0.0049624 0.0000000 0.0351956 0.0249302 0.1200456 0.1200456 0.1206750 0.1139904 0.1252484 0.1270112 0.1270112 0.1257826 0.1257826 0.1360690 0.1362732 
taxon7     0.0832768 0.0612976 0.0672711 0.0511180 0.0511147 0.0355851 0.0351956 0.0000000 0.0199693 0.1083999 0.1083999 0.1089668 0.1024409 0.1150135 0.1149561 0.1149561 0.1155148 0.1155148 0.1145073 0.1191010 
taxon8     0.0722486 0.0507554 0.0460504 0.0405482 0.0405456 0.0252084 0.0249302 0.0199693 0.0000000 0.1080130 0.1080130 0.1085759 0.1020770 0.1262408 0.1261882 0.1261882 0.1267815 0.1267815 0.1256856 0.1190211 
taxon9     0.1462377 0.1244257 0.1291997 0.1137244 0.1137164 0.1191709 0.1200456 0.1083999 0.1080130 0.0000000 0.0000010 0.0149503 0.0049563 0.0300984 0.0300282 0.0300282 0.0453807 0.0453807 0.0402672 0.0353454 
taxon10    0.1462377 0.1244257 0.1291997 0.1137244 0.1137164 0.1191709 0.1200456 0.1083999 0.1080130 0.0000010 0.0000000 0.0149503 0.0049563 0.0300984 0.0300282 0.0300282 0.0453807 0.0453807 0.0402672 0.0353454 
taxon11    0.1420711 0.1200893 0.1249202 0.1143174 0.1032478 0.1197921 0.1206750 0.1089668 0.1085759 0.0149503 0.0149503 0.0000000 0.0199825 0.0303447 0.0251962 0.0251962 0.0406174 0.0406174 0.0405967 0.0356363 
taxon12    0.1520484 0.1301636 0.1349280 0.1194397 0.1194314 0.1131585 0.1139904 0.1024409 0.1020770 0.0049563 0.0049563 0.0199825 0.0000000 0.0352016 0.0351192 0.0351192 0.0401347 0.0401347 0.0350560 0.0404934 
taxon13    0.1244738 0.1073854 0.1075926 0.1188968 0.1139121 0.1197595 0.1252484 0.1150135 0.1262408 0.0300984 0.0300984 0.0303447 0.0352016 0.0000000 0.0099692 0.0099692 0.0150255 0.0150255 0.0200734 0.0199978 
taxon14    0.1307916 0.1089078 0.1137689 0.1205704 0.1155303 0.1260832 0.1270112 0.1149561 0.1261882 0.0300282 0.0300282 0.0251962 0.0351192 0.0099692 0.0000000 0.0000010 0.0149912 0.0149912 0.0301215 0.0251826 
taxon15    0.1307916 0.1089078 0.1137689 0.1205704 0.1155303 0.1260832 0.1270112 0.1149561 0.1261882 0.0300282 0.0300282 0.0251962 0.0351192 0.0099692 0.0000010 0.0000000 0.0149912 0.0149912 0.0301215 0.0251826 
taxon16    0.1369370 0.1195551 0.1197883 0.1312775 0.1262773 0.1202750 0.1257826 0.1155148 0.1267815 0.0453807 0.0453807 0.0406174 0.0401347 0.0150255 0.0149912 0.0149912 0.0000000 0.0000010 0.0149660 0.0250348 
taxon17    0.1369370 0.1195551 0.1197883 0.1312775 0.1262773 0.1202750 0.1257826 0.1155148 0.1267815 0.0453807 0.0453807 0.0406174 0.0401347 0.0150255 0.0149912 0.0149912 0.0000010 0.0000000 0.0149660 0.0250348 
taxon18    0.1358928 0.1186334 0.1188632 0.1302719 0.1253015 0.1305774 0.1360690 0.1145073 0.1256856 0.0402672 0.0402672 0.0405967 0.0350560 0.0200734 0.0301215 0.0301215 0.0149660 0.0149660 0.0000000 0.0199928 
taxon19    0.1465783 0.1071690 0.1183554 0.1298336 0.1248786 0.1419670 0.1362732 0.1191010 0.1190211 0.0353454 0.0353454 0.0356363 0.0404934 0.0199978 0.0251826 0.0251826 0.0250348 0.0250348 0.0199928 0.0000000 
