20
taxon0     0.0000000 0.0627913 0.1327536 0.1495644 0.1755026 0.1831943 0.1906013 0.2114617 0.1734295 0.2012778 0.1936182 0.2297105 0.1974301 0.1467435 0.1929219 0.1648584 0.2001349 0.1854558 0.1864130 0.1941325 
taxon1     0.0627913 0.0000000 0.1503005 0.1643260 0.2011041 0.2038714 0.2046409 0.2185303 0.1935909 0.2194304 0.2121275 0.2347506 0.2148285 0.1711568 0.2340801 0.2036160 0.2223790 0.2041581 0.2213287 0.2111036 
taxon2     0.1327536 0.1503005 0.0000000 0.0906173 0.2109518 0.2088912 0.2135632 0.2257482 0.1818258 0.2234315 0.2166266 0.2298253 0.2111201 0.1794679 0.2148612 0.1972731 0.2135185 0.1895353 0.2217564 0.2195795 
taxon3     0.1495644 0.1643260 0.0906173 0.0000000 0.1997865 0.1954969 0.2107793 0.2239246 0.1958252 0.2164088 0.2171940 0.2552277 0.2220716 0.1834682 0.2108370 0.2090173 0.2329887 0.2120619 0.2003360 0.2097803 
taxon4     0.1755026 0.2011041 0.2109518 0.1997865 0.0000000 0.0556227 0.0665203 0.0777417 0.0882800 0.1135981 0.1023054 0.1219552 0.0940538 0.1187182 0.1577415 0.1241850 0.1380920 0.1396299 0.1450375 0.1555629 
taxon5     0.1831943 0.2038714 0.2088912 0.1954969 0.0556227 0.0000000 0.0346937 0.0498908 0.0852392 0.0906434 0.0845007 0.1342343 0.1058449 0.1124325 0.1563950 0.1221311 0.1537662 0.1510609 0.1524838 0.1491196 
taxon6     0.1906013 0.2046409 0.2135632 0.2107793 0.0665203 0.0346937 0.0000000 0.0707658 0.1125259 0.1076343 0.1070951 0.1455225 0.1228904 0.1361478 0.1809401 0.1336166 0.1545345 0.1466986 0.1671803 0.1628029 
taxon7     0.2114617 0.2185303 0.2257482 0.2239246 0.0777417 0.0498908 0.0707658 0.0000000 0.1128297 0.1353398 0.1183534 0.1586688 0.1352150 0.1473159 0.1762799 0.1456902 0.1708545 0.1739102 0.1834056 0.1677607 
taxon8     0.1734295 0.1935909 0.1818258 0.1958252 0.0882800 0.0852392 0.1125259 0.1128297 0.0000000 0.0781514 0.0617463 0.0996861 0.0724371 0.1013600 0.1331324 0.1111683 0.1453277 0.1441606 0.1241003 0.1073375 
taxon9     0.2012778 0.2194304 0.2234315 0.2164088 0.1135981 0.0906434 0.1076343 0.1353398 0.0781514 0.0000000 0.0300356 0.1185086 0.0966595 0.1192503 0.1627092 0.1291294 0.1649154 0.1544573 0.1480020 0.1432343 
taxon10    0.1936182 0.2121275 0.2166266 0.2171940 0.1023054 0.0845007 0.1070951 0.1183534 0.0617463 0.0300356 0.0000000 0.1134835 0.0916297 0.1244775 0.1458861 0.1289071 0.1713047 0.1608383 0.1400930 0.1363397 
taxon11    0.2297105 0.2347506 0.2298253 0.2552277 0.1219552 0.1342343 0.1455225 0.1586688 0.0996861 0.1185086 0.1134835 0.0000000 0.0344715 0.1442030 0.1743858 0.1267836 0.1716276 0.1614332 0.1643473 0.1798297 
taxon12    0.1974301 0.2148285 0.2111201 0.2220716 0.0940538 0.1058449 0.1228904 0.1352150 0.0724371 0.0966595 0.0916297 0.0344715 0.0000000 0.1149177 0.1442334 0.0989379 0.1419819 0.1317599 0.1341998 0.1495487 
taxon13    0.1467435 0.1711568 0.1794679 0.1834682 0.1187182 0.1124325 0.1361478 0.1473159 0.1013600 0.1192503 0.1244775 0.1442030 0.1149177 0.0000000 0.0771048 0.0660961 0.0839594 0.0828754 0.0884002 0.0924976 
taxon14    0.1929219 0.2340801 0.2148612 0.2108370 0.1577415 0.1563950 0.1809401 0.1762799 0.1331324 0.1627092 0.1458861 0.1743858 0.1442334 0.0771048 0.0000000 0.1133204 0.1452059 0.1379145 0.1015977 0.1162275 
taxon15    0.1648584 0.2036160 0.1972731 0.2090173 0.1241850 0.1221311 0.1336166 0.1456902 0.1111683 0.1291294 0.1289071 0.1267836 0.0989379 0.0660961 0.1133204 0.0000000 0.0557970 0.0510435 0.0902275 0.1078837 
taxon16    0.2001349 0.2223790 0.2135185 0.2329887 0.1380920 0.1537662 0.1545345 0.1708545 0.1453277 0.1649154 0.1713047 0.1716276 0.1419819 0.0839594 0.1452059 0.0557970 0.0000000 0.0515799 0.1231287 0.1346139 
taxon17    0.1854558 0.2041581 0.1895353 0.2120619 0.1396299 0.1510609 0.1466986 0.1739102 0.1441606 0.1544573 0.1608383 0.1614332 0.1317599 0.0828754 0.1379145 0.0510435 0.0515799 0.0000000 0.1086549 0.1263908 
taxon18    0.1864130 0.2213287 0.2217564 0.2003360 0.1450375 0.1524838 0.1671803 0.1834056 0.1241003 0.1480020 0.1400930 0.1643473 0.1341998 0.0884002 0.1015977 0.0902275 0.1231287 0.1086549 0.0000000 0.0553057 
taxon19    0.1941325 0.2111036 0.2195795 0.2097803 0.1555629 0.1491196 0.1628029 0.1677607 0.1073375 0.1432343 0.1363397 0.1798297 0.1495487 0.0924976 0.1162275 0.1078837 0.1346139 0.1263908 0.0553057 0.0000000 
