20
taxon0     0.0000000 0.2723665 0.2770303 0.3013298 0.3416383 0.3247722 0.4391824 0.3921582 0.4409223 0.4246776 0.3969385 0.6989359 0.5876982 0.5568108 0.5778229 0.6438444 0.6520603 0.6404482 0.6065929 0.5630440 
taxon1     0.2723665 0.0000000 0.2206312 0.3471949 0.4122987 0.4119106 0.4973151 0.4688868 0.5326706 0.4299504 0.4314613 0.6562990 0.5968691 0.5911139 0.5631415 0.6210282 0.7022426 0.6939221 0.6422732 0.6222396 
taxon2     0.2770303 0.2206312 0.0000000 0.2548449 0.2964928 0.3323442 0.4904128 0.3899572 0.4656020 0.3546699 0.3668371 0.6583426 0.5583890 0.5358835 0.5242229 0.6060708 0.6209896 0.6202466 0.6066965 0.6091858 
taxon3     0.3013298 0.3471949 0.2548449 0.0000000 0.3357092 0.3508369 0.4630208 0.4338910 0.4752422 0.4602442 0.4533140 0.6419214 0.6598949 0.6064635 0.6309915 0.6265078 0.6227833 0.6533536 0.6814251 0.6370781 
taxon4     0.3416383 0.4122987 0.2964928 0.3357092 0.0000000 0.2516376 0.4893800 0.4420207 0.4528166 0.4452275 0.4377340 0.6777279 0.5623376 0.5379954 0.5943138 0.6639327 0.6512454 0.6044155 0.6000937 0.6219711 
taxon5     0.3247722 0.4119106 0.3323442 0.3508369 0.2516376 0.0000000 0.4597011 0.5068293 0.4986847 0.4589900 0.4267603 0.7044906 0.6685426 0.5826275 0.6361690 0.7005937 0.6516075 0.6327800 0.6363622 0.6771754 
taxon6     0.4391824 0.4973151 0.4904128 0.4630208 0.4893800 0.4597011 0.0000000 0.2062979 0.2025024 0.3826501 0.3911406 0.6274017 0.6226705 0.6269913 0.5478321 0.6300032 0.6586805 0.6639937 0.6145402 0.5560441 
taxon7     0.3921582 0.4688868 0.3899572 0.4338910 0.4420207 0.5068293 0.2062979 0.0000000 0.1228052 0.3416125 0.3628518 0.6347519 0.6339890 0.5945271 0.5585126 0.6047015 0.6587400 0.7167457 0.6605603 0.5573173 
taxon8     0.4409223 0.5326706 0.4656020 0.4752422 0.4528166 0.4986847 0.2025024 0.1228052 0.0000000 0.3621225 0.3767261 0.6189414 0.6125306 0.5862069 0.5825149 0.6551911 0.6661782 0.7130772 0.6785773 0.5833222 
taxon9     0.4246776 0.4299504 0.3546699 0.4602442 0.4452275 0.4589900 0.3826501 0.3416125 0.3621225 0.0000000 0.0692224 0.5898962 0.6312835 0.5791644 0.5434324 0.6338171 0.6413622 0.6497260 0.5963858 0.5104974 
taxon10    0.3969385 0.4314613 0.3668371 0.4533140 0.4377340 0.4267603 0.3911406 0.3628518 0.3767261 0.0692224 0.0000000 0.6182509 0.6401331 0.5683525 0.5653444 0.6231169 0.6493086 0.6522726 0.6026754 0.5311307 
taxon11    0.6989359 0.6562990 0.6583426 0.6419214 0.6777279 0.7044906 0.6274017 0.6347519 0.6189414 0.5898962 0.6182509 0.0000000 0.2781062 0.2681932 0.2863651 0.4075023 0.4636051 0.4133172 0.4396637 0.4192430 
taxon12    0.5876982 0.5968691 0.5583890 0.6598949 0.5623376 0.6685426 0.6226705 0.6339890 0.6125306 0.6312835 0.6401331 0.2781062 0.0000000 0.2752455 0.2819906 0.4364341 0.4394154 0.4725988 0.4351737 0.3803155 
taxon13    0.5568108 0.5911139 0.5358835 0.6064635 0.5379954 0.5826275 0.6269913 0.5945271 0.5862069 0.5791644 0.5683525 0.2681932 0.2752455 0.0000000 0.2090367 0.3867118 0.4216650 0.4327659 0.4456262 0.4192160 
taxon14    0.5778229 0.5631415 0.5242229 0.6309915 0.5943138 0.6361690 0.5478321 0.5585126 0.5825149 0.5434324 0.5653444 0.2863651 0.2819906 0.2090367 0.0000000 0.3429131 0.3497115 0.3848314 0.3465826 0.3902124 
taxon15    0.6438444 0.6210282 0.6060708 0.6265078 0.6639327 0.7005937 0.6300032 0.6047015 0.6551911 0.6338171 0.6231169 0.4075023 0.4364341 0.3867118 0.3429131 0.0000000 0.3041082 0.5862901 0.4986930 0.4543758 
taxon16    0.6520603 0.7022426 0.6209896 0.6227833 0.6512454 0.6516075 0.6586805 0.6587400 0.6661782 0.6413622 0.6493086 0.4636051 0.4394154 0.4216650 0.3497115 0.3041082 0.0000000 0.5395282 0.5338934 0.4901641 
taxon17    0.6404482 0.6939221 0.6202466 0.6533536 0.6044155 0.6327800 0.6639937 0.7167457 0.7130772 0.6497260 0.6522726 0.4133172 0.4725988 0.4327659 0.3848314 0.5862901 0.5395282 0.0000000 0.2530275 0.4502668 
taxon18    0.6065929 0.6422732 0.6066965 0.6814251 0.6000937 0.6363622 0.6145402 0.6605603 0.6785773 0.5963858 0.6026754 0.4396637 0.4351737 0.4456262 0.3465826 0.4986930 0.5338934 0.2530275 0.0000000 0.4090312 
taxon19    0.5630440 0.6222396 0.6091858 0.6370781 0.6219711 0.6771754 0.5560441 0.5573173 0.5833222 0.5104974 0.5311307 0.4192430 0.3803155 0.4192160 0.3902124 0.4543758 0.4901641 0.4502668 0.4090312 0.0000000 
