20
taxon0     0.0000000 0.1002250 0.2581240 0.3255374 0.4138569 0.4020194 0.5754216 0.5138629 0.5941000 0.5695203 0.4927637 0.4900130 0.5945515 0.7160119 0.7202036 0.4699177 0.4994889 0.5698703 0.5950958 0.5729598 
taxon1     0.1002250 0.0000000 0.3054877 0.3421700 0.4118765 0.4064005 0.5506896 0.5086292 0.5912857 0.5701980 0.5296945 0.5369930 0.6148618 0.7124436 0.7352964 0.4381747 0.4762163 0.5961024 0.5871998 0.5607597 
taxon2     0.2581240 0.3054877 0.0000000 0.2194383 0.2756045 0.3100374 0.5919290 0.5556081 0.6205544 0.6193934 0.5360383 0.5314298 0.6332253 0.7393365 0.7597564 0.4838689 0.4943726 0.5882183 0.6757590 0.6257857 
taxon3     0.3255374 0.3421700 0.2194383 0.0000000 0.3267131 0.4162768 0.5804849 0.6146068 0.6476360 0.7065444 0.5910544 0.5877927 0.7360555 0.7208198 0.7867772 0.5389600 0.5880667 0.6789977 0.6829926 0.5737538 
taxon4     0.4138569 0.4118765 0.2756045 0.3267131 0.0000000 0.1522192 0.6124167 0.5545771 0.7058166 0.6862421 0.5680668 0.5620209 0.6757631 0.7499956 0.7698106 0.5356744 0.5679219 0.6575207 0.7065956 0.6142992 
taxon5     0.4020194 0.4064005 0.3100374 0.4162768 0.1522192 0.0000000 0.6596511 0.6206304 0.7303589 0.6960389 0.5397454 0.5467377 0.6626764 0.7726620 0.7932706 0.5455094 0.5556787 0.6453398 0.7206492 0.6544494 
taxon6     0.5754216 0.5506896 0.5919290 0.5804849 0.6124167 0.6596511 0.0000000 0.3684516 0.5323337 0.5673198 0.4624618 0.5029079 0.5701675 0.6160563 0.6055655 0.4376980 0.4902097 0.5774070 0.6497650 0.5420811 
taxon7     0.5138629 0.5086292 0.5556081 0.6146068 0.5545771 0.6206304 0.3684516 0.0000000 0.5319933 0.4803536 0.4436182 0.4689435 0.5295619 0.6129060 0.6036442 0.3897359 0.4354107 0.4925981 0.5440518 0.5221034 
taxon8     0.5941000 0.5912857 0.6205544 0.6476360 0.7058166 0.7303589 0.5323337 0.5319933 0.0000000 0.2843028 0.4096069 0.4485995 0.5220815 0.5986946 0.5534377 0.4543645 0.4711191 0.6123577 0.5732032 0.5626829 
taxon9     0.5695203 0.5701980 0.6193934 0.7065444 0.6862421 0.6960389 0.5673198 0.4803536 0.2843028 0.0000000 0.3983530 0.4322573 0.4557083 0.5325591 0.4812576 0.3926051 0.4064941 0.5487454 0.5500257 0.5519162 
taxon10    0.4927637 0.5296945 0.5360383 0.5910544 0.5680668 0.5397454 0.4624618 0.4436182 0.4096069 0.3983530 0.0000000 0.0409140 0.2245824 0.3342812 0.3149712 0.3181304 0.3425764 0.4536366 0.4727490 0.4669107 
taxon11    0.4900130 0.5369930 0.5314298 0.5877927 0.5620209 0.5467377 0.5029079 0.4689435 0.4485995 0.4322573 0.0409140 0.0000000 0.2558196 0.3502733 0.3413507 0.3320488 0.3635993 0.4738469 0.5062414 0.4846017 
taxon12    0.5945515 0.6148618 0.6332253 0.7360555 0.6757631 0.6626764 0.5701675 0.5295619 0.5220815 0.4557083 0.2245824 0.2558196 0.0000000 0.2030128 0.1813720 0.4254543 0.4567639 0.5578895 0.6185902 0.6093356 
taxon13    0.7160119 0.7124436 0.7393365 0.7208198 0.7499956 0.7726620 0.6160563 0.6129060 0.5986946 0.5325591 0.3342812 0.3502733 0.2030128 0.0000000 0.1315223 0.4718792 0.5043357 0.6280402 0.6748131 0.6167341 
taxon14    0.7202036 0.7352964 0.7597564 0.7867772 0.7698106 0.7932706 0.6055655 0.6036442 0.5534377 0.4812576 0.3149712 0.3413507 0.1813720 0.1315223 0.0000000 0.4814994 0.4982725 0.6255231 0.6620454 0.6210779 
taxon15    0.4699177 0.4381747 0.4838689 0.5389600 0.5356744 0.5455094 0.4376980 0.3897359 0.4543645 0.3926051 0.3181304 0.3320488 0.4254543 0.4718792 0.4814994 0.0000000 0.0908226 0.2370911 0.2611866 0.2606497 
taxon16    0.4994889 0.4762163 0.4943726 0.5880667 0.5679219 0.5556787 0.4902097 0.4354107 0.4711191 0.4064941 0.3425764 0.3635993 0.4567639 0.5043357 0.4982725 0.0908226 0.0000000 0.2551362 0.2999294 0.2801656 
taxon17    0.5698703 0.5961024 0.5882183 0.6789977 0.6575207 0.6453398 0.5774070 0.4925981 0.6123577 0.5487454 0.4536366 0.4738469 0.5578895 0.6280402 0.6255231 0.2370911 0.2551362 0.0000000 0.3046021 0.2944257 
taxon18    0.5950958 0.5871998 0.6757590 0.6829926 0.7065956 0.7206492 0.6497650 0.5440518 0.5732032 0.5500257 0.4727490 0.5062414 0.6185902 0.6748131 0.6620454 0.2611866 0.2999294 0.3046021 0.0000000 0.2895100 
taxon19    0.5729598 0.5607597 0.6257857 0.5737538 0.6142992 0.6544494 0.5420811 0.5221034 0.5626829 0.5519162 0.4669107 0.4846017 0.6093356 0.6167341 0.6210779 0.2606497 0.2801656 0.2944257 0.2895100 0.0000000 
