20
taxon0     0.0000000 0.0560635 0.0610563 0.0455747 0.0558091 0.0611563 0.1260375 0.1217135 0.0854826 0.0854826 0.1183098 0.0854226 0.1002286 0.1184985 0.2494350 0.2494677 0.2573098 0.2623316 0.2698090 0.2841919 
taxon1     0.0560635 0.0000000 0.0349412 0.0198729 0.0402357 0.0349978 0.1142688 0.1153067 0.1028184 0.1028184 0.1356533 0.1018792 0.1058187 0.1011847 0.2502183 0.2502513 0.2516476 0.2779230 0.2442751 0.2583737 
taxon2     0.0610563 0.0349412 0.0000000 0.0147886 0.0298612 0.0247387 0.1077982 0.0976560 0.1192102 0.1192102 0.1238047 0.1014126 0.1053383 0.1007638 0.2287934 0.2427390 0.2571473 0.2558131 0.2629286 0.2627650 
taxon3     0.0455747 0.0198729 0.0147886 0.0000000 0.0198655 0.0148124 0.1027410 0.1037157 0.1025172 0.1025172 0.1239934 0.0905867 0.0946040 0.1009162 0.2364174 0.2364479 0.2507814 0.2637288 0.2565528 0.2707654 
taxon4     0.0558091 0.0402357 0.0298612 0.0198655 0.0000000 0.0147980 0.1080535 0.1090544 0.1016175 0.1016175 0.1126700 0.0795636 0.0836692 0.0898974 0.2421088 0.2341259 0.2632957 0.2694565 0.2690791 0.2765090 
taxon5     0.0611563 0.0349978 0.0247387 0.0148124 0.0147980 0.0000000 0.1020358 0.1030002 0.1074406 0.1074406 0.1297954 0.0962111 0.1001885 0.0841832 0.2366505 0.2286962 0.2578215 0.2639907 0.2636168 0.2710351 
taxon6     0.1260375 0.1142688 0.1077982 0.1027410 0.1080535 0.1020358 0.0000000 0.0302505 0.0563762 0.0563762 0.0667400 0.0509974 0.0667306 0.0661407 0.2200235 0.2193641 0.2252784 0.2209543 0.2547995 0.2546427 
taxon7     0.1217135 0.1153067 0.0976560 0.1037157 0.1090544 0.1030002 0.0302505 0.0000000 0.0626877 0.0626877 0.0678576 0.0571907 0.0569571 0.0460494 0.2028133 0.2022149 0.2080028 0.2036692 0.2365277 0.2363878 
taxon8     0.0854826 0.1028184 0.1192102 0.1025172 0.1016175 0.1074406 0.0563762 0.0626877 0.0000000 0.0000010 0.0715808 0.0302229 0.0609924 0.0609129 0.2406782 0.2261292 0.2194012 0.2394748 0.2338464 0.2477059 
taxon9     0.0854826 0.1028184 0.1192102 0.1025172 0.1016175 0.1074406 0.0563762 0.0626877 0.0000010 0.0000000 0.0715808 0.0302229 0.0609924 0.0609129 0.2406782 0.2261292 0.2194012 0.2394748 0.2338464 0.2477059 
taxon10    0.1183098 0.1356533 0.1238047 0.1239934 0.1126700 0.1297954 0.0667400 0.0678576 0.0715808 0.0715808 0.0000000 0.0401135 0.0605819 0.0609059 0.2168926 0.2233749 0.2151185 0.2301756 0.2438733 0.2510222 
taxon11    0.0854226 0.1018792 0.1014126 0.0905867 0.0795636 0.0962111 0.0509974 0.0571907 0.0302229 0.0302229 0.0401135 0.0000000 0.0299100 0.0402319 0.2191220 0.2256731 0.2173141 0.2325462 0.2463951 0.2536248 
taxon12    0.1002286 0.1058187 0.1053383 0.0946040 0.0836692 0.1001885 0.0667306 0.0569571 0.0609924 0.0609924 0.0605819 0.0299100 0.0000000 0.0400809 0.2304837 0.2370603 0.2285878 0.2314438 0.2578864 0.2651637 
taxon13    0.1184985 0.1011847 0.1007638 0.1009162 0.0898974 0.0841832 0.0661407 0.0460494 0.0609129 0.0609129 0.0609059 0.0402319 0.0400809 0.0000000 0.2195599 0.2118682 0.2177440 0.2330217 0.2339376 0.2410895 
taxon14    0.2494350 0.2502183 0.2287934 0.2364174 0.2421088 0.2366505 0.2200235 0.2028133 0.2406782 0.2406782 0.2168926 0.2191220 0.2304837 0.2195599 0.0000000 0.0098236 0.0248587 0.0247098 0.0400066 0.0399917 
taxon15    0.2494677 0.2502513 0.2427390 0.2364479 0.2341259 0.2286962 0.2193641 0.2022149 0.2261292 0.2261292 0.2233749 0.2256731 0.2370603 0.2118682 0.0098236 0.0000000 0.0248604 0.0348495 0.0400096 0.0503658 
taxon16    0.2573098 0.2516476 0.2571473 0.2507814 0.2632957 0.2578215 0.2252784 0.2080028 0.2194012 0.2194012 0.2151185 0.2173141 0.2285878 0.2177440 0.0248587 0.0248604 0.0000000 0.0351462 0.0301528 0.0404850 
taxon17    0.2623316 0.2779230 0.2558131 0.2637288 0.2694565 0.2639907 0.2209543 0.2036692 0.2394748 0.2394748 0.2301756 0.2325462 0.2314438 0.2330217 0.0247098 0.0348495 0.0351462 0.0000000 0.0347218 0.0347091 
taxon18    0.2698090 0.2442751 0.2629286 0.2565528 0.2690791 0.2636168 0.2547995 0.2365277 0.2338464 0.2338464 0.2438733 0.2463951 0.2578864 0.2339376 0.0400066 0.0400096 0.0301528 0.0347218 0.0000000 0.0098409 
taxon19    0.2841919 0.2583737 0.2627650 0.2707654 0.2765090 0.2710351 0.2546427 0.2363878 0.2477059 0.2477059 0.2510222 0.2536248 0.2651637 0.2410895 0.0399917 0.0503658 0.0404850 0.0347091 0.0098409 0.0000000 
