20
taxon0     0.0000000 0.2432286 0.3650424 0.3496146 0.2697858 0.3351282 0.3942832 0.5952403 0.5472437 0.6050819 0.6629224 0.6480510 0.6748436 0.6643862 0.6599161 0.5995205 0.6344674 0.5817521 0.6067252 0.5784906 
taxon1     0.2432286 0.0000000 0.2418298 0.1472919 0.3273421 0.3848712 0.3795520 0.5783185 0.4773889 0.5855223 0.6661262 0.6418556 0.6469341 0.6490422 0.6575051 0.6105269 0.6308820 0.5812181 0.5950135 0.6227167 
taxon2     0.3650424 0.2418298 0.0000000 0.1108114 0.4047245 0.4447676 0.4540767 0.5853949 0.6205982 0.5919597 0.6534690 0.6690888 0.6271567 0.6185974 0.6609441 0.6446762 0.6297385 0.6132008 0.6107314 0.5355052 
taxon3     0.3496146 0.1472919 0.1108114 0.0000000 0.4001140 0.4205243 0.4256935 0.5938036 0.5559193 0.5897068 0.7083199 0.6537275 0.6145097 0.6210676 0.7007725 0.6235308 0.6565967 0.5900585 0.6079026 0.5727143 
taxon4     0.2697858 0.3273421 0.4047245 0.4001140 0.0000000 0.2152415 0.3031323 0.5569209 0.5151908 0.5885274 0.5594356 0.5926900 0.6253686 0.6255171 0.6258631 0.5731317 0.6114007 0.5012989 0.6112165 0.5005845 
taxon5     0.3351282 0.3848712 0.4447676 0.4205243 0.2152415 0.0000000 0.1621429 0.5204061 0.5955046 0.5636819 0.6258383 0.5820749 0.5372369 0.5225742 0.5959179 0.5395462 0.5683976 0.5382583 0.4976421 0.5509403 
taxon6     0.3942832 0.3795520 0.4540767 0.4256935 0.3031323 0.1621429 0.0000000 0.5290174 0.5655391 0.5456766 0.6214156 0.6212727 0.5114533 0.5167711 0.5976053 0.5717803 0.5732730 0.5310246 0.5657785 0.5910271 
taxon7     0.5952403 0.5783185 0.5853949 0.5938036 0.5569209 0.5204061 0.5290174 0.0000000 0.3219723 0.3108601 0.4146923 0.4089147 0.3857150 0.3749548 0.3675184 0.4662427 0.4188400 0.4291529 0.3897624 0.4228410 
taxon8     0.5472437 0.4773889 0.6205982 0.5559193 0.5151908 0.5955046 0.5655391 0.3219723 0.0000000 0.3668651 0.4116243 0.4383008 0.4686375 0.5001753 0.4761513 0.4402305 0.4118140 0.3733260 0.3852664 0.3920934 
taxon9     0.6050819 0.5855223 0.5919597 0.5897068 0.5885274 0.5636819 0.5456766 0.3108601 0.3668651 0.0000000 0.2445418 0.3241555 0.3535120 0.3632969 0.2902699 0.3122640 0.2991378 0.3960914 0.3793205 0.3879060 
taxon10    0.6629224 0.6661262 0.6534690 0.7083199 0.5594356 0.6258383 0.6214156 0.4146923 0.4116243 0.2445418 0.0000000 0.3317136 0.3745178 0.3989483 0.2889679 0.3178598 0.3438845 0.3899934 0.4151339 0.3921696 
taxon11    0.6480510 0.6418556 0.6690888 0.6537275 0.5926900 0.5820749 0.6212727 0.4089147 0.4383008 0.3241555 0.3317136 0.0000000 0.1997230 0.2206757 0.3144347 0.3345932 0.3335142 0.4291675 0.4055489 0.4586928 
taxon12    0.6748436 0.6469341 0.6271567 0.6145097 0.6253686 0.5372369 0.5114533 0.3857150 0.4686375 0.3535120 0.3745178 0.1997230 0.0000000 0.1320167 0.3345595 0.3732937 0.3382664 0.4588158 0.4294615 0.4905580 
taxon13    0.6643862 0.6490422 0.6185974 0.6210676 0.6255171 0.5225742 0.5167711 0.3749548 0.5001753 0.3632969 0.3989483 0.2206757 0.1320167 0.0000000 0.3723852 0.3874865 0.3984336 0.4996442 0.4359163 0.5279627 
taxon14    0.6599161 0.6575051 0.6609441 0.7007725 0.6258631 0.5959179 0.5976053 0.3675184 0.4761513 0.2902699 0.2889679 0.3144347 0.3345595 0.3723852 0.0000000 0.2876577 0.2753567 0.4290718 0.4072059 0.4914947 
taxon15    0.5995205 0.6105269 0.6446762 0.6235308 0.5731317 0.5395462 0.5717803 0.4662427 0.4402305 0.3122640 0.3178598 0.3345932 0.3732937 0.3874865 0.2876577 0.0000000 0.2217689 0.4146558 0.4311859 0.4915199 
taxon16    0.6344674 0.6308820 0.6297385 0.6565967 0.6114007 0.5683976 0.5732730 0.4188400 0.4118140 0.2991378 0.3438845 0.3335142 0.3382664 0.3984336 0.2753567 0.2217689 0.0000000 0.3956444 0.3906806 0.4068993 
taxon17    0.5817521 0.5812181 0.6132008 0.5900585 0.5012989 0.5382583 0.5310246 0.4291529 0.3733260 0.3960914 0.3899934 0.4291675 0.4588158 0.4996442 0.4290718 0.4146558 0.3956444 0.0000000 0.2335411 0.2328836 
taxon18    0.6067252 0.5950135 0.6107314 0.6079026 0.6112165 0.4976421 0.5657785 0.3897624 0.3852664 0.3793205 0.4151339 0.4055489 0.4294615 0.4359163 0.4072059 0.4311859 0.3906806 0.2335411 0.0000000 0.2521529 
taxon19    0.5784906 0.6227167 0.5355052 0.5727143 0.5005845 0.5509403 0.5910271 0.4228410 0.3920934 0.3879060 0.3921696 0.4586928 0.4905580 0.5279627 0.4914947 0.4915199 0.4068993 0.2328836 0.2521529 0.0000000 
