20
taxon0     0.0000000 0.4112126 0.4440453 0.4069345 0.4356660 0.7066983 0.6379192 0.5775998 0.5556854 0.8373289 0.8303807 0.7652347 0.8137790 0.6473349 0.6449519 0.6771909 0.7505124 0.7397473 0.7896975 0.6982202 
taxon1     0.4112126 0.0000000 0.2983143 0.4360661 0.4791294 0.7190990 0.6940476 0.6740820 0.6728438 0.7400769 0.7428838 0.7921935 0.8194590 0.7566540 0.7071558 0.7731619 0.8088162 0.7295312 0.8277175 0.7677775 
taxon2     0.4440453 0.2983143 0.0000000 0.4179462 0.4804852 0.7830662 0.7918387 0.7268790 0.7539600 0.7416836 0.7268664 0.7391095 0.7162168 0.7563365 0.7162423 0.7603104 0.9089584 0.7915663 0.9249842 0.7803475 
taxon3     0.4069345 0.4360661 0.4179462 0.0000000 0.1551168 0.6057020 0.6487381 0.6077653 0.6583178 0.7504441 0.6424752 0.7544452 0.7696508 0.7145778 0.6918395 0.7421554 0.7186489 0.7090907 0.7395416 0.6089775 
taxon4     0.4356660 0.4791294 0.4804852 0.1551168 0.0000000 0.6415600 0.5873416 0.5610267 0.6123292 0.7228102 0.6839407 0.6801616 0.7096394 0.6859214 0.6778985 0.7129825 0.6875733 0.6467358 0.7533135 0.6028412 
taxon5     0.7066983 0.7190990 0.7830662 0.6057020 0.6415600 0.0000000 0.3351450 0.2986224 0.3288237 0.3592787 0.2960968 0.4519841 0.4492262 0.4491778 0.4723948 0.4858375 0.5254019 0.4586593 0.4779133 0.3819176 
taxon6     0.6379192 0.6940476 0.7918387 0.6487381 0.5873416 0.3351450 0.0000000 0.2185706 0.1927701 0.5067480 0.4945175 0.5465755 0.5705450 0.5597308 0.5294485 0.5814052 0.6184499 0.5239324 0.6263053 0.5995567 
taxon7     0.5775998 0.6740820 0.7268790 0.6077653 0.5610267 0.2986224 0.2185706 0.0000000 0.1224166 0.4883086 0.4777903 0.5058878 0.5412743 0.4794057 0.4710214 0.5105927 0.5201354 0.4353318 0.5607563 0.4823291 
taxon8     0.5556854 0.6728438 0.7539600 0.6583178 0.6123292 0.3288237 0.1927701 0.1224166 0.0000000 0.5683637 0.5436239 0.5477927 0.5692343 0.5628692 0.5053730 0.5402195 0.5704850 0.4901085 0.5806267 0.5411681 
taxon9     0.8373289 0.7400769 0.7416836 0.7504441 0.7228102 0.3592787 0.5067480 0.4883086 0.5683637 0.0000000 0.0871237 0.3587226 0.2959464 0.4873785 0.5327519 0.5469682 0.6138850 0.5318793 0.5849777 0.5234884 
taxon10    0.8303807 0.7428838 0.7268664 0.6424752 0.6839407 0.2960968 0.4945175 0.4777903 0.5436239 0.0871237 0.0000000 0.3189476 0.2919813 0.4628185 0.5059711 0.5047285 0.5944157 0.5168734 0.5266339 0.4598450 
taxon11    0.7652347 0.7921935 0.7391095 0.7544452 0.6801616 0.4519841 0.5465755 0.5058878 0.5477927 0.3587226 0.3189476 0.0000000 0.2980728 0.5275647 0.5639209 0.5967607 0.6527372 0.6131635 0.6137418 0.5506290 
taxon12    0.8137790 0.8194590 0.7162168 0.7696508 0.7096394 0.4492262 0.5705450 0.5412743 0.5692343 0.2959464 0.2919813 0.2980728 0.0000000 0.5422699 0.5717863 0.5905372 0.6871323 0.5874375 0.6787459 0.5862512 
taxon13    0.6473349 0.7566540 0.7563365 0.7145778 0.6859214 0.4491778 0.5597308 0.4794057 0.5628692 0.4873785 0.4628185 0.5275647 0.5422699 0.0000000 0.2184843 0.1816520 0.3649049 0.3403767 0.4327339 0.3666360 
taxon14    0.6449519 0.7071558 0.7162423 0.6918395 0.6778985 0.4723948 0.5294485 0.4710214 0.5053730 0.5327519 0.5059711 0.5639209 0.5717863 0.2184843 0.0000000 0.0851739 0.4373884 0.4039914 0.4912904 0.3987150 
taxon15    0.6771909 0.7731619 0.7603104 0.7421554 0.7129825 0.4858375 0.5814052 0.5105927 0.5402195 0.5469682 0.5047285 0.5967607 0.5905372 0.1816520 0.0851739 0.0000000 0.4216739 0.3996384 0.5036845 0.4174862 
taxon16    0.7505124 0.8088162 0.9089584 0.7186489 0.6875733 0.5254019 0.6184499 0.5201354 0.5704850 0.6138850 0.5944157 0.6527372 0.6871323 0.3649049 0.4373884 0.4216739 0.0000000 0.2521846 0.4310095 0.3673426 
taxon17    0.7397473 0.7295312 0.7915663 0.7090907 0.6467358 0.4586593 0.5239324 0.4353318 0.4901085 0.5318793 0.5168734 0.6131635 0.5874375 0.3403767 0.4039914 0.3996384 0.2521846 0.0000000 0.4345719 0.3567881 
taxon18    0.7896975 0.8277175 0.9249842 0.7395416 0.7533135 0.4779133 0.6263053 0.5607563 0.5806267 0.5849777 0.5266339 0.6137418 0.6787459 0.4327339 0.4912904 0.5036845 0.4310095 0.4345719 0.0000000 0.2041846 
taxon19    0.6982202 0.7677775 0.7803475 0.6089775 0.6028412 0.3819176 0.5995567 0.4823291 0.5411681 0.5234884 0.4598450 0.5506290 0.5862512 0.3666360 0.3987150 0.4174862 0.3673426 0.3567881 0.2041846 0.0000000 
