20
taxon0     0.0000000 0.0790402 0.2154199 0.2181987 0.3244453 0.2864480 0.2979074 0.3766977 0.3357561 0.4036003 0.4045399 0.4106382 0.3915411 0.3011585 0.3319353 0.5164405 0.5309967 0.4791222 0.4505620 0.4609886 
taxon1     0.0790402 0.0000000 0.1828383 0.1908108 0.2929637 0.2565354 0.2843511 0.3642497 0.3157759 0.3779984 0.3892546 0.3955012 0.3833057 0.2871751 0.2940852 0.5429108 0.5539416 0.5061331 0.4757864 0.4866255 
taxon2     0.2154199 0.1828383 0.0000000 0.1143146 0.2075822 0.1868075 0.3259658 0.3839144 0.3546106 0.4403021 0.4282230 0.4415486 0.4145572 0.3061235 0.3230301 0.5484173 0.5649407 0.5261169 0.5073303 0.5185107 
taxon3     0.2181987 0.1908108 0.1143146 0.0000000 0.1640205 0.1504854 0.2992727 0.3570765 0.3242832 0.3954969 0.3896094 0.3863060 0.3741163 0.2872183 0.2999405 0.5243546 0.5450667 0.5030355 0.4684360 0.4791244 
taxon4     0.3244453 0.2929637 0.2075822 0.1640205 0.0000000 0.0719871 0.3955478 0.4528537 0.4298163 0.4901366 0.4828170 0.4884771 0.4713668 0.3716309 0.3887560 0.6149069 0.6483334 0.5572436 0.5272982 0.5386156 
taxon5     0.2864480 0.2565354 0.1868075 0.1504854 0.0719871 0.0000000 0.3643877 0.4264939 0.3971890 0.4635936 0.4456571 0.4557756 0.4274958 0.3472392 0.3586362 0.5985343 0.6236500 0.5444069 0.5152161 0.5264385 
taxon6     0.2979074 0.2843511 0.3259658 0.2992727 0.3955478 0.3643877 0.0000000 0.1321310 0.1096280 0.2387055 0.2314241 0.2292502 0.2152944 0.1886653 0.2206318 0.4676147 0.5057892 0.4872763 0.4824425 0.4931427 
taxon7     0.3766977 0.3642497 0.3839144 0.3570765 0.4528537 0.4264939 0.1321310 0.0000000 0.0792808 0.3170477 0.3111635 0.3082458 0.2720819 0.2282604 0.2611143 0.5231886 0.5569124 0.5590609 0.5423794 0.5538516 
taxon8     0.3357561 0.3157759 0.3546106 0.3242832 0.4298163 0.3971890 0.1096280 0.0792808 0.0000000 0.2609056 0.2866359 0.2839361 0.2208044 0.2096600 0.2384579 0.4925076 0.5118060 0.5123859 0.5136949 0.5247898 
taxon9     0.4036003 0.3779984 0.4403021 0.3954969 0.4901366 0.4635936 0.2387055 0.3170477 0.2609056 0.0000000 0.1042310 0.1031740 0.1341618 0.3098875 0.2997266 0.5470568 0.5710926 0.5531325 0.5592348 0.5711309 
taxon10    0.4045399 0.3892546 0.4282230 0.3896094 0.4828170 0.4456571 0.2314241 0.3111635 0.2866359 0.1042310 0.0000000 0.0412504 0.1602239 0.3195234 0.2975483 0.6056128 0.6383010 0.5342442 0.5417427 0.5532991 
taxon11    0.4106382 0.3955012 0.4415486 0.3863060 0.4884771 0.4557756 0.2292502 0.3082458 0.2839361 0.1031740 0.0412504 0.0000000 0.1644239 0.3105064 0.2947644 0.6071393 0.6396842 0.5324835 0.5433961 0.5549149 
taxon12    0.3915411 0.3833057 0.4145572 0.3741163 0.4713668 0.4274958 0.2152944 0.2720819 0.2208044 0.1341618 0.1602239 0.1644239 0.0000000 0.2562197 0.2633794 0.5542877 0.5753571 0.5596650 0.5850744 0.5973077 
taxon13    0.3011585 0.2871751 0.3061235 0.2872183 0.3716309 0.3472392 0.1886653 0.2282604 0.2096600 0.3098875 0.3195234 0.3105064 0.2562197 0.0000000 0.1314712 0.4660461 0.4804003 0.4853556 0.4725158 0.4830675 
taxon14    0.3319353 0.2940852 0.3230301 0.2999405 0.3887560 0.3586362 0.2206318 0.2611143 0.2384579 0.2997266 0.2975483 0.2947644 0.2633794 0.1314712 0.0000000 0.4864961 0.4763819 0.5007728 0.4888291 0.4994791 
taxon15    0.5164405 0.5429108 0.5484173 0.5243546 0.6149069 0.5985343 0.4676147 0.5231886 0.4925076 0.5470568 0.6056128 0.6071393 0.5542877 0.4660461 0.4864961 0.0000000 0.1332789 0.3113993 0.3163101 0.3084619 
taxon16    0.5309967 0.5539416 0.5649407 0.5450667 0.6483334 0.6236500 0.5057892 0.5569124 0.5118060 0.5710926 0.6383010 0.6396842 0.5753571 0.4804003 0.4763819 0.1332789 0.0000000 0.3033063 0.3236933 0.3159016 
taxon17    0.4791222 0.5061331 0.5261169 0.5030355 0.5572436 0.5444069 0.4872763 0.5590609 0.5123859 0.5531325 0.5342442 0.5324835 0.5596650 0.4853556 0.5007728 0.3113993 0.3033063 0.0000000 0.1529694 0.1468216 
taxon18    0.4505620 0.4757864 0.5073303 0.4684360 0.5272982 0.5152161 0.4824425 0.5423794 0.5136949 0.5592348 0.5417427 0.5433961 0.5850744 0.4725158 0.4888291 0.3163101 0.3236933 0.1529694 0.0000000 0.0050076 
taxon19    0.4609886 0.4866255 0.5185107 0.4791244 0.5386156 0.5264385 0.4931427 0.5538516 0.5247898 0.5711309 0.5532991 0.5549149 0.5973077 0.4830675 0.4994791 0.3084619 0.3159016 0.1468216 0.0050076 0.0000000 
