20
taxon0     0.0000000 0.0193983 0.0292534 0.0242762 0.0451614 0.0348209 0.0455030 0.0451289 0.0446581 0.0341379 0.0494778 0.0347951 0.0394119 0.0344354 0.0344162 0.0345342 0.3533344 0.3681854 0.3171775 0.3331745 
taxon1     0.0193983 0.0000000 0.0096984 0.0145526 0.0351042 0.0248564 0.0251660 0.0249429 0.0246892 0.0145510 0.0295222 0.0148430 0.0195982 0.0146777 0.0245205 0.0246047 0.3257313 0.3403358 0.2905438 0.3061671 
taxon2     0.0292534 0.0096984 0.0000000 0.0048138 0.0352098 0.0298064 0.0301718 0.0299098 0.0347409 0.0243815 0.0395767 0.0248616 0.0196463 0.0245944 0.0345139 0.0346325 0.3239289 0.3553106 0.3047426 0.3206043 
taxon3     0.0242762 0.0145526 0.0048138 0.0000000 0.0402494 0.0347836 0.0352038 0.0349040 0.0397123 0.0292685 0.0445409 0.0298384 0.0245665 0.0295239 0.0394590 0.0395944 0.3303966 0.3619127 0.3110930 0.3270318 
taxon4     0.0451614 0.0351042 0.0352098 0.0402494 0.0000000 0.0147390 0.0351337 0.0247605 0.0403503 0.0354327 0.0351639 0.0460541 0.0403820 0.0401776 0.0448929 0.0450483 0.3529257 0.3770274 0.3248737 0.3412309 
taxon5     0.0348209 0.0248564 0.0298064 0.0347836 0.0147390 0.0000000 0.0197337 0.0097307 0.0301578 0.0298428 0.0344934 0.0350423 0.0398117 0.0347858 0.0394889 0.0396245 0.3376415 0.3613789 0.3101091 0.3261934 
taxon6     0.0455030 0.0251660 0.0301718 0.0352038 0.0351337 0.0197337 0.0000000 0.0198019 0.0296808 0.0404640 0.0450966 0.0354682 0.0402863 0.0352062 0.0399564 0.0400951 0.3334952 0.3570114 0.3062519 0.3221750 
taxon7     0.0451289 0.0249429 0.0299098 0.0349040 0.0247605 0.0097307 0.0198019 0.0000000 0.0302635 0.0299465 0.0346119 0.0351644 0.0399494 0.0349063 0.0396245 0.0295103 0.3389757 0.3455380 0.3113211 0.3274740 
taxon8     0.0446581 0.0246892 0.0347409 0.0397123 0.0403503 0.0301578 0.0296808 0.0302635 0.0000000 0.0250127 0.0252415 0.0348961 0.0399852 0.0349418 0.0349475 0.0350690 0.3140350 0.3283951 0.2795971 0.2949123 
taxon9     0.0341379 0.0145510 0.0243815 0.0292685 0.0354327 0.0298428 0.0404640 0.0299465 0.0250127 0.0000000 0.0146526 0.0298350 0.0344904 0.0295205 0.0394546 0.0395900 0.3321564 0.3467935 0.2967989 0.3124848 
taxon10    0.0494778 0.0295222 0.0395767 0.0445409 0.0351639 0.0344934 0.0450966 0.0346119 0.0252415 0.0146526 0.0000000 0.0401739 0.0394817 0.0344960 0.0345016 0.0346202 0.3494802 0.3643996 0.3132106 0.3292646 
taxon11    0.0347951 0.0148430 0.0248616 0.0298384 0.0460541 0.0350423 0.0354682 0.0351644 0.0348961 0.0298350 0.0401739 0.0000000 0.0098943 0.0049417 0.0248866 0.0249732 0.3425232 0.3419409 0.3064730 0.3224430 
taxon12    0.0394119 0.0195982 0.0196463 0.0245665 0.0403820 0.0398117 0.0402863 0.0399494 0.0399852 0.0344904 0.0394817 0.0098943 0.0000000 0.0048476 0.0244405 0.0245242 0.3498666 0.3492671 0.3135427 0.3296195 
taxon13    0.0344354 0.0146777 0.0245944 0.0295239 0.0401776 0.0347858 0.0352062 0.0349063 0.0349418 0.0295205 0.0344960 0.0049417 0.0048476 0.0000000 0.0195244 0.0195913 0.3428682 0.3422849 0.3067926 0.3227735 
taxon14    0.0344162 0.0245205 0.0345139 0.0394590 0.0448929 0.0394889 0.0399564 0.0396245 0.0349475 0.0394546 0.0345016 0.0248866 0.0244405 0.0195244 0.0000000 0.0097688 0.3417711 0.3411921 0.3058446 0.3217624 
taxon15    0.0345342 0.0246047 0.0346325 0.0395944 0.0450483 0.0396245 0.0400951 0.0295103 0.0350690 0.0395900 0.0346202 0.0249732 0.0245242 0.0195913 0.0097688 0.0000000 0.3579380 0.3402594 0.3212592 0.3374776 
taxon16    0.3533344 0.3257313 0.3239289 0.3303966 0.3529257 0.3376415 0.3334952 0.3389757 0.3140350 0.3321564 0.3494802 0.3425232 0.3498666 0.3428682 0.3417711 0.3579380 0.0000000 0.0290652 0.0245008 0.0292563 
taxon17    0.3681854 0.3403358 0.3553106 0.3619127 0.3770274 0.3613789 0.3570114 0.3455380 0.3283951 0.3467935 0.3643996 0.3419409 0.3492671 0.3422849 0.3411921 0.3402594 0.0290652 0.0000000 0.0447985 0.0395513 
taxon18    0.3171775 0.2905438 0.3047426 0.3110930 0.3248737 0.3101091 0.3062519 0.3113211 0.2795971 0.2967989 0.3132106 0.3064730 0.3135427 0.3067926 0.3058446 0.3212592 0.0245008 0.0447985 0.0000000 0.0143652 
taxon19    0.3331745 0.3061671 0.3206043 0.3270318 0.3412309 0.3261934 0.3221750 0.3274740 0.2949123 0.3124848 0.3292646 0.3224430 0.3296195 0.3227735 0.3217624 0.3374776 0.0292563 0.0395513 0.0143652 0.0000000 
