20
taxon0     0.0000000 0.1112990 0.2493429 0.2392854 0.3419690 0.3039865 0.3677436 0.4059117 0.3846297 0.3263015 0.3424134 0.3194150 0.2932716 0.4223628 0.4361147 0.4349376 0.4763547 0.4846350 0.4576834 0.4545290 
taxon1     0.1112990 0.0000000 0.1946936 0.1833575 0.2694102 0.2626481 0.3004112 0.3191102 0.3044999 0.2467353 0.2807538 0.2716889 0.2509991 0.3903927 0.3999374 0.3986426 0.4299516 0.4486858 0.4189134 0.4071759 
taxon2     0.2493429 0.1946936 0.0000000 0.0743591 0.3289424 0.3179393 0.3795533 0.4156874 0.3969938 0.3071190 0.3531764 0.3339757 0.3340263 0.4104593 0.4492290 0.4364642 0.4478341 0.4186339 0.4394346 0.4392395 
taxon3     0.2392854 0.1833575 0.0743591 0.0000000 0.2556588 0.2513424 0.3223755 0.3669847 0.3433107 0.2495738 0.2826403 0.2818281 0.2962510 0.4049518 0.4127879 0.4100339 0.4342949 0.4053829 0.4389322 0.4386513 
taxon4     0.3419690 0.2694102 0.3289424 0.2556588 0.0000000 0.0388380 0.1688686 0.1999890 0.2032208 0.1482804 0.1572531 0.1819869 0.1746990 0.4384280 0.4308721 0.4383952 0.4320709 0.4415029 0.4302022 0.4290725 
taxon5     0.3039865 0.2626481 0.3179393 0.2513424 0.0388380 0.0000000 0.1516489 0.2072275 0.1904155 0.1500141 0.1406185 0.1781476 0.1653276 0.4364450 0.4222109 0.4296413 0.4465247 0.4323156 0.4480906 0.4373054 
taxon6     0.3677436 0.3004112 0.3795533 0.3223755 0.1688686 0.1516489 0.0000000 0.1561721 0.1420390 0.2170638 0.1981017 0.2428932 0.2356916 0.5095719 0.4903362 0.5019902 0.5185069 0.5152565 0.5113607 0.5063545 
taxon7     0.4059117 0.3191102 0.4156874 0.3669847 0.1999890 0.2072275 0.1561721 0.0000000 0.0843005 0.2229934 0.2571595 0.2393850 0.2424683 0.4598628 0.4533702 0.4536015 0.4694711 0.5016690 0.4899982 0.4955396 
taxon8     0.3846297 0.3044999 0.3969938 0.3433107 0.2032208 0.1904155 0.1420390 0.0843005 0.0000000 0.2295567 0.2371767 0.2404078 0.2377854 0.4948295 0.4644381 0.4823667 0.4705648 0.4944693 0.5045256 0.4903223 
taxon9     0.3263015 0.2467353 0.3071190 0.2495738 0.1482804 0.1500141 0.2170638 0.2229934 0.2295567 0.0000000 0.1005811 0.1438583 0.1352834 0.4272839 0.4478458 0.4487469 0.4140473 0.4254591 0.4627636 0.4719237 
taxon10    0.3424134 0.2807538 0.3531764 0.2826403 0.1572531 0.1406185 0.1981017 0.2571595 0.2371767 0.1005811 0.0000000 0.1526352 0.1349762 0.4678882 0.4617499 0.4683143 0.4708726 0.4694289 0.4793806 0.4745534 
taxon11    0.3194150 0.2716889 0.3339757 0.2818281 0.1819869 0.1781476 0.2428932 0.2393850 0.2404078 0.1438583 0.1526352 0.0000000 0.0921462 0.4351361 0.4562704 0.4593132 0.4542968 0.4808627 0.4618953 0.4714485 
taxon12    0.2932716 0.2509991 0.3340263 0.2962510 0.1746990 0.1653276 0.2356916 0.2424683 0.2377854 0.1352834 0.1349762 0.0921462 0.0000000 0.4566159 0.4761487 0.4766427 0.4645235 0.4899711 0.4819908 0.4617401 
taxon13    0.4223628 0.3903927 0.4104593 0.4049518 0.4384280 0.4364450 0.5095719 0.4598628 0.4948295 0.4272839 0.4678882 0.4351361 0.4566159 0.0000000 0.1095653 0.0709808 0.1565947 0.1822127 0.1700113 0.1720201 
taxon14    0.4361147 0.3999374 0.4492290 0.4127879 0.4308721 0.4222109 0.4903362 0.4533702 0.4644381 0.4478458 0.4617499 0.4562704 0.4761487 0.1095653 0.0000000 0.0562394 0.2155018 0.2104739 0.1828383 0.1753794 
taxon15    0.4349376 0.3986426 0.4364642 0.4100339 0.4383952 0.4296413 0.5019902 0.4536015 0.4823667 0.4487469 0.4683143 0.4593132 0.4766427 0.0709808 0.0562394 0.0000000 0.1833072 0.1656290 0.1716485 0.1685200 
taxon16    0.4763547 0.4299516 0.4478341 0.4342949 0.4320709 0.4465247 0.5185069 0.4694711 0.4705648 0.4140473 0.4708726 0.4542968 0.4645235 0.1565947 0.2155018 0.1833072 0.0000000 0.1090864 0.1659514 0.1618172 
taxon17    0.4846350 0.4486858 0.4186339 0.4053829 0.4415029 0.4323156 0.5152565 0.5016690 0.4944693 0.4254591 0.4694289 0.4808627 0.4899711 0.1822127 0.2104739 0.1656290 0.1090864 0.0000000 0.1523347 0.1621245 
taxon18    0.4576834 0.4189134 0.4394346 0.4389322 0.4302022 0.4480906 0.5113607 0.4899982 0.5045256 0.4627636 0.4793806 0.4618953 0.4819908 0.1700113 0.1828383 0.1716485 0.1659514 0.1523347 0.0000000 0.0835626 
taxon19    0.4545290 0.4071759 0.4392395 0.4386513 0.4290725 0.4373054 0.5063545 0.4955396 0.4903223 0.4719237 0.4745534 0.4714485 0.4617401 0.1720201 0.1753794 0.1685200 0.1618172 0.1621245 0.0835626 0.0000000 
