20
taxon0     0.0000000 0.2681982 0.3493641 0.3505322 0.3271236 0.3412715 0.4653051 0.4358589 0.5227664 0.4142979 0.4921615 0.4967930 0.4786376 0.5080966 0.5108350 0.5898402 0.5452408 0.6069439 0.5303576 0.5643820 
taxon1     0.2681982 0.0000000 0.2335210 0.2632598 0.2241746 0.3717185 0.4976770 0.4480456 0.5183722 0.4488169 0.4833929 0.4984683 0.4969541 0.5159172 0.5106355 0.5470958 0.5038622 0.5700628 0.5100058 0.4976735 
taxon2     0.3493641 0.2335210 0.0000000 0.2621099 0.2583468 0.4330015 0.4929305 0.4639743 0.5197226 0.4733791 0.5743998 0.5698643 0.5223987 0.5264499 0.5330813 0.5521064 0.5466125 0.6062173 0.5383414 0.5455186 
taxon3     0.3505322 0.2632598 0.2621099 0.0000000 0.2175045 0.4862450 0.5600310 0.5205660 0.5636443 0.5302798 0.5907007 0.5849842 0.5743541 0.5806708 0.5720656 0.5858466 0.5209208 0.6004302 0.5833548 0.5851876 
taxon4     0.3271236 0.2241746 0.2583468 0.2175045 0.0000000 0.4056672 0.4907235 0.4641006 0.5150154 0.4593869 0.5102826 0.5353503 0.5164231 0.5467230 0.5298401 0.5582669 0.4956531 0.5704503 0.5178390 0.5488435 
taxon5     0.3412715 0.3717185 0.4330015 0.4862450 0.4056672 0.0000000 0.4018873 0.3569001 0.4500799 0.4128225 0.4411987 0.4971971 0.4461514 0.4862122 0.4984081 0.5554766 0.4943132 0.5506968 0.5145679 0.5146446 
taxon6     0.4653051 0.4976770 0.4929305 0.5600310 0.4907235 0.4018873 0.0000000 0.2038735 0.2647146 0.3293124 0.3310861 0.3649350 0.5550546 0.6138724 0.6054179 0.6630709 0.6367218 0.6935006 0.5994144 0.5945765 
taxon7     0.4358589 0.4480456 0.4639743 0.5205660 0.4641006 0.3569001 0.2038735 0.0000000 0.1508330 0.3415924 0.3263485 0.3846940 0.5290458 0.5654899 0.6035866 0.6230735 0.6165055 0.6814491 0.6293068 0.6491308 
taxon8     0.5227664 0.5183722 0.5197226 0.5636443 0.5150154 0.4500799 0.2647146 0.1508330 0.0000000 0.3613667 0.3496523 0.4349377 0.5877028 0.5958428 0.6545712 0.7193344 0.6974769 0.7619611 0.6973357 0.7221399 
taxon9     0.4142979 0.4488169 0.4733791 0.5302798 0.4593869 0.4128225 0.3293124 0.3415924 0.3613667 0.0000000 0.2458133 0.2655717 0.5218319 0.5985253 0.5822464 0.6158621 0.6087857 0.6929749 0.6021582 0.6348754 
taxon10    0.4921615 0.4833929 0.5743998 0.5907007 0.5102826 0.4411987 0.3310861 0.3263485 0.3496523 0.2458133 0.0000000 0.1749649 0.5438309 0.5591092 0.5689850 0.6487462 0.6714979 0.7314412 0.6317485 0.6581411 
taxon11    0.4967930 0.4984683 0.5698643 0.5849842 0.5353503 0.4971971 0.3649350 0.3846940 0.4349377 0.2655717 0.1749649 0.0000000 0.5914311 0.6378785 0.6267337 0.6868636 0.6691735 0.7606651 0.6704865 0.6646974 
taxon12    0.4786376 0.4969541 0.5223987 0.5743541 0.5164231 0.4461514 0.5550546 0.5290458 0.5877028 0.5218319 0.5438309 0.5914311 0.0000000 0.2039181 0.2478751 0.3986685 0.3996380 0.4476427 0.3821092 0.3682435 
taxon13    0.5080966 0.5159172 0.5264499 0.5806708 0.5467230 0.4862122 0.6138724 0.5654899 0.5958428 0.5985253 0.5591092 0.6378785 0.2039181 0.0000000 0.1726511 0.4199312 0.4050296 0.4491065 0.4269183 0.4206551 
taxon14    0.5108350 0.5106355 0.5330813 0.5720656 0.5298401 0.4984081 0.6054179 0.6035866 0.6545712 0.5822464 0.5689850 0.6267337 0.2478751 0.1726511 0.0000000 0.4434084 0.4557495 0.4937530 0.4182925 0.4294165 
taxon15    0.5898402 0.5470958 0.5521064 0.5858466 0.5582669 0.5554766 0.6630709 0.6230735 0.7193344 0.6158621 0.6487462 0.6868636 0.3986685 0.4199312 0.4434084 0.0000000 0.1603778 0.2017083 0.2987474 0.3369365 
taxon16    0.5452408 0.5038622 0.5466125 0.5209208 0.4956531 0.4943132 0.6367218 0.6165055 0.6974769 0.6087857 0.6714979 0.6691735 0.3996380 0.4050296 0.4557495 0.1603778 0.0000000 0.1038166 0.2958012 0.3235055 
taxon17    0.6069439 0.5700628 0.6062173 0.6004302 0.5704503 0.5506968 0.6935006 0.6814491 0.7619611 0.6929749 0.7314412 0.7606651 0.4476427 0.4491065 0.4937530 0.2017083 0.1038166 0.0000000 0.3406382 0.3805553 
taxon18    0.5303576 0.5100058 0.5383414 0.5833548 0.5178390 0.5145679 0.5994144 0.6293068 0.6973357 0.6021582 0.6317485 0.6704865 0.3821092 0.4269183 0.4182925 0.2987474 0.2958012 0.3406382 0.0000000 0.2268234 
taxon19    0.5643820 0.4976735 0.5455186 0.5851876 0.5488435 0.5146446 0.5945765 0.6491308 0.7221399 0.6348754 0.6581411 0.6646974 0.3682435 0.4206551 0.4294165 0.3369365 0.3235055 0.3805553 0.2268234 0.0000000 
