20
taxon0     0.0000000 0.0526279 0.0712001 0.0739738 0.0635260 0.0735205 0.0795668 0.2820174 0.2611816 0.2228116 0.2283420 0.2247994 0.2249426 0.2418956 0.2261054 0.2379421 0.2754103 0.2678795 0.2604814 0.2783027 
taxon1     0.0526279 0.0000000 0.0855530 0.0848729 0.0912246 0.0682137 0.0854456 0.3021012 0.2810063 0.2362340 0.2422846 0.2515078 0.2513150 0.2544014 0.2531208 0.2443583 0.2810884 0.2830233 0.2682676 0.2863203 
taxon2     0.0712001 0.0855530 0.0000000 0.0377761 0.0421310 0.0682080 0.0690113 0.2484743 0.2558173 0.2245051 0.2435293 0.2456479 0.2445482 0.2434924 0.2391212 0.2400505 0.2595824 0.2808699 0.2556508 0.2709045 
taxon3     0.0739738 0.0848729 0.0377761 0.0000000 0.0522536 0.0676528 0.0735844 0.2714185 0.2716736 0.2538062 0.2733240 0.2579143 0.2580761 0.2732989 0.2368210 0.2608229 0.2785514 0.2923597 0.2848576 0.3007082 
taxon4     0.0635260 0.0912246 0.0421310 0.0522536 0.0000000 0.0735745 0.0738457 0.2664203 0.2666747 0.2419543 0.2545756 0.2349913 0.2357887 0.2538872 0.2375647 0.2429261 0.2720485 0.2794082 0.2639843 0.2794674 
taxon5     0.0735205 0.0682137 0.0682080 0.0676528 0.0735745 0.0000000 0.0203743 0.2687050 0.2779388 0.2336979 0.2259970 0.2473840 0.2403776 0.2362427 0.2277540 0.2458222 0.2551504 0.2563477 0.2431233 0.2602937 
taxon6     0.0795668 0.0854456 0.0690113 0.0735844 0.0738457 0.0203743 0.0000000 0.2623164 0.2883353 0.2341457 0.2396281 0.2565615 0.2701443 0.2301484 0.2362501 0.2549391 0.2420882 0.2787810 0.2472692 0.2643982 
taxon7     0.2820174 0.3021012 0.2484743 0.2714185 0.2664203 0.2687050 0.2623164 0.0000000 0.0408299 0.0848358 0.1069881 0.1176506 0.1121082 0.1009834 0.1060941 0.1109037 0.1053154 0.1428707 0.1118550 0.1231495 
taxon8     0.2611816 0.2810063 0.2558173 0.2716736 0.2666747 0.2779388 0.2883353 0.0408299 0.0000000 0.0854947 0.1023878 0.1066343 0.1011273 0.1028122 0.1012930 0.1061493 0.1238185 0.1494491 0.1307093 0.1423456 
taxon9     0.2228116 0.2362340 0.2245051 0.2538062 0.2419543 0.2336979 0.2341457 0.0848358 0.0854947 0.0000000 0.0364698 0.0740511 0.0793503 0.0791438 0.0848881 0.0906655 0.1129048 0.1300347 0.0951701 0.1078582 
taxon10    0.2283420 0.2422846 0.2435293 0.2733240 0.2545756 0.2259970 0.2396281 0.1069881 0.1023878 0.0364698 0.0000000 0.0791378 0.0735896 0.0733944 0.0846233 0.0950343 0.1125540 0.1258613 0.0907949 0.1035179 
taxon11    0.2247994 0.2515078 0.2456479 0.2579143 0.2349913 0.2473840 0.2565615 0.1176506 0.1066343 0.0740511 0.0791378 0.0000000 0.0148929 0.0894053 0.0881833 0.0772243 0.1053239 0.1169040 0.1056423 0.1069033 
taxon12    0.2249426 0.2513150 0.2445482 0.2580761 0.2357887 0.2403776 0.2701443 0.1121082 0.1011273 0.0793503 0.0735896 0.0148929 0.0000000 0.0786940 0.0882334 0.0930409 0.1160913 0.1167351 0.1056057 0.1068659 
taxon13    0.2418956 0.2544014 0.2434924 0.2732989 0.2538872 0.2362427 0.2301484 0.1009834 0.1028122 0.0791438 0.0733944 0.0894053 0.0786940 0.0000000 0.0624283 0.0888209 0.0837214 0.1020028 0.0786779 0.0859628 
taxon14    0.2261054 0.2531208 0.2391212 0.2368210 0.2375647 0.2277540 0.2362501 0.1060941 0.1012930 0.0848881 0.0846233 0.0881833 0.0882334 0.0624283 0.0000000 0.0672512 0.0737893 0.0846538 0.0734742 0.0904973 
taxon15    0.2379421 0.2443583 0.2400505 0.2608229 0.2429261 0.2458222 0.2549391 0.1109037 0.1061493 0.0906655 0.0950343 0.0772243 0.0930409 0.0888209 0.0672512 0.0000000 0.0675614 0.0787725 0.0627820 0.0733980 
taxon16    0.2754103 0.2810884 0.2595824 0.2785514 0.2720485 0.2551504 0.2420882 0.1053154 0.1238185 0.1129048 0.1125540 0.1053239 0.1160913 0.0837214 0.0737893 0.0675614 0.0000000 0.0744754 0.0513830 0.0628152 
taxon17    0.2678795 0.2830233 0.2808699 0.2923597 0.2794082 0.2563477 0.2787810 0.1428707 0.1494491 0.1300347 0.1258613 0.1169040 0.1167351 0.1020028 0.0846538 0.0787725 0.0744754 0.0000000 0.0358841 0.0470283 
taxon18    0.2604814 0.2682676 0.2556508 0.2848576 0.2639843 0.2431233 0.2472692 0.1118550 0.1307093 0.0951701 0.0907949 0.1056423 0.1056057 0.0786779 0.0734742 0.0627820 0.0513830 0.0358841 0.0000000 0.0150917 
taxon19    0.2783027 0.2863203 0.2709045 0.3007082 0.2794674 0.2602937 0.2643982 0.1231495 0.1423456 0.1078582 0.1035179 0.1069033 0.1068659 0.0859628 0.0904973 0.0733980 0.0628152 0.0470283 0.0150917 0.0000000 
