20
taxon0     0.0000000 0.2451540 0.2734478 0.3852804 0.4346894 0.4310416 0.6746349 0.8113331 0.8870103 0.9414327 0.9904353 0.7119087 0.7254260 0.7610005 0.7571123 0.9426645 0.9710591 0.8261853 0.9563984 1.0761266 
taxon1     0.2451540 0.0000000 0.1344092 0.5453143 0.6465698 0.6385387 0.7780606 0.8688073 0.9087383 0.9861000 0.9970134 0.7652431 0.7680234 0.7941251 0.8978638 1.0324780 1.0676192 0.9741654 1.0926798 1.2616401 
taxon2     0.2734478 0.1344092 0.0000000 0.5479012 0.6279051 0.6358127 0.8316664 0.8827350 0.9940766 1.0850167 1.1522779 0.8294901 0.8359467 0.9160080 0.9573133 1.0893590 1.1509193 1.0573446 1.1451099 1.3337978 
taxon3     0.3852804 0.5453143 0.5479012 0.0000000 0.2691346 0.2670161 0.7343889 0.8822387 0.8914095 1.0383802 1.0981924 0.7689335 0.7927183 0.8277690 0.8325789 0.9558800 1.0528614 0.9573462 1.0782494 1.2386916 
taxon4     0.4346894 0.6465698 0.6279051 0.2691346 0.0000000 0.1754840 0.8256938 0.8757932 0.9169059 1.0368392 1.0740511 0.8314085 0.8319978 0.9292829 0.7923048 1.0244161 1.1116666 0.9571272 1.1453552 1.2239719 
taxon5     0.4310416 0.6385387 0.6358127 0.2670161 0.1754840 0.0000000 0.7690208 0.8624323 0.9204033 1.0082667 1.0666519 0.8457289 0.8407322 0.8842240 0.7757626 0.9548217 1.0508098 0.9702234 1.1062412 1.2592595 
taxon6     0.6746349 0.7780606 0.8316664 0.7343889 0.8256938 0.7690208 0.0000000 0.3420500 0.4306681 0.4622292 0.5614054 0.4618617 0.4799085 0.5625420 0.4780050 0.7143453 0.7454214 0.5923970 0.7265601 0.8622626 
taxon7     0.8113331 0.8688073 0.8827350 0.8822387 0.8757932 0.8624323 0.3420500 0.0000000 0.3449736 0.3987817 0.4493402 0.5218093 0.4934091 0.6176821 0.4864606 0.7320765 0.7334820 0.6313147 0.7969133 0.8774327 
taxon8     0.8870103 0.9087383 0.9940766 0.8914095 0.9169059 0.9204033 0.4306681 0.3449736 0.0000000 0.2223408 0.2480596 0.6294000 0.5932611 0.6388334 0.5857547 0.7767014 0.8723876 0.7173264 0.8625400 0.9129008 
taxon9     0.9414327 0.9861000 1.0850167 1.0383802 1.0368392 1.0082667 0.4622292 0.3987817 0.2223408 0.0000000 0.1879954 0.6420786 0.6195597 0.6913855 0.6579648 0.8028654 0.8624502 0.7527332 0.9111867 0.9744842 
taxon10    0.9904353 0.9970134 1.1522779 1.0981924 1.0740511 1.0666519 0.5614054 0.4493402 0.2480596 0.1879954 0.0000000 0.6864188 0.6547663 0.7008442 0.6855770 0.8630782 0.9226533 0.7756253 0.9338941 1.0607869 
taxon11    0.7119087 0.7652431 0.8294901 0.7689335 0.8314085 0.8457289 0.4618617 0.5218093 0.6294000 0.6420786 0.6864188 0.0000000 0.0521116 0.3534277 0.2951240 0.4250925 0.5013083 0.3537189 0.4469488 0.5488967 
taxon12    0.7254260 0.7680234 0.8359467 0.7927183 0.8319978 0.8407322 0.4799085 0.4934091 0.5932611 0.6195597 0.6547663 0.0521116 0.0000000 0.3284820 0.2937263 0.4394881 0.5131796 0.3700023 0.4760956 0.5578054 
taxon13    0.7610005 0.7941251 0.9160080 0.8277690 0.9292829 0.8842240 0.5625420 0.6176821 0.6388334 0.6913855 0.7008442 0.3534277 0.3284820 0.0000000 0.1350005 0.3781859 0.4323275 0.3492179 0.4743833 0.5352994 
taxon14    0.7571123 0.8978638 0.9573133 0.8325789 0.7923048 0.7757626 0.4780050 0.4864606 0.5857547 0.6579648 0.6855770 0.2951240 0.2937263 0.1350005 0.0000000 0.3600967 0.3957762 0.2952585 0.4394562 0.4947281 
taxon15    0.9426645 1.0324780 1.0893590 0.9558800 1.0244161 0.9548217 0.7143453 0.7320765 0.7767014 0.8028654 0.8630782 0.4250925 0.4394881 0.3781859 0.3600967 0.0000000 0.2638998 0.3786384 0.4893740 0.6011501 
taxon16    0.9710591 1.0676192 1.1509193 1.0528614 1.1116666 1.0508098 0.7454214 0.7334820 0.8723876 0.8624502 0.9226533 0.5013083 0.5131796 0.4323275 0.3957762 0.2638998 0.0000000 0.3487346 0.4859556 0.5577874 
taxon17    0.8261853 0.9741654 1.0573446 0.9573462 0.9571272 0.9702234 0.5923970 0.6313147 0.7173264 0.7527332 0.7756253 0.3537189 0.3700023 0.3492179 0.2952585 0.3786384 0.3487346 0.0000000 0.1921137 0.2527545 
taxon18    0.9563984 1.0926798 1.1451099 1.0782494 1.1453552 1.1062412 0.7265601 0.7969133 0.8625400 0.9111867 0.9338941 0.4469488 0.4760956 0.4743833 0.4394562 0.4893740 0.4859556 0.1921137 0.0000000 0.1496871 
taxon19    1.0761266 1.2616401 1.3337978 1.2386916 1.2239719 1.2592595 0.8622626 0.8774327 0.9129008 0.9744842 1.0607869 0.5488967 0.5578054 0.5352994 0.4947281 0.6011501 0.5577874 0.2527545 0.1496871 0.0000000 
