20
taxon0     0.0000000 0.0738417 0.0906471 0.0846145 0.0905355 0.1036366 0.1014493 0.1310160 0.1025911 0.1129701 0.1357607 0.1018209 0.1010565 0.1114719 0.1114865 0.1372869 0.1369157 0.1169346 0.1270135 0.1300693 
taxon1     0.0738417 0.0000000 0.0528017 0.0631755 0.0632252 0.0856515 0.0848071 0.1368456 0.1271335 0.1386846 0.1545547 0.1195107 0.1256725 0.1284606 0.1282815 0.1481697 0.1477712 0.1284219 0.1401254 0.1323319 
taxon2     0.0906471 0.0528017 0.0000000 0.0405112 0.0405418 0.0676662 0.0612168 0.1687653 0.1523741 0.1449582 0.1597064 0.1495656 0.1426045 0.1492847 0.1490737 0.1630443 0.1628805 0.1485475 0.1605879 0.1406854 
taxon3     0.0846145 0.0631755 0.0405112 0.0000000 0.0099341 0.0306456 0.0299963 0.1573333 0.1453267 0.1548811 0.1714188 0.1429993 0.1361347 0.1427133 0.1323539 0.1623615 0.1621986 0.1363772 0.1424946 0.1502632 
taxon4     0.0905355 0.0632252 0.0405418 0.0099341 0.0000000 0.0254811 0.0199769 0.1632606 0.1453997 0.1549582 0.1715037 0.1381579 0.1312999 0.1378662 0.1320452 0.1740792 0.1739102 0.1480944 0.1542770 0.1503883 
taxon5     0.1036366 0.0856515 0.0676662 0.0306456 0.0254811 0.0000000 0.0253458 0.1608737 0.1681734 0.1778638 0.1886582 0.1508128 0.1629562 0.1643941 0.1581804 0.1779282 0.1777544 0.1684894 0.1818821 0.1829620 
taxon6     0.1014493 0.0848071 0.0612168 0.0299963 0.0199769 0.0253458 0.0000000 0.1583702 0.1531993 0.1626645 0.1734171 0.1430485 0.1486047 0.1447415 0.1443226 0.1769008 0.1767287 0.1555273 0.1686439 0.1644309 
taxon7     0.1310160 0.1368456 0.1687653 0.1573333 0.1632606 0.1608737 0.1583702 0.0000000 0.0990854 0.1158959 0.1099922 0.1241704 0.1246512 0.1465683 0.1412928 0.1438471 0.1434586 0.1507445 0.1500821 0.1622075 
taxon8     0.1025911 0.1271335 0.1523741 0.1453267 0.1453997 0.1681734 0.1531993 0.0990854 0.0000000 0.0478905 0.0626672 0.1161571 0.1113421 0.1121579 0.1125060 0.1547793 0.1543622 0.1351443 0.1418925 0.1335547 
taxon9     0.1129701 0.1386846 0.1449582 0.1548811 0.1549582 0.1778638 0.1626645 0.1158959 0.0478905 0.0000000 0.0518397 0.1280562 0.1201190 0.1294618 0.1298688 0.1608237 0.1616755 0.1411138 0.1479254 0.1455192 
taxon10    0.1357607 0.1545547 0.1597064 0.1714188 0.1715037 0.1886582 0.1734171 0.1099922 0.0626672 0.0518397 0.0000000 0.1569943 0.1441100 0.1581232 0.1529231 0.1608722 0.1604398 0.1646493 0.1728998 0.1689674 
taxon11    0.1018209 0.1195107 0.1495656 0.1429993 0.1381579 0.1508128 0.1430485 0.1241704 0.1161571 0.1280562 0.1569943 0.0000000 0.0352942 0.0780245 0.0830746 0.1412422 0.1418411 0.0997160 0.0942901 0.0945661 
taxon12    0.1010565 0.1256725 0.1426045 0.1361347 0.1312999 0.1629562 0.1486047 0.1246512 0.1113421 0.1201190 0.1441100 0.0352942 0.0000000 0.0780624 0.0779522 0.1410668 0.1470809 0.1004360 0.0841432 0.0899567 
taxon13    0.1114719 0.1284606 0.1492847 0.1427133 0.1378662 0.1643941 0.1447415 0.1465683 0.1121579 0.1294618 0.1581232 0.0780245 0.0780624 0.0000000 0.0299296 0.1221879 0.1220092 0.0946669 0.0940942 0.0884503 
taxon14    0.1114865 0.1282815 0.1490737 0.1323539 0.1320452 0.1581804 0.1443226 0.1412928 0.1125060 0.1298688 0.1529231 0.0830746 0.0779522 0.0299296 0.0000000 0.1232810 0.1230994 0.0899085 0.0834291 0.0883267 
taxon15    0.1372869 0.1481697 0.1630443 0.1623615 0.1740792 0.1779282 0.1769008 0.1438471 0.1547793 0.1608237 0.1608722 0.1412422 0.1410668 0.1221879 0.1232810 0.0000000 0.0048882 0.1163554 0.1265149 0.1053266 
taxon16    0.1369157 0.1477712 0.1628805 0.1621986 0.1739102 0.1777544 0.1767287 0.1434586 0.1543622 0.1616755 0.1604398 0.1418411 0.1470809 0.1220092 0.1230994 0.0048882 0.0000000 0.1158356 0.1259540 0.1048713 
taxon17    0.1169346 0.1284219 0.1485475 0.1363772 0.1480944 0.1684894 0.1555273 0.1507445 0.1351443 0.1411138 0.1646493 0.0997160 0.1004360 0.0946669 0.0899085 0.1163554 0.1158356 0.0000000 0.0303576 0.0670202 
taxon18    0.1270135 0.1401254 0.1605879 0.1424946 0.1542770 0.1818821 0.1686439 0.1500821 0.1418925 0.1479254 0.1728998 0.0942901 0.0841432 0.0940942 0.0834291 0.1265149 0.1259540 0.0303576 0.0000000 0.0672195 
taxon19    0.1300693 0.1323319 0.1406854 0.1502632 0.1503883 0.1829620 0.1644309 0.1622075 0.1335547 0.1455192 0.1689674 0.0945661 0.0899567 0.0884503 0.0883267 0.1053266 0.1048713 0.0670202 0.0672195 0.0000000 
