20
taxon0     0.0000000 0.1120638 0.2038406 0.2508380 0.2886297 0.2762078 0.2554547 0.2340315 0.3159112 0.3184317 0.3756977 0.3165772 0.4260191 0.4121040 0.4193896 0.5152986 0.5282090 0.5392520 0.6062429 0.4577939 
taxon1     0.1120638 0.0000000 0.1302642 0.1727077 0.2094727 0.1944205 0.2343249 0.2113970 0.2713693 0.2984651 0.3451367 0.2977663 0.4289698 0.4075580 0.4060519 0.4832075 0.4894606 0.5027449 0.5682722 0.4213031 
taxon2     0.2038406 0.1302642 0.0000000 0.1248479 0.1834844 0.1651792 0.3299548 0.3360759 0.3423198 0.3722102 0.4169062 0.3556996 0.5150262 0.4693375 0.4699270 0.5737541 0.5737104 0.6137485 0.6699088 0.5035804 
taxon3     0.2508380 0.1727077 0.1248479 0.0000000 0.1013141 0.0794299 0.3530755 0.3594672 0.3862332 0.4040916 0.4580552 0.4060078 0.5482537 0.5409519 0.5379516 0.5826913 0.5943738 0.6188152 0.6804192 0.5321809 
taxon4     0.2886297 0.2094727 0.1834844 0.1013141 0.0000000 0.0348967 0.3975504 0.4027998 0.4170618 0.4196383 0.4895292 0.4362247 0.5616449 0.5641474 0.5574443 0.6017975 0.5983728 0.6146760 0.6525634 0.5502090 
taxon5     0.2762078 0.1944205 0.1651792 0.0794299 0.0348967 0.0000000 0.3786943 0.3823917 0.3948531 0.4104058 0.4807459 0.4270747 0.5626067 0.5647325 0.5580224 0.6014935 0.5980552 0.6140423 0.6546740 0.5493873 
taxon6     0.2554547 0.2343249 0.3299548 0.3530755 0.3975504 0.3786943 0.0000000 0.1367852 0.2350635 0.2453125 0.2918838 0.2446132 0.4107828 0.4175839 0.4117170 0.4675957 0.4612172 0.5076059 0.5559131 0.4218282 
taxon7     0.2340315 0.2113970 0.3360759 0.3594672 0.4027998 0.3823917 0.1367852 0.0000000 0.2590473 0.2494065 0.2825777 0.2329331 0.4010188 0.4045026 0.3962154 0.4862779 0.4821659 0.5279395 0.5817837 0.4491349 
taxon8     0.3159112 0.2713693 0.3423198 0.3862332 0.4170618 0.3948531 0.2350635 0.2590473 0.0000000 0.0913821 0.2043927 0.1673508 0.3968862 0.4409734 0.4244381 0.3790942 0.3661947 0.4257584 0.4337238 0.3278487 
taxon9     0.3184317 0.2984651 0.3722102 0.4040916 0.4196383 0.4104058 0.2453125 0.2494065 0.0913821 0.0000000 0.1566718 0.1222373 0.3849776 0.4285096 0.4193282 0.3862838 0.3768684 0.4251054 0.4442894 0.3377879 
taxon10    0.3756977 0.3451367 0.4169062 0.4580552 0.4895292 0.4807459 0.2918838 0.2825777 0.2043927 0.1566718 0.0000000 0.0472100 0.4452739 0.4866434 0.4741834 0.5399663 0.5081808 0.5749807 0.6044175 0.4979951 
taxon11    0.3165772 0.2977663 0.3556996 0.4060078 0.4362247 0.4270747 0.2446132 0.2329331 0.1673508 0.1222373 0.0472100 0.0000000 0.3945762 0.4325646 0.4209203 0.5043687 0.4904997 0.5374919 0.5852150 0.4643033 
taxon12    0.4260191 0.4289698 0.5150262 0.5482537 0.5616449 0.5626067 0.4107828 0.4010188 0.3968862 0.3849776 0.4452739 0.3945762 0.0000000 0.0956700 0.0905989 0.3111091 0.3387043 0.3546029 0.3925558 0.2704481 
taxon13    0.4121040 0.4075580 0.4693375 0.5409519 0.5641474 0.5647325 0.4175839 0.4045026 0.4409734 0.4285096 0.4866434 0.4325646 0.0956700 0.0000000 0.0349023 0.3205604 0.3413456 0.3657491 0.4091501 0.2865884 
taxon14    0.4193896 0.4060519 0.4699270 0.5379516 0.5574443 0.5580224 0.4117170 0.3962154 0.4244381 0.4193282 0.4741834 0.4209203 0.0905989 0.0349023 0.0000000 0.3218179 0.3424070 0.3605268 0.4033048 0.2882074 
taxon15    0.5152986 0.4832075 0.5737541 0.5826913 0.6017975 0.6014935 0.4675957 0.4862779 0.3790942 0.3862838 0.5399663 0.5043687 0.3111091 0.3205604 0.3218179 0.0000000 0.0402292 0.0619383 0.0691774 0.0521109 
taxon16    0.5282090 0.4894606 0.5737104 0.5943738 0.5983728 0.5980552 0.4612172 0.4821659 0.3661947 0.3768684 0.5081808 0.4904997 0.3387043 0.3413456 0.3424070 0.0402292 0.0000000 0.0731889 0.0808481 0.0853089 
taxon17    0.5392520 0.5027449 0.6137485 0.6188152 0.6146760 0.6140423 0.5076059 0.5279395 0.4257584 0.4251054 0.5749807 0.5374919 0.3546029 0.3657491 0.3605268 0.0619383 0.0731889 0.0000000 0.0701318 0.1095157 
taxon18    0.6062429 0.5682722 0.6699088 0.6804192 0.6525634 0.6546740 0.5559131 0.5817837 0.4337238 0.4442894 0.6044175 0.5852150 0.3925558 0.4091501 0.4033048 0.0691774 0.0808481 0.0701318 0.0000000 0.1185933 
taxon19    0.4577939 0.4213031 0.5035804 0.5321809 0.5502090 0.5493873 0.4218282 0.4491349 0.3278487 0.3377879 0.4979951 0.4643033 0.2704481 0.2865884 0.2882074 0.0521109 0.0853089 0.1095157 0.1185933 0.0000000 
