20
taxon0     0.0000000 0.0097698 0.0097405 0.0195683 0.0296261 0.0345026 0.0445976 0.0497705 0.0294818 0.0393908 0.0443824 0.0448497 0.0450379 0.2400142 0.2403960 0.2348988 0.2348988 0.2538049 0.2619722 0.2607525 
taxon1     0.0097698 0.0000000 0.0196400 0.0295940 0.0398307 0.0447299 0.0549637 0.0602259 0.0396344 0.0496478 0.0546973 0.0552770 0.0555087 0.2544102 0.2548202 0.2492748 0.2492748 0.2684272 0.2767851 0.2755004 
taxon2     0.0097405 0.0196400 0.0000000 0.0295033 0.0397070 0.0445909 0.0547913 0.0600357 0.0395119 0.0494933 0.0545265 0.0551026 0.0553329 0.2533832 0.2537896 0.2482679 0.2482679 0.2673324 0.2756452 0.2743702 
taxon3     0.0195683 0.0295940 0.0295033 0.0000000 0.0197361 0.0246265 0.0346624 0.0397882 0.0196404 0.0196114 0.0245513 0.0348580 0.0350055 0.2279939 0.2283557 0.2228532 0.2228532 0.2288006 0.2555511 0.2543545 
taxon4     0.0296261 0.0398307 0.0397070 0.0197361 0.0000000 0.0147406 0.0449869 0.0502072 0.0297362 0.0397321 0.0447679 0.0349277 0.0350758 0.2285368 0.2289003 0.2155805 0.2155805 0.2343225 0.2561686 0.2549669 
taxon5     0.0345026 0.0447299 0.0445909 0.0246265 0.0147406 0.0000000 0.0498956 0.0449719 0.0346306 0.0446191 0.0496536 0.0398454 0.0400133 0.2339602 0.2277215 0.2288329 0.2288329 0.2477098 0.2616000 0.2475572 
taxon6     0.0445976 0.0549637 0.0547913 0.0346624 0.0449869 0.0498956 0.0000000 0.0348843 0.0147599 0.0246503 0.0296252 0.0299383 0.0300659 0.2476840 0.2618469 0.2562874 0.2562874 0.2626849 0.2744131 0.2744351 
taxon7     0.0497705 0.0602259 0.0600357 0.0397882 0.0502072 0.0449719 0.0348843 0.0000000 0.0197659 0.0297099 0.0347143 0.0298346 0.0250112 0.2537049 0.2541127 0.2485806 0.2485806 0.2549328 0.2749169 0.2535721 
taxon8     0.0294818 0.0396344 0.0395119 0.0196404 0.0297362 0.0346306 0.0147599 0.0197659 0.0000000 0.0097774 0.0146883 0.0148426 0.0149062 0.2410623 0.2414475 0.2359277 0.2359277 0.2422423 0.2620703 0.2676757 
taxon9     0.0393908 0.0496478 0.0494933 0.0196114 0.0397321 0.0446191 0.0246503 0.0297099 0.0097774 0.0000000 0.0048798 0.0247888 0.0248942 0.2535912 0.2539983 0.2484718 0.2484718 0.2293790 0.2621556 0.2677633 
taxon10    0.0443824 0.0546973 0.0545265 0.0245513 0.0447679 0.0496536 0.0296252 0.0347143 0.0146883 0.0048798 0.0000000 0.0297920 0.0299183 0.2600319 0.2604506 0.2549168 0.2549168 0.2357618 0.2686665 0.2742819 
taxon11    0.0448497 0.0552770 0.0551026 0.0348580 0.0349277 0.0398454 0.0299383 0.0298346 0.0148426 0.0247888 0.0297920 0.0000000 0.0148901 0.2488503 0.2492512 0.2436988 0.2436988 0.2500654 0.2700791 0.2672203 
taxon12    0.0450379 0.0555087 0.0553329 0.0350055 0.0350758 0.0400133 0.0300659 0.0250112 0.0149062 0.0248942 0.0299183 0.0148901 0.0000000 0.2499208 0.2503249 0.2447532 0.2447532 0.2511439 0.2540587 0.2627123 
taxon13    0.2400142 0.2544102 0.2533832 0.2279939 0.2285368 0.2339602 0.2476840 0.2537049 0.2410623 0.2535912 0.2600319 0.2488503 0.2499208 0.0000000 0.0100206 0.0151458 0.0151458 0.0303959 0.0464236 0.0302383 
taxon14    0.2403960 0.2548202 0.2537896 0.2283557 0.2289003 0.2277215 0.2618469 0.2541127 0.2414475 0.2539983 0.2604506 0.2492512 0.2503249 0.0100206 0.0000000 0.0151659 0.0151659 0.0304368 0.0464867 0.0406240 
taxon15    0.2348988 0.2492748 0.2482679 0.2228532 0.2155805 0.2288329 0.2562874 0.2485806 0.2359277 0.2484718 0.2549168 0.2436988 0.2447532 0.0151458 0.0151659 0.0000000 0.0000010 0.0149451 0.0414526 0.0356547 
taxon16    0.2348988 0.2492748 0.2482679 0.2228532 0.2155805 0.2288329 0.2562874 0.2485806 0.2359277 0.2484718 0.2549168 0.2436988 0.2447532 0.0151458 0.0151659 0.0000010 0.0000000 0.0149451 0.0414526 0.0356547 
taxon17    0.2538049 0.2684272 0.2673324 0.2288006 0.2343225 0.2477098 0.2626849 0.2549328 0.2422423 0.2293790 0.2357618 0.2500654 0.2511439 0.0303959 0.0304368 0.0149451 0.0149451 0.0000000 0.0467119 0.0408198 
taxon18    0.2619722 0.2767851 0.2756452 0.2555511 0.2561686 0.2616000 0.2744131 0.2749169 0.2620703 0.2621556 0.2686665 0.2700791 0.2540587 0.0464236 0.0464867 0.0414526 0.0414526 0.0467119 0.0000000 0.0358319 
taxon19    0.2607525 0.2755004 0.2743702 0.2543545 0.2549669 0.2475572 0.2744351 0.2535721 0.2676757 0.2677633 0.2742819 0.2672203 0.2627123 0.0302383 0.0406240 0.0356547 0.0356547 0.0408198 0.0358319 0.0000000 
