20
taxon0     0.0000000 0.1329185 0.1450652 0.1591808 0.1500374 0.1710701 0.1624415 0.1797543 0.3825151 0.4078704 0.4229764 0.3901800 0.4544909 0.4821109 0.5041235 0.3985315 0.4123873 0.3993684 0.4255125 0.3988860 
taxon1     0.1329185 0.0000000 0.0780897 0.0865816 0.2293716 0.2346891 0.2582759 0.2751425 0.4225917 0.4322297 0.4512298 0.4666726 0.5224221 0.5552281 0.5736279 0.4794069 0.4746247 0.4822498 0.5223167 0.4925237 
taxon2     0.1450652 0.0780897 0.0000000 0.0988610 0.2406467 0.2488789 0.2523703 0.2778004 0.4387747 0.4533771 0.4583041 0.4617408 0.5198425 0.5568728 0.5863929 0.4771639 0.4845199 0.4889696 0.5289451 0.4992131 
taxon3     0.1591808 0.0865816 0.0988610 0.0000000 0.2542220 0.2764824 0.2889341 0.3060310 0.4407218 0.4519754 0.4492590 0.4644862 0.5195734 0.5619345 0.5802520 0.4770597 0.4723556 0.4888190 0.5286593 0.4990251 
taxon4     0.1500374 0.2293716 0.2406467 0.2542220 0.0000000 0.0784951 0.1004758 0.0814734 0.3891861 0.4329373 0.4735561 0.4588005 0.5179151 0.5494216 0.5221107 0.4231402 0.4442297 0.4519345 0.4479756 0.4513027 
taxon5     0.1710701 0.2346891 0.2488789 0.2764824 0.0784951 0.0000000 0.1204585 0.1122856 0.4115063 0.4450106 0.4636962 0.4490717 0.5252225 0.5574021 0.5529934 0.4531423 0.4621793 0.4545286 0.4647293 0.4467150 
taxon6     0.1624415 0.2582759 0.2523703 0.2889341 0.1004758 0.1204585 0.0000000 0.1051330 0.4184672 0.4567701 0.5004905 0.4851008 0.5336188 0.5438718 0.5231096 0.4318174 0.4688825 0.4560794 0.4598498 0.4632658 
taxon7     0.1797543 0.2751425 0.2778004 0.3060310 0.0814734 0.1122856 0.1051330 0.0000000 0.4283764 0.4839995 0.5227273 0.5069219 0.5693468 0.5941478 0.5830579 0.4531979 0.4645161 0.4911899 0.4948305 0.4985358 
taxon8     0.3825151 0.4225917 0.4387747 0.4407218 0.3891861 0.4115063 0.4184672 0.4283764 0.0000000 0.0824240 0.2068900 0.2031529 0.2386879 0.2807715 0.2864173 0.1970892 0.2187621 0.2327107 0.2483594 0.2615685 
taxon9     0.4078704 0.4322297 0.4533771 0.4519754 0.4329373 0.4450106 0.4567701 0.4839995 0.0824240 0.0000000 0.2072200 0.1965390 0.2306216 0.2745768 0.2974141 0.2129216 0.2250647 0.2247155 0.2564652 0.2531462 
taxon10    0.4229764 0.4512298 0.4583041 0.4492590 0.4735561 0.4636962 0.5004905 0.5227273 0.2068900 0.2072200 0.0000000 0.0347736 0.1248445 0.1538943 0.1871635 0.0958995 0.0897168 0.1022719 0.1280840 0.1262385 
taxon11    0.3901800 0.4666726 0.4617408 0.4644862 0.4588005 0.4490717 0.4851008 0.5069219 0.2031529 0.1965390 0.0347736 0.0000000 0.1107420 0.1332722 0.1650005 0.0722006 0.0774292 0.0781471 0.1024235 0.1009237 
taxon12    0.4544909 0.5224221 0.5198425 0.5195734 0.5179151 0.5252225 0.5336188 0.5693468 0.2386879 0.2306216 0.1248445 0.1107420 0.0000000 0.0657611 0.0998093 0.0988731 0.0988441 0.0986437 0.1234541 0.1217211 
taxon13    0.4821109 0.5552281 0.5568728 0.5619345 0.5494216 0.5574021 0.5438718 0.5941478 0.2807715 0.2745768 0.1538943 0.1332722 0.0657611 0.0000000 0.0345595 0.1280720 0.1335706 0.1222513 0.1483421 0.1463016 
taxon14    0.5041235 0.5736279 0.5863929 0.5802520 0.5221107 0.5529934 0.5231096 0.5830579 0.2864173 0.2974141 0.1871635 0.1650005 0.0998093 0.0345595 0.0000000 0.1459823 0.1653071 0.1534851 0.1669384 0.1787607 
taxon15    0.3985315 0.4794069 0.4771639 0.4770597 0.4231402 0.4531423 0.4318174 0.4531979 0.1970892 0.2129216 0.0958995 0.0722006 0.0988731 0.1280720 0.1459823 0.0000000 0.0346617 0.0656783 0.0769919 0.0875737 
taxon16    0.4123873 0.4746247 0.4845199 0.4723556 0.4442297 0.4621793 0.4688825 0.4645161 0.2187621 0.2250647 0.0897168 0.0774292 0.0988441 0.1335706 0.1653071 0.0346617 0.0000000 0.0707978 0.0941851 0.0928210 
taxon17    0.3993684 0.4822498 0.4889696 0.4888190 0.4519345 0.4545286 0.4560794 0.4911899 0.2327107 0.2247155 0.1022719 0.0781471 0.0986437 0.1222513 0.1534851 0.0656783 0.0707978 0.0000000 0.0404982 0.0398629 
taxon18    0.4255125 0.5223167 0.5289451 0.5286593 0.4479756 0.4647293 0.4598498 0.4948305 0.2483594 0.2564652 0.1280840 0.1024235 0.1234541 0.1483421 0.1669384 0.0769919 0.0941851 0.0404982 0.0000000 0.0244335 
taxon19    0.3988860 0.4925237 0.4992131 0.4990251 0.4513027 0.4467150 0.4632658 0.4985358 0.2615685 0.2531462 0.1262385 0.1009237 0.1217211 0.1463016 0.1787607 0.0875737 0.0928210 0.0398629 0.0244335 0.0000000 
