20
taxon0     0.0000000 0.3836355 0.5863818 0.5521928 0.6084392 0.6763923 0.6812495 0.6876924 0.6625148 0.9532896 0.8510665 0.8516716 0.9243945 0.8527448 0.9912695 0.9645335 1.0232962 1.0784707 0.8841078 0.9957816 
taxon1     0.3836355 0.0000000 0.4531779 0.3659013 0.5233357 0.5426932 0.5902747 0.6626880 0.7387081 0.9275699 0.8918469 0.9398862 0.9410833 0.8443928 0.8660223 0.8335046 0.9595600 0.9288569 0.8558871 0.8688593 
taxon2     0.5863818 0.4531779 0.0000000 0.4681771 0.5582761 0.5256914 0.7833094 0.6736318 0.7958831 0.9345975 1.0078549 1.2115054 1.1550127 1.1200463 1.0825895 1.0408846 1.0028200 1.1858157 1.0960084 1.0705343 
taxon3     0.5521928 0.3659013 0.4681771 0.0000000 0.3045770 0.4199382 0.7733999 0.6022775 0.7995421 1.0906660 0.8265083 1.0076525 0.9731167 0.9909068 0.9462939 1.0902293 0.9758426 1.0545303 1.0418891 0.9202169 
taxon4     0.6084392 0.5233357 0.5582761 0.3045770 0.0000000 0.3055279 0.9075174 0.6791146 0.7528354 0.8231415 0.8793488 0.9609595 1.0202639 0.9137613 0.9212191 0.8324190 0.9283953 1.0233158 0.9628605 0.9020777 
taxon5     0.6763923 0.5426932 0.5256914 0.4199382 0.3055279 0.0000000 1.0173202 0.8314319 0.8971337 0.8896131 0.7921981 0.9396840 1.0125735 1.0249749 1.0132522 1.0217920 1.0036415 1.0558120 0.9908953 0.8940939 
taxon6     0.6812495 0.5902747 0.7833094 0.7733999 0.9075174 1.0173202 0.0000000 0.6351449 0.5513574 0.9903479 0.8544588 0.9938050 0.8616813 0.9793700 0.9967640 1.0978926 0.8889273 1.1220822 1.1014193 1.0091127 
taxon7     0.6876924 0.6626880 0.6736318 0.6022775 0.6791146 0.8314319 0.6351449 0.0000000 0.4317255 0.8159311 0.8406370 1.0692421 0.9532118 0.9058388 0.7535152 0.9727433 1.0303296 1.1993002 1.0215227 0.9416284 
taxon8     0.6625148 0.7387081 0.7958831 0.7995421 0.7528354 0.8971337 0.5513574 0.4317255 0.0000000 0.9157975 0.9372282 1.0749034 0.9412142 1.0517861 0.9554500 1.0580226 1.0209654 1.2048090 1.0588123 1.0912898 
taxon9     0.9532896 0.9275699 0.9345975 1.0906660 0.8231415 0.8896131 0.9903479 0.8159311 0.9157975 0.0000000 0.3663323 0.5644327 0.5778383 0.4795253 0.5315984 0.5742471 0.7395456 0.7717380 0.5655585 0.6516853 
taxon10    0.8510665 0.8918469 1.0078549 0.8265083 0.8793488 0.7921981 0.8544588 0.8406370 0.9372282 0.3663323 0.0000000 0.3963365 0.4049244 0.4395045 0.5463346 0.5900329 0.5599444 0.7453949 0.5405211 0.6029716 
taxon11    0.8516716 0.9398862 1.2115054 1.0076525 0.9609595 0.9396840 0.9938050 1.0692421 1.0749034 0.5644327 0.3963365 0.0000000 0.2019307 0.3388425 0.4522377 0.4159023 0.4061381 0.5660997 0.3501292 0.4527402 
taxon12    0.9243945 0.9410833 1.1550127 0.9731167 1.0202639 1.0125735 0.8616813 0.9532118 0.9412142 0.5778383 0.4049244 0.2019307 0.0000000 0.3836833 0.4948516 0.4971232 0.3960683 0.5966384 0.4085076 0.4739406 
taxon13    0.8527448 0.8443928 1.1200463 0.9909068 0.9137613 1.0249749 0.9793700 0.9058388 1.0517861 0.4795253 0.4395045 0.3388425 0.3836833 0.0000000 0.2846432 0.2747344 0.5012231 0.6041364 0.3956723 0.4518080 
taxon14    0.9912695 0.8660223 1.0825895 0.9462939 0.9212191 1.0132522 0.9967640 0.7535152 0.9554500 0.5315984 0.5463346 0.4522377 0.4948516 0.2846432 0.0000000 0.2886974 0.5109477 0.6619203 0.4993161 0.5529209 
taxon15    0.9645335 0.8335046 1.0408846 1.0902293 0.8324190 1.0217920 1.0978926 0.9727433 1.0580226 0.5742471 0.5900329 0.4159023 0.4971232 0.2747344 0.2886974 0.0000000 0.5264986 0.6799097 0.4892830 0.5650403 
taxon16    1.0232962 0.9595600 1.0028200 0.9758426 0.9283953 1.0036415 0.8889273 1.0303296 1.0209654 0.7395456 0.5599444 0.4061381 0.3960683 0.5012231 0.5109477 0.5264986 0.0000000 0.5517151 0.4231163 0.5087547 
taxon17    1.0784707 0.9288569 1.1858157 1.0545303 1.0233158 1.0558120 1.1220822 1.1993002 1.2048090 0.7717380 0.7453949 0.5660997 0.5966384 0.6041364 0.6619203 0.6799097 0.5517151 0.0000000 0.5268498 0.5570557 
taxon18    0.8841078 0.8558871 1.0960084 1.0418891 0.9628605 0.9908953 1.1014193 1.0215227 1.0588123 0.5655585 0.5405211 0.3501292 0.4085076 0.3956723 0.4993161 0.4892830 0.4231163 0.5268498 0.0000000 0.2489599 
taxon19    0.9957816 0.8688593 1.0705343 0.9202169 0.9020777 0.8940939 1.0091127 0.9416284 1.0912898 0.6516853 0.6029716 0.4527402 0.4739406 0.4518080 0.5529209 0.5650403 0.5087547 0.5570557 0.2489599 0.0000000 
