20
taxon0     0.0000000 0.1629519 0.1565200 0.2425482 0.2646390 0.2872183 0.3155796 0.2523013 0.2637777 0.2855540 0.2878493 0.3124985 0.3157783 0.3145634 0.3446890 0.4716919 0.4813569 0.4352430 0.4651741 0.4071434 
taxon1     0.1629519 0.0000000 0.1356889 0.2350863 0.2195894 0.2555467 0.3173661 0.2418168 0.2683161 0.2618965 0.2847243 0.2618990 0.2656191 0.3060411 0.3177269 0.4748996 0.4984604 0.4488081 0.4222335 0.4143317 
taxon2     0.1565200 0.1356889 0.0000000 0.2716413 0.2361231 0.2541246 0.3089360 0.2703323 0.2621523 0.2714880 0.2929834 0.2860338 0.2697325 0.3050768 0.3444917 0.5144399 0.4918239 0.4681477 0.4747563 0.4345482 
taxon3     0.2425482 0.2350863 0.2716413 0.0000000 0.1530956 0.1822189 0.2133971 0.2080075 0.2346762 0.2179974 0.2275006 0.2150981 0.2202665 0.2065895 0.2111116 0.4271714 0.4870610 0.4765852 0.4396372 0.4103555 
taxon4     0.2646390 0.2195894 0.2361231 0.1530956 0.0000000 0.0745278 0.2149973 0.2083586 0.2137487 0.2156923 0.2439486 0.2045993 0.1926694 0.2402939 0.2370941 0.3765312 0.4108995 0.3862623 0.3944234 0.3712110 
taxon5     0.2872183 0.2555467 0.2541246 0.1822189 0.0745278 0.0000000 0.2305626 0.2338930 0.2116411 0.2262938 0.2615997 0.2104984 0.1996549 0.2519759 0.2637399 0.4198634 0.4301587 0.4454481 0.4065998 0.3775387 
taxon6     0.3155796 0.3173661 0.3089360 0.2133971 0.2149973 0.2305626 0.0000000 0.1474278 0.1470709 0.1708064 0.2116750 0.2157329 0.2430028 0.2340956 0.2348721 0.4696193 0.5039567 0.5160933 0.4894699 0.4409097 
taxon7     0.2523013 0.2418168 0.2703323 0.2080075 0.2083586 0.2338930 0.1474278 0.0000000 0.0877126 0.0914631 0.2137936 0.2238867 0.2108429 0.2544561 0.2686376 0.4724244 0.4976596 0.4608738 0.5040400 0.4454996 
taxon8     0.2637777 0.2683161 0.2621523 0.2346762 0.2137487 0.2116411 0.1470709 0.0877126 0.0000000 0.0652147 0.2409023 0.2264517 0.2382503 0.2506797 0.2814998 0.4584840 0.4717162 0.4533916 0.4732590 0.4313180 
taxon9     0.2855540 0.2618965 0.2714880 0.2179974 0.2156923 0.2262938 0.1708064 0.0914631 0.0652147 0.0000000 0.2337955 0.2195906 0.2314844 0.2474175 0.2637255 0.4596024 0.4774410 0.4444042 0.4879078 0.4624600 
taxon10    0.2878493 0.2847243 0.2929834 0.2275006 0.2439486 0.2615997 0.2116750 0.2137936 0.2409023 0.2337955 0.0000000 0.1224307 0.1288440 0.1701045 0.1864471 0.4612737 0.5514027 0.5150389 0.5049567 0.4387246 
taxon11    0.3124985 0.2618990 0.2860338 0.2150981 0.2045993 0.2104984 0.2157329 0.2238867 0.2264517 0.2195906 0.1224307 0.0000000 0.0592875 0.1492542 0.1633513 0.4667652 0.5236048 0.4957352 0.4939382 0.4523822 
taxon12    0.3157783 0.2656191 0.2697325 0.2202665 0.1926694 0.1996549 0.2430028 0.2108429 0.2382503 0.2314844 0.1288440 0.0592875 0.0000000 0.1812062 0.1835833 0.4569764 0.5114855 0.4733767 0.4461285 0.4067897 
taxon13    0.3145634 0.3060411 0.3050768 0.2065895 0.2402939 0.2519759 0.2340956 0.2544561 0.2506797 0.2474175 0.1701045 0.1492542 0.1812062 0.0000000 0.0811884 0.5151440 0.5610033 0.5748071 0.5351896 0.5063277 
taxon14    0.3446890 0.3177269 0.3444917 0.2111116 0.2370941 0.2637399 0.2348721 0.2686376 0.2814998 0.2637255 0.1864471 0.1633513 0.1835833 0.0811884 0.0000000 0.5058746 0.5918305 0.6086854 0.5196099 0.5072100 
taxon15    0.4716919 0.4748996 0.5144399 0.4271714 0.3765312 0.4198634 0.4696193 0.4724244 0.4584840 0.4596024 0.4612737 0.4667652 0.4569764 0.5151440 0.5058746 0.0000000 0.2397642 0.1513723 0.2414040 0.2087665 
taxon16    0.4813569 0.4984604 0.4918239 0.4870610 0.4108995 0.4301587 0.5039567 0.4976596 0.4717162 0.4774410 0.5514027 0.5236048 0.5114855 0.5610033 0.5918305 0.2397642 0.0000000 0.1627657 0.2923711 0.2548812 
taxon17    0.4352430 0.4488081 0.4681477 0.4765852 0.3862623 0.4454481 0.5160933 0.4608738 0.4533916 0.4444042 0.5150389 0.4957352 0.4733767 0.5748071 0.6086854 0.1513723 0.1627657 0.0000000 0.2407207 0.1881640 
taxon18    0.4651741 0.4222335 0.4747563 0.4396372 0.3944234 0.4065998 0.4894699 0.5040400 0.4732590 0.4879078 0.5049567 0.4939382 0.4461285 0.5351896 0.5196099 0.2414040 0.2923711 0.2407207 0.0000000 0.0648343 
taxon19    0.4071434 0.4143317 0.4345482 0.4103555 0.3712110 0.3775387 0.4409097 0.4454996 0.4313180 0.4624600 0.4387246 0.4523822 0.4067897 0.5063277 0.5072100 0.2087665 0.2548812 0.1881640 0.0648343 0.0000000 
