20
taxon0     0.0000000 0.2858578 0.4712513 0.6341526 0.6192744 0.7019617 0.7171558 0.6499875 0.7702556 0.7892661 0.8526293 0.7740903 0.7255254 0.8054064 0.8790052 0.7849664 0.6943063 0.6748954 0.7764491 0.8726644 
taxon1     0.2858578 0.0000000 0.5259395 0.5656696 0.6533661 0.7210803 0.7281388 0.6643017 0.7564207 0.8012019 0.7799793 0.7466289 0.6979572 0.7677853 0.8607932 0.7700509 0.7026345 0.6377059 0.7469591 0.8464058 
taxon2     0.4712513 0.5259395 0.0000000 0.2331526 0.4356908 0.5275265 0.5214595 0.4801270 0.5894456 0.5525650 0.8342757 0.7783139 0.6534735 0.8190945 0.8982520 0.7448608 0.6621041 0.6329934 0.7704633 0.9140393 
taxon3     0.6341526 0.5656696 0.2331526 0.0000000 0.5364650 0.6573233 0.6340837 0.5735211 0.7600898 0.7212657 0.8743615 0.8089447 0.7378548 0.9111593 0.9543347 0.7429162 0.7344942 0.7377930 0.8523762 1.0033546 
taxon4     0.6192744 0.6533661 0.4356908 0.5364650 0.0000000 0.1460500 0.1598442 0.4048297 0.5754350 0.5196515 0.9365805 0.8346453 0.7551170 0.8889032 0.9353516 0.8285043 0.8072286 0.7990873 0.9405376 1.0153117 
taxon5     0.7019617 0.7210803 0.5275265 0.6573233 0.1460500 0.0000000 0.1236350 0.4466479 0.5894620 0.5344806 0.9910734 0.8875788 0.8530547 0.9616826 1.0467831 0.8674866 0.8418954 0.7923270 0.9199889 0.9981545 
taxon6     0.7171558 0.7281388 0.5214595 0.6340837 0.1598442 0.1236350 0.0000000 0.4776211 0.6141801 0.5744665 0.9968092 0.8655567 0.8389993 0.9665639 1.0337354 0.8534425 0.8530197 0.7942978 0.9612098 1.0420268 
taxon7     0.6499875 0.6643017 0.4801270 0.5735211 0.4048297 0.4466479 0.4776211 0.0000000 0.3814357 0.2855838 0.9651085 0.8656360 0.8600127 0.9102574 0.9306968 0.8365671 0.7866251 0.7737055 0.8374042 0.9500205 
taxon8     0.7702556 0.7564207 0.5894456 0.7600898 0.5754350 0.5894620 0.6141801 0.3814357 0.0000000 0.2792231 1.0903184 1.0329053 0.9354584 1.0679995 1.0588301 0.9379806 0.8787967 0.8483368 0.9903846 1.1508380 
taxon9     0.7892661 0.8012019 0.5525650 0.7212657 0.5196515 0.5344806 0.5744665 0.2855838 0.2792231 0.0000000 1.0568597 0.9375689 0.9234074 1.0150433 1.0347931 0.9450765 0.8862158 0.8701048 0.9830711 1.0570640 
taxon10    0.8526293 0.7799793 0.8342757 0.8743615 0.9365805 0.9910734 0.9968092 0.9651085 1.0903184 1.0568597 0.0000000 0.2384256 0.3578433 0.4305710 0.5018176 0.6502403 0.5965369 0.6160288 0.6543948 0.7408412 
taxon11    0.7740903 0.7466289 0.7783139 0.8089447 0.8346453 0.8875788 0.8655567 0.8656360 1.0329053 0.9375689 0.2384256 0.0000000 0.2609499 0.3387612 0.3877182 0.5169416 0.4873582 0.5106598 0.5440882 0.6176821 
taxon12    0.7255254 0.6979572 0.6534735 0.7378548 0.7551170 0.8530547 0.8389993 0.8600127 0.9354584 0.9234074 0.3578433 0.2609499 0.0000000 0.1992206 0.2149197 0.5200247 0.4243124 0.4589008 0.5348354 0.6594282 
taxon13    0.8054064 0.7677853 0.8190945 0.9111593 0.8889032 0.9616826 0.9665639 0.9102574 1.0679995 1.0150433 0.4305710 0.3387612 0.1992206 0.0000000 0.1721209 0.5910762 0.4897076 0.5222393 0.6166385 0.6821359 
taxon14    0.8790052 0.8607932 0.8982520 0.9543347 0.9353516 1.0467831 1.0337354 0.9306968 1.0588301 1.0347931 0.5018176 0.3877182 0.2149197 0.1721209 0.0000000 0.6337643 0.5451980 0.5741013 0.6067769 0.7366156 
taxon15    0.7849664 0.7700509 0.7448608 0.7429162 0.8285043 0.8674866 0.8534425 0.8365671 0.9379806 0.9450765 0.6502403 0.5169416 0.5200247 0.5910762 0.6337643 0.0000000 0.3009141 0.3191886 0.4562348 0.5058968 
taxon16    0.6943063 0.7026345 0.6621041 0.7344942 0.8072286 0.8418954 0.8530197 0.7866251 0.8787967 0.8862158 0.5965369 0.4873582 0.4243124 0.4897076 0.5451980 0.3009141 0.0000000 0.2131017 0.3191098 0.4119521 
taxon17    0.6748954 0.6377059 0.6329934 0.7377930 0.7990873 0.7923270 0.7942978 0.7737055 0.8483368 0.8701048 0.6160288 0.5106598 0.4589008 0.5222393 0.5741013 0.3191886 0.2131017 0.0000000 0.2813671 0.3314172 
taxon18    0.7764491 0.7469591 0.7704633 0.8523762 0.9405376 0.9199889 0.9612098 0.8374042 0.9903846 0.9830711 0.6543948 0.5440882 0.5348354 0.6166385 0.6067769 0.4562348 0.3191098 0.2813671 0.0000000 0.1707805 
taxon19    0.8726644 0.8464058 0.9140393 1.0033546 1.0153117 0.9981545 1.0420268 0.9500205 1.1508380 1.0570640 0.7408412 0.6176821 0.6594282 0.6821359 0.7366156 0.5058968 0.4119521 0.3314172 0.1707805 0.0000000 
