20
taxon0     0.0000000 0.1905417 0.2322094 0.2908081 0.3840611 0.3550518 0.6744603 0.6752916 0.7146118 0.7829226 0.8018125 0.6848732 0.7940113 0.6767930 0.7951363 0.7564120 0.6381376 0.6296583 0.6428851 0.7538142 
taxon1     0.1905417 0.0000000 0.1753293 0.3170922 0.4254163 0.3685939 0.5751826 0.6561969 0.6388513 0.7531445 0.7052631 0.6512819 0.6904945 0.6247644 0.6334123 0.6543776 0.5759977 0.6089686 0.6186034 0.6316595 
taxon2     0.2322094 0.1753293 0.0000000 0.3169616 0.3748789 0.3577564 0.6372630 0.6412226 0.6589083 0.7050179 0.6780784 0.6430217 0.6762432 0.6928548 0.6661629 0.6777379 0.6618921 0.6262662 0.6095433 0.6040219 
taxon3     0.2908081 0.3170922 0.3169616 0.0000000 0.4201791 0.3153433 0.6019026 0.6452881 0.6233633 0.7238754 0.7380630 0.6245650 0.6943025 0.6474403 0.6988535 0.6394579 0.6221839 0.5639509 0.6256591 0.6906655 
taxon4     0.3840611 0.4254163 0.3748789 0.4201791 0.0000000 0.2074079 0.6479823 0.6734747 0.6347695 0.7706156 0.7498522 0.6538172 0.6780731 0.6793581 0.7007198 0.7686669 0.7261963 0.6682406 0.6711166 0.5830797 
taxon5     0.3550518 0.3685939 0.3577564 0.3153433 0.2074079 0.0000000 0.6229249 0.6195888 0.6551468 0.6312706 0.6801539 0.5778569 0.6674579 0.5430594 0.5978319 0.6293288 0.5970765 0.5296545 0.5635667 0.5470951 
taxon6     0.6744603 0.5751826 0.6372630 0.6019026 0.6479823 0.6229249 0.0000000 0.2543810 0.3286691 0.3859444 0.3376392 0.3237764 0.4044239 0.4557918 0.5408007 0.5405901 0.6093094 0.6039164 0.5681110 0.4251136 
taxon7     0.6752916 0.6561969 0.6412226 0.6452881 0.6734747 0.6195888 0.2543810 0.0000000 0.2760796 0.3929085 0.3366691 0.3701822 0.3158430 0.3557860 0.4528055 0.5406022 0.5459415 0.6021695 0.5379418 0.3621587 
taxon8     0.7146118 0.6388513 0.6589083 0.6233633 0.6347695 0.6551468 0.3286691 0.2760796 0.0000000 0.3087163 0.2166543 0.3239430 0.3239539 0.3597763 0.4332573 0.5848836 0.5802965 0.5906036 0.5055604 0.4493912 
taxon9     0.7829226 0.7531445 0.7050179 0.7238754 0.7706156 0.6312706 0.3859444 0.3929085 0.3087163 0.0000000 0.1970980 0.3942281 0.4602048 0.4441150 0.5217847 0.5913975 0.5862558 0.5738846 0.5976832 0.5172599 
taxon10    0.8018125 0.7052631 0.6780784 0.7380630 0.7498522 0.6801539 0.3376392 0.3366691 0.2166543 0.1970980 0.0000000 0.3869010 0.3253581 0.4554480 0.4859957 0.5707924 0.5679403 0.6102696 0.5962824 0.5367437 
taxon11    0.6848732 0.6512819 0.6430217 0.6245650 0.6538172 0.5778569 0.3237764 0.3701822 0.3239430 0.3942281 0.3869010 0.0000000 0.3937723 0.3997682 0.4885748 0.5025773 0.5363217 0.4959394 0.4455860 0.3863375 
taxon12    0.7940113 0.6904945 0.6762432 0.6943025 0.6780731 0.6674579 0.4044239 0.3158430 0.3239539 0.4602048 0.3253581 0.3937723 0.0000000 0.5187462 0.4848943 0.5418997 0.6147438 0.6337211 0.5656390 0.5379412 
taxon13    0.6767930 0.6247644 0.6928548 0.6474403 0.6793581 0.5430594 0.4557918 0.3557860 0.3597763 0.4441150 0.4554480 0.3997682 0.5187462 0.0000000 0.2387924 0.3454572 0.3569651 0.4117655 0.3549405 0.3407273 
taxon14    0.7951363 0.6334123 0.6661629 0.6988535 0.7007198 0.5978319 0.5408007 0.4528055 0.4332573 0.5217847 0.4859957 0.4885748 0.4848943 0.2387924 0.0000000 0.2931017 0.3825318 0.4277646 0.3899300 0.3442742 
taxon15    0.7564120 0.6543776 0.6777379 0.6394579 0.7686669 0.6293288 0.5405901 0.5406022 0.5848836 0.5913975 0.5707924 0.5025773 0.5418997 0.3454572 0.2931017 0.0000000 0.3036224 0.3384858 0.4436352 0.4258312 
taxon16    0.6381376 0.5759977 0.6618921 0.6221839 0.7261963 0.5970765 0.6093094 0.5459415 0.5802965 0.5862558 0.5679403 0.5363217 0.6147438 0.3569651 0.3825318 0.3036224 0.0000000 0.1969382 0.4289422 0.4128956 
taxon17    0.6296583 0.6089686 0.6262662 0.5639509 0.6682406 0.5296545 0.6039164 0.6021695 0.5906036 0.5738846 0.6102696 0.4959394 0.6337211 0.4117655 0.4277646 0.3384858 0.1969382 0.0000000 0.4700654 0.4735351 
taxon18    0.6428851 0.6186034 0.6095433 0.6256591 0.6711166 0.5635667 0.5681110 0.5379418 0.5055604 0.5976832 0.5962824 0.4455860 0.5656390 0.3549405 0.3899300 0.4436352 0.4289422 0.4700654 0.0000000 0.2347797 
taxon19    0.7538142 0.6316595 0.6040219 0.6906655 0.5830797 0.5470951 0.4251136 0.3621587 0.4493912 0.5172599 0.5367437 0.3863375 0.5379412 0.3407273 0.3442742 0.4258312 0.4128956 0.4735351 0.2347797 0.0000000 
