18
taxon0     0.0000000 0.0098254 0.0401901 0.0347111 0.0504901 0.0347111 0.0299391 0.0502834 0.0451309 0.0501849 0.0501849 0.0552970 0.0552970 0.0502592 0.0553793 0.0502592 0.2104719 0.2044698 
taxon1     0.0098254 0.0000000 0.0347088 0.0347233 0.0505084 0.0347233 0.0400429 0.0503015 0.0451470 0.0502029 0.0502029 0.0553170 0.0553170 0.0605019 0.0656565 0.0605019 0.1975109 0.1915508 
taxon2     0.0401901 0.0347088 0.0000000 0.0098274 0.0250210 0.0098274 0.0404147 0.0349751 0.0298972 0.0299654 0.0299654 0.0350179 0.0350179 0.0353689 0.0404868 0.0353689 0.2106922 0.2101486 
taxon3     0.0347111 0.0347233 0.0098274 0.0000000 0.0149300 0.0000010 0.0349028 0.0248402 0.0198188 0.0198638 0.0198638 0.0248704 0.0248704 0.0299198 0.0349644 0.0299198 0.2107532 0.2102095 
taxon4     0.0504901 0.0505084 0.0250210 0.0149300 0.0000000 0.0149300 0.0507731 0.0302715 0.0353202 0.0354017 0.0354017 0.0405239 0.0405239 0.0457032 0.0508639 0.0457032 0.2324367 0.2318309 
taxon5     0.0347111 0.0347233 0.0098274 0.0000010 0.0149300 0.0000000 0.0349028 0.0248402 0.0198188 0.0198638 0.0198638 0.0248704 0.0248704 0.0299198 0.0349644 0.0299198 0.2107532 0.2102095 
taxon7     0.0299391 0.0400429 0.0404147 0.0349028 0.0507731 0.0349028 0.0000000 0.0297984 0.0247653 0.0297408 0.0297408 0.0300396 0.0300396 0.0250305 0.0300835 0.0250305 0.2028804 0.1969309 
taxon8     0.0502834 0.0503015 0.0349751 0.0248402 0.0302715 0.0248402 0.0297984 0.0000000 0.0048755 0.0097580 0.0097580 0.0146606 0.0146606 0.0195957 0.0245344 0.0195957 0.2156006 0.2096158 
taxon9     0.0451309 0.0451470 0.0298972 0.0198188 0.0353202 0.0198188 0.0247653 0.0048755 0.0000000 0.0048662 0.0048662 0.0097479 0.0097479 0.0146579 0.0195754 0.0146579 0.2091391 0.2031752 
taxon10    0.0501849 0.0502029 0.0299654 0.0198638 0.0354017 0.0198638 0.0297408 0.0097580 0.0048662 0.0000000 0.0000010 0.0048643 0.0048643 0.0097524 0.0146520 0.0097524 0.2028799 0.2091391 
taxon11    0.0501849 0.0502029 0.0299654 0.0198638 0.0354017 0.0198638 0.0297408 0.0097580 0.0048662 0.0000010 0.0000000 0.0048643 0.0048643 0.0097524 0.0146520 0.0097524 0.2028799 0.2091391 
taxon12    0.0552970 0.0553170 0.0350179 0.0248704 0.0405239 0.0248704 0.0300396 0.0146606 0.0097479 0.0048643 0.0048643 0.0000000 0.0000010 0.0048571 0.0097297 0.0048571 0.2090619 0.2153443 
taxon13    0.0552970 0.0553170 0.0350179 0.0248704 0.0405239 0.0248704 0.0300396 0.0146606 0.0097479 0.0048643 0.0048643 0.0000010 0.0000000 0.0048571 0.0097297 0.0048571 0.2090619 0.2153443 
taxon15    0.0502592 0.0605019 0.0353689 0.0299198 0.0457032 0.0299198 0.0250305 0.0195957 0.0146579 0.0097524 0.0097524 0.0048571 0.0048571 0.0000000 0.0048639 0.0000010 0.2154746 0.2217868 
taxon16    0.0553793 0.0656565 0.0404868 0.0349644 0.0508639 0.0349644 0.0300835 0.0245344 0.0195754 0.0146520 0.0146520 0.0097297 0.0097297 0.0048639 0.0000000 0.0048639 0.2148635 0.2211567 
taxon17    0.0502592 0.0605019 0.0353689 0.0299198 0.0457032 0.0299198 0.0250305 0.0195957 0.0146579 0.0097524 0.0097524 0.0048571 0.0048571 0.0000010 0.0048639 0.0000000 0.2154746 0.2217868 
taxon18    0.2104719 0.1975109 0.2106922 0.2107532 0.2324367 0.2107532 0.2028804 0.2156006 0.2091391 0.2028799 0.2028799 0.2090619 0.2090619 0.2154746 0.2148635 0.2154746 0.0000000 0.0048497 
taxon19    0.2044698 0.1915508 0.2101486 0.2102095 0.2318309 0.2102095 0.1969309 0.2096158 0.2031752 0.2091391 0.2091391 0.2153443 0.2153443 0.2217868 0.2211567 0.2217868 0.0048497 0.0000000 
