20
taxon0     0.0000000 0.0343948 0.0461640 0.0195705 0.2216847 0.2258911 0.2451415 0.2424622 0.2746376 0.2630186 0.2626727 0.2438951 0.2652583 0.2730792 0.3018588 0.3090363 0.2601513 0.2612546 0.2465318 0.2607696 
taxon1     0.0343948 0.0000000 0.0353364 0.0244035 0.2256155 0.2425864 0.2618986 0.2590712 0.2915663 0.2667278 0.2618084 0.2510198 0.2652149 0.2733450 0.3021215 0.3092982 0.2674515 0.2603959 0.2680539 0.2827007 
taxon2     0.0461640 0.0353364 0.0000000 0.0356920 0.2517945 0.2444691 0.2537627 0.2509866 0.2835599 0.2643160 0.2965585 0.2728259 0.2620834 0.2768604 0.2882833 0.3130376 0.2736268 0.2658301 0.2742511 0.2716976 
taxon3     0.0195705 0.0244035 0.0356920 0.0000000 0.2335639 0.2379251 0.2573070 0.2545073 0.2870670 0.2752226 0.2786954 0.2593470 0.2811918 0.2892135 0.3186027 0.3259752 0.2760679 0.2772132 0.2621637 0.2767585 
taxon4     0.2216847 0.2256155 0.2517945 0.2335639 0.0000000 0.0298462 0.0448118 0.0764161 0.0878266 0.0705617 0.0651894 0.0700130 0.0807295 0.0973006 0.1197835 0.1252193 0.0699750 0.0647425 0.0701122 0.0874138 
taxon5     0.2258911 0.2425864 0.2444691 0.2379251 0.0298462 0.0000000 0.0354126 0.0671846 0.0785932 0.0718078 0.0616288 0.0608755 0.0771448 0.0937462 0.1164409 0.1219263 0.0608401 0.0611944 0.0609608 0.0782210 
taxon6     0.2451415 0.2618986 0.2537627 0.2573070 0.0448118 0.0354126 0.0000000 0.0295371 0.0399595 0.0342142 0.0771597 0.0659254 0.0822968 0.0880852 0.0981373 0.1160882 0.0658882 0.0662676 0.0660190 0.0715438 
taxon7     0.2424622 0.2590712 0.2509866 0.2545073 0.0764161 0.0671846 0.0295371 0.0000000 0.0198350 0.0145521 0.1104505 0.0866802 0.0928446 0.0878002 0.0978256 0.1157227 0.0879224 0.0884105 0.0880997 0.0938584 
taxon8     0.2746376 0.2915663 0.2835599 0.2870670 0.0878266 0.0785932 0.0399595 0.0198350 0.0000000 0.0246107 0.1117254 0.0997161 0.1061873 0.0881896 0.0982574 0.1162410 0.0889554 0.0894531 0.0891365 0.0949599 
taxon9     0.2630186 0.2667278 0.2643160 0.2752226 0.0705617 0.0718078 0.0342142 0.0145521 0.0246107 0.0000000 0.1086880 0.1030199 0.1036557 0.0987534 0.1032197 0.1212677 0.0924260 0.0869762 0.0926109 0.0926805 
taxon10    0.2626727 0.2618084 0.2965585 0.2786954 0.0651894 0.0616288 0.0771597 0.1104505 0.1117254 0.1086880 0.0000000 0.0296109 0.0604311 0.0764034 0.0984066 0.1037402 0.0502032 0.0395737 0.0503022 0.0671631 
taxon11    0.2438951 0.2510198 0.2728259 0.2593470 0.0700130 0.0608755 0.0659254 0.0866802 0.0997161 0.1030199 0.0296109 0.0000000 0.0444055 0.0599969 0.0813788 0.0865838 0.0395686 0.0398071 0.0396459 0.0560171 
taxon12    0.2652583 0.2652149 0.2620834 0.2811918 0.0807295 0.0771448 0.0822968 0.0928446 0.1061873 0.1036557 0.0604311 0.0444055 0.0000000 0.0492166 0.0595614 0.0645954 0.0244444 0.0194424 0.0244918 0.0402800 
taxon13    0.2730792 0.2733450 0.2768604 0.2892135 0.0973006 0.0937462 0.0880852 0.0878002 0.0881896 0.0987534 0.0764034 0.0599969 0.0492166 0.0000000 0.0291554 0.0340387 0.0397809 0.0446503 0.0500787 0.0668805 
taxon14    0.3018588 0.3021215 0.2882833 0.3186027 0.1197835 0.1164409 0.0981373 0.0978256 0.0982574 0.1032197 0.0984066 0.0813788 0.0595614 0.0291554 0.0000000 0.0143724 0.0501564 0.0550402 0.0606083 0.0600286 
taxon15    0.3090363 0.3092982 0.3130376 0.3259752 0.1252193 0.1219263 0.1160882 0.1157227 0.1162410 0.1212677 0.1037402 0.0865838 0.0645954 0.0340387 0.0143724 0.0000000 0.0552238 0.0601045 0.0657308 0.0766563 
taxon16    0.2601513 0.2674515 0.2736268 0.2760679 0.0699750 0.0608401 0.0658882 0.0879224 0.0889554 0.0924260 0.0502032 0.0395686 0.0244444 0.0397809 0.0501564 0.0552238 0.0000000 0.0096913 0.0096485 0.0248047 
taxon17    0.2612546 0.2603959 0.2658301 0.2772132 0.0647425 0.0611944 0.0662676 0.0884105 0.0894531 0.0869762 0.0395737 0.0398071 0.0194424 0.0446503 0.0550402 0.0601045 0.0096913 0.0000000 0.0097100 0.0249605 
taxon18    0.2465318 0.2680539 0.2742511 0.2621637 0.0701122 0.0609608 0.0660190 0.0880997 0.0891365 0.0926109 0.0503022 0.0396459 0.0244918 0.0500787 0.0606083 0.0657308 0.0096485 0.0097100 0.0000000 0.0147913 
taxon19    0.2607696 0.2827007 0.2716976 0.2767585 0.0874138 0.0782210 0.0715438 0.0938584 0.0949599 0.0926805 0.0671631 0.0560171 0.0402800 0.0668805 0.0600286 0.0766563 0.0248047 0.0249605 0.0147913 0.0000000 
