20
taxon0     0.0000000 0.2425961 0.4661295 0.4976481 0.4337659 0.6642668 0.7571403 0.6987236 0.5915750 0.6550461 0.6939632 0.6863924 0.7676606 0.7992895 0.7073106 0.6908755 0.7292017 0.6899117 0.7454177 0.7737739 
taxon1     0.2425961 0.0000000 0.4389717 0.5519274 0.4700344 0.6741146 0.7129085 0.6674828 0.6143729 0.6834385 0.7239121 0.7389446 0.7889191 0.7931673 0.6787716 0.7031441 0.7776659 0.6807500 0.6930409 0.8201477 
taxon2     0.4661295 0.4389717 0.0000000 0.4194551 0.3382601 0.6197150 0.7364754 0.6845769 0.6970928 0.6912139 0.7034424 0.7346907 0.7961381 0.8684032 0.7898129 0.7075348 0.7902789 0.7379798 0.7756593 0.7823600 
taxon3     0.4976481 0.5519274 0.4194551 0.0000000 0.1735186 0.6713746 0.7646262 0.7360832 0.6734983 0.6590648 0.7285947 0.7313725 0.8306822 0.8313833 0.7911063 0.6748119 0.7577585 0.7108389 0.7050956 0.7929762 
taxon4     0.4337659 0.4700344 0.3382601 0.1735186 0.0000000 0.6396707 0.7287401 0.6926397 0.6860940 0.6672338 0.6735269 0.7175766 0.7800071 0.8034907 0.7657759 0.6033554 0.6713322 0.6443774 0.7015205 0.7709544 
taxon5     0.6642668 0.6741146 0.6197150 0.6713746 0.6396707 0.0000000 0.4190810 0.3489156 0.5489049 0.5914248 0.4922508 0.5352877 0.8332758 0.7691752 0.6801590 0.8362313 0.9279439 0.7983346 0.6992239 0.7948793 
taxon6     0.7571403 0.7129085 0.7364754 0.7646262 0.7287401 0.4190810 0.0000000 0.2173556 0.6841625 0.6906209 0.6309005 0.6701262 0.8289895 0.8098291 0.7614689 0.8416535 0.9355953 0.7993695 0.8088511 0.8138790 
taxon7     0.6987236 0.6674828 0.6845769 0.7360832 0.6926397 0.3489156 0.2173556 0.0000000 0.5919168 0.6063226 0.5873958 0.6299038 0.8277444 0.7295915 0.7506650 0.8665389 0.9394619 0.8452924 0.7824619 0.8511778 
taxon8     0.5915750 0.6143729 0.6970928 0.6734983 0.6860940 0.5489049 0.6841625 0.5919168 0.0000000 0.2152827 0.4628884 0.4576967 0.7909308 0.8513702 0.7305672 0.7764151 0.7848922 0.7838829 0.7862211 0.8649782 
taxon9     0.6550461 0.6834385 0.6912139 0.6590648 0.6672338 0.5914248 0.6906209 0.6063226 0.2152827 0.0000000 0.4358237 0.4356942 0.8728250 0.8453722 0.7737619 0.8010439 0.7887636 0.8064234 0.7756113 0.8439349 
taxon10    0.6939632 0.7239121 0.7034424 0.7285947 0.6735269 0.4922508 0.6309005 0.5873958 0.4628884 0.4358237 0.0000000 0.2558273 0.8088526 0.8872771 0.7895764 0.7825777 0.8282867 0.8554318 0.7497818 0.7663530 
taxon11    0.6863924 0.7389446 0.7346907 0.7313725 0.7175766 0.5352877 0.6701262 0.6299038 0.4576967 0.4356942 0.2558273 0.0000000 0.7938209 0.8787484 0.8055989 0.7629302 0.7823809 0.8426328 0.7385658 0.7829488 
taxon12    0.7676606 0.7889191 0.7961381 0.8306822 0.7800071 0.8332758 0.8289895 0.8277444 0.7909308 0.8728250 0.8088526 0.7938209 0.0000000 0.3688745 0.3215228 0.3842188 0.4479074 0.3782867 0.5198625 0.5700666 
taxon13    0.7992895 0.7931673 0.8684032 0.8313833 0.8034907 0.7691752 0.8098291 0.7295915 0.8513702 0.8453722 0.8872771 0.8787484 0.3688745 0.0000000 0.1994851 0.4412029 0.5457101 0.4003562 0.5525079 0.5707482 
taxon14    0.7073106 0.6787716 0.7898129 0.7911063 0.7657759 0.6801590 0.7614689 0.7506650 0.7305672 0.7737619 0.7895764 0.8055989 0.3215228 0.1994851 0.0000000 0.3802193 0.4507605 0.3919290 0.4961785 0.5271671 
taxon15    0.6908755 0.7031441 0.7075348 0.6748119 0.6033554 0.8362313 0.8416535 0.8665389 0.7764151 0.8010439 0.7825777 0.7629302 0.3842188 0.4412029 0.3802193 0.0000000 0.1358116 0.1825370 0.4632851 0.5175516 
taxon16    0.7292017 0.7776659 0.7902789 0.7577585 0.6713322 0.9279439 0.9355953 0.9394619 0.7848922 0.7887636 0.8282867 0.7823809 0.4479074 0.5457101 0.4507605 0.1358116 0.0000000 0.3028706 0.5245969 0.5671476 
taxon17    0.6899117 0.6807500 0.7379798 0.7108389 0.6443774 0.7983346 0.7993695 0.8452924 0.7838829 0.8064234 0.8554318 0.8426328 0.3782867 0.4003562 0.3919290 0.1825370 0.3028706 0.0000000 0.5058731 0.5105540 
taxon18    0.7454177 0.6930409 0.7756593 0.7050956 0.7015205 0.6992239 0.8088511 0.7824619 0.7862211 0.7756113 0.7497818 0.7385658 0.5198625 0.5525079 0.4961785 0.4632851 0.5245969 0.5058731 0.0000000 0.2505152 
taxon19    0.7737739 0.8201477 0.7823600 0.7929762 0.7709544 0.7948793 0.8138790 0.8511778 0.8649782 0.8439349 0.7663530 0.7829488 0.5700666 0.5707482 0.5271671 0.5175516 0.5671476 0.5105540 0.2505152 0.0000000 
