20
taxon0     0.0000000 0.0561614 0.0721529 0.0940698 0.1515420 0.1578541 0.1394514 0.1512573 0.2508586 0.2373710 0.2445893 0.2208291 0.2779156 0.2435174 0.2058153 0.2332855 0.2337718 0.2255039 0.2448538 0.2334052 
taxon1     0.0561614 0.0000000 0.0667504 0.0728545 0.1261662 0.1381072 0.1322269 0.1275984 0.2439336 0.2315028 0.2388873 0.2226861 0.2483375 0.2286838 0.2353058 0.2489854 0.2610899 0.2634809 0.2768410 0.2490782 
taxon2     0.0721529 0.0667504 0.0000000 0.0197558 0.1265002 0.1272620 0.1147959 0.1262601 0.2226537 0.2243141 0.2314168 0.2202514 0.2354196 0.2211942 0.2269954 0.2545648 0.2279410 0.2204938 0.2464368 0.2408744 
taxon3     0.0940698 0.0728545 0.0197558 0.0000000 0.1462539 0.1267556 0.1385630 0.1380676 0.2297843 0.2449701 0.2238654 0.2332395 0.2588373 0.2347845 0.2474879 0.2759447 0.2416556 0.2340413 0.2537475 0.2507865 
taxon4     0.1515420 0.1261662 0.1265002 0.1462539 0.0000000 0.0249790 0.0098908 0.0198624 0.2195937 0.2073272 0.2283805 0.2221738 0.2254473 0.2179979 0.2405301 0.2564805 0.2620032 0.2552058 0.2619979 0.2348557 
taxon5     0.1578541 0.1381072 0.1272620 0.1267556 0.0249790 0.0000000 0.0148971 0.0148529 0.2323455 0.2340949 0.2131604 0.2154748 0.2457625 0.2390053 0.2535922 0.2853084 0.2694020 0.2625449 0.2753115 0.2695993 
taxon6     0.1394514 0.1322269 0.1147959 0.1385630 0.0098908 0.0148971 0.0000000 0.0098716 0.2121469 0.2137329 0.2207804 0.2091296 0.2386923 0.2186779 0.2328166 0.2633375 0.2481826 0.2414746 0.2540475 0.2483827 
taxon7     0.1512573 0.1275984 0.1262601 0.1380676 0.0198624 0.0148529 0.0098716 0.0000000 0.2173216 0.2189428 0.2122922 0.2023063 0.2439050 0.2315344 0.2459252 0.2687686 0.2484407 0.2547513 0.2604884 0.2536778 
taxon8     0.2508586 0.2439336 0.2226537 0.2297843 0.2195937 0.2323455 0.2121469 0.2173216 0.0000000 0.0198701 0.0249533 0.0400702 0.0509784 0.0408480 0.0910900 0.0990038 0.0958595 0.0906277 0.0844576 0.0852071 
taxon9     0.2373710 0.2315028 0.2243141 0.2449701 0.2073272 0.2340949 0.2137329 0.2189428 0.0198701 0.0000000 0.0148736 0.0298546 0.0407045 0.0410246 0.0798696 0.0759148 0.1079406 0.0906091 0.0844394 0.0738800 
taxon10    0.2445893 0.2388873 0.2314168 0.2238654 0.2283805 0.2131604 0.2207804 0.2122922 0.0249533 0.0148736 0.0000000 0.0248170 0.0567254 0.0571700 0.0855961 0.0933786 0.1138926 0.0963992 0.0901437 0.0909490 
taxon11    0.2208291 0.2226861 0.2202514 0.2332395 0.2221738 0.2154748 0.2091296 0.2023063 0.0400702 0.0298546 0.0248170 0.0000000 0.0609745 0.0403659 0.0789823 0.0869062 0.1071783 0.0893361 0.0952882 0.0953205 
taxon12    0.2779156 0.2483375 0.2354196 0.2588373 0.2254473 0.2457625 0.2386923 0.2439050 0.0509784 0.0407045 0.0567254 0.0609745 0.0000000 0.0348058 0.1203292 0.1049635 0.1300819 0.1247488 0.1132204 0.1016820 
taxon13    0.2435174 0.2286838 0.2211942 0.2347845 0.2179979 0.2390053 0.2186779 0.2315344 0.0408480 0.0410246 0.0571700 0.0403659 0.0348058 0.0000000 0.0968286 0.0999076 0.1075005 0.0960489 0.0956590 0.0968199 
taxon14    0.2058153 0.2353058 0.2269954 0.2474879 0.2405301 0.2535922 0.2328166 0.2459252 0.0910900 0.0798696 0.0855961 0.0789823 0.1203292 0.0968286 0.0000000 0.0461372 0.0832585 0.0609045 0.0764469 0.0722228 
taxon15    0.2332855 0.2489854 0.2545648 0.2759447 0.2564805 0.2853084 0.2633375 0.2687686 0.0990038 0.0759148 0.0933786 0.0869062 0.1049635 0.0999076 0.0461372 0.0000000 0.1010561 0.0784087 0.0946855 0.0724601 
taxon16    0.2337718 0.2610899 0.2279410 0.2416556 0.2620032 0.2694020 0.2481826 0.2484407 0.0958595 0.1079406 0.1138926 0.1071783 0.1300819 0.1075005 0.0832585 0.1010561 0.0000000 0.0405107 0.0461089 0.0402320 
taxon17    0.2255039 0.2634809 0.2204938 0.2340413 0.2552058 0.2625449 0.2414746 0.2547513 0.0906277 0.0906091 0.0963992 0.0893361 0.1247488 0.0960489 0.0609045 0.0784087 0.0405107 0.0000000 0.0347381 0.0351148 
taxon18    0.2448538 0.2768410 0.2464368 0.2537475 0.2619979 0.2753115 0.2540475 0.2604884 0.0844576 0.0844394 0.0901437 0.0952882 0.1132204 0.0956590 0.0764469 0.0946855 0.0461089 0.0347381 0.0000000 0.0402849 
taxon19    0.2334052 0.2490782 0.2408744 0.2507865 0.2348557 0.2695993 0.2483827 0.2536778 0.0852071 0.0738800 0.0909490 0.0953205 0.1016820 0.0968199 0.0722228 0.0724601 0.0402320 0.0351148 0.0402849 0.0000000 
