19
taxon0     0.0000000 0.0423286 0.0312020 0.0538103 0.0481242 0.0478265 0.0478265 0.0587597 0.0587597 0.0641301 0.0695774 0.0699178 0.0483073 0.0481373 0.0539604 0.0595729 0.0545573 0.0545573 0.0593154 
taxon1     0.0423286 0.0000000 0.0206151 0.0644512 0.0587086 0.0472898 0.0472898 0.0582444 0.0582444 0.0526696 0.0580215 0.0583025 0.0586416 0.0582766 0.0531011 0.0636956 0.0587613 0.0587613 0.0583143 
taxon2     0.0312020 0.0206151 0.0000000 0.0592689 0.0535422 0.0530084 0.0530084 0.0590113 0.0590113 0.0644003 0.0698660 0.0702089 0.0426674 0.0477791 0.0480305 0.0589058 0.0483748 0.0483748 0.0591869 
taxon3     0.0538103 0.0644512 0.0592689 0.0000000 0.0051034 0.0258655 0.0258655 0.0592478 0.0592478 0.0646609 0.0701519 0.0589413 0.0540384 0.0481031 0.0535559 0.0646562 0.0479372 0.0479372 0.0591859 
taxon4     0.0481242 0.0587086 0.0535422 0.0051034 0.0000000 0.0205636 0.0205636 0.0535207 0.0535207 0.0588970 0.0643450 0.0646609 0.0483293 0.0424887 0.0478956 0.0588931 0.0535621 0.0535621 0.0649301 
taxon5     0.0478265 0.0472898 0.0530084 0.0258655 0.0205636 0.0000000 0.0000010 0.0480403 0.0480403 0.0424781 0.0478554 0.0480898 0.0536659 0.0370797 0.0423117 0.0533958 0.0588861 0.0588861 0.0542892 
taxon6     0.0478265 0.0472898 0.0530084 0.0258655 0.0205636 0.0000010 0.0000000 0.0480403 0.0480403 0.0424781 0.0478554 0.0480898 0.0536659 0.0370797 0.0423117 0.0533958 0.0588861 0.0588861 0.0542892 
taxon8     0.0587597 0.0582444 0.0590113 0.0592478 0.0535207 0.0480403 0.0480403 0.0000000 0.0000010 0.0051052 0.0102254 0.0102743 0.0258813 0.0155143 0.0311602 0.0259372 0.0312048 0.0312048 0.0315590 
taxon9     0.0587597 0.0582444 0.0590113 0.0592478 0.0535207 0.0480403 0.0480403 0.0000010 0.0000000 0.0051052 0.0102254 0.0102743 0.0258813 0.0155143 0.0311602 0.0259372 0.0312048 0.0312048 0.0315590 
taxon10    0.0641301 0.0526696 0.0644003 0.0646609 0.0588970 0.0424781 0.0424781 0.0051052 0.0051052 0.0000000 0.0050866 0.0051108 0.0310713 0.0206943 0.0258319 0.0311383 0.0364219 0.0364219 0.0261638 
taxon11    0.0695774 0.0580215 0.0698660 0.0701519 0.0643450 0.0478554 0.0478554 0.0102254 0.0102254 0.0050866 0.0000000 0.0102364 0.0363039 0.0259061 0.0310438 0.0363821 0.0416874 0.0416874 0.0314397 
taxon12    0.0699178 0.0583025 0.0702089 0.0589413 0.0646609 0.0480898 0.0480898 0.0102743 0.0102743 0.0051108 0.0102364 0.0000000 0.0364782 0.0260308 0.0311928 0.0365572 0.0310462 0.0310462 0.0208172 
taxon13    0.0483073 0.0586416 0.0426674 0.0540384 0.0483293 0.0536659 0.0536659 0.0258813 0.0258813 0.0310713 0.0363039 0.0364782 0.0000000 0.0155883 0.0103485 0.0259039 0.0103004 0.0103004 0.0258766 
taxon14    0.0481373 0.0582766 0.0477791 0.0481031 0.0424887 0.0370797 0.0370797 0.0155143 0.0155143 0.0206943 0.0259061 0.0260308 0.0155883 0.0000000 0.0154437 0.0155033 0.0207239 0.0207239 0.0264269 
taxon15    0.0539604 0.0531011 0.0480305 0.0535559 0.0478956 0.0423117 0.0423117 0.0311602 0.0311602 0.0258319 0.0310438 0.0311928 0.0103485 0.0154437 0.0000000 0.0311384 0.0154766 0.0154766 0.0206532 
taxon16    0.0595729 0.0636956 0.0589058 0.0646562 0.0588931 0.0533958 0.0533958 0.0259372 0.0259372 0.0311383 0.0363821 0.0365572 0.0259039 0.0155033 0.0311384 0.0000000 0.0259569 0.0259569 0.0371063 
taxon17    0.0545573 0.0587613 0.0483748 0.0479372 0.0535621 0.0588861 0.0588861 0.0312048 0.0312048 0.0364219 0.0416874 0.0310462 0.0103004 0.0207239 0.0154766 0.0259569 0.0000000 0.0000010 0.0205557 
taxon18    0.0545573 0.0587613 0.0483748 0.0479372 0.0535621 0.0588861 0.0588861 0.0312048 0.0312048 0.0364219 0.0416874 0.0310462 0.0103004 0.0207239 0.0154766 0.0259569 0.0000010 0.0000000 0.0205557 
taxon19    0.0593154 0.0583143 0.0591869 0.0591859 0.0649301 0.0542892 0.0542892 0.0315590 0.0315590 0.0261638 0.0314397 0.0208172 0.0258766 0.0264269 0.0206532 0.0371063 0.0205557 0.0205557 0.0000000 
