20
taxon0     0.0000000 0.0305006 0.0203528 0.0353545 0.0458100 0.1183233 0.1014896 0.1023159 0.1079879 0.1128808 0.0957189 0.1146256 0.1008266 0.0895505 0.1366889 0.1136436 0.2867600 0.2801090 0.2909876 0.2846470 
taxon1     0.0305006 0.0000000 0.0302035 0.0408536 0.0300677 0.1186700 0.1065832 0.1136553 0.1245039 0.1182078 0.1010039 0.1069733 0.0950128 0.0838435 0.1227414 0.1114944 0.2779990 0.2918200 0.2869924 0.2940084 
taxon2     0.0203528 0.0302035 0.0000000 0.0462733 0.0561742 0.1188792 0.1133425 0.1142690 0.1200299 0.1134149 0.0961763 0.0908729 0.1013046 0.0899778 0.1354135 0.1125697 0.3005053 0.2937760 0.2743185 0.2679062 
taxon3     0.0353545 0.0408536 0.0462733 0.0000000 0.0200061 0.1136314 0.1241310 0.1186486 0.1418801 0.1356035 0.1180342 0.1313811 0.1059476 0.0946548 0.1422904 0.1306704 0.2843367 0.2845284 0.2884653 0.3031400 
taxon4     0.0458100 0.0300677 0.0561742 0.0200061 0.0000000 0.1306639 0.1296100 0.1241243 0.1361128 0.1528643 0.1350025 0.1286564 0.1226333 0.1111539 0.1231246 0.1228519 0.2808079 0.2809961 0.2988488 0.2993373 
taxon5     0.1183233 0.1186700 0.1188792 0.1136314 0.1306639 0.0000000 0.0250131 0.0611156 0.0454367 0.0624643 0.0522402 0.0752520 0.0464548 0.0516306 0.0684087 0.0745541 0.2835430 0.2609144 0.2707528 0.2832465 
taxon6     0.1014896 0.1065832 0.1133425 0.1241310 0.1296100 0.0250131 0.0000000 0.0505720 0.0301001 0.0729140 0.0627062 0.0805120 0.0622905 0.0675040 0.0678462 0.0739032 0.2620297 0.2471748 0.2898765 0.2835536 
taxon7     0.1023159 0.1136553 0.1142690 0.1186486 0.1241243 0.0611156 0.0505720 0.0000000 0.0402513 0.0842133 0.0739271 0.0862919 0.0788705 0.0731376 0.0788789 0.0740993 0.2967705 0.2814715 0.2641405 0.2634230 
taxon8     0.1079879 0.1245039 0.1200299 0.1418801 0.1361128 0.0454367 0.0301001 0.0402513 0.0000000 0.0676543 0.0574456 0.0803479 0.0787716 0.0730041 0.0521131 0.0688550 0.2986005 0.2682617 0.2699118 0.2636482 
taxon9     0.1128808 0.1182078 0.1134149 0.1356035 0.1528643 0.0624643 0.0729140 0.0842133 0.0676543 0.0000000 0.0150348 0.0415109 0.0412027 0.0407843 0.0725808 0.0678605 0.3152069 0.2994684 0.2549109 0.2756056 
taxon10    0.0957189 0.1010039 0.0961763 0.1180342 0.1350025 0.0522402 0.0627062 0.0739271 0.0574456 0.0150348 0.0000000 0.0256923 0.0254972 0.0252292 0.0617652 0.0570083 0.3028313 0.2872727 0.2431378 0.2636749 
taxon11    0.1146256 0.1069733 0.0908729 0.1313811 0.1286564 0.0752520 0.0805120 0.0862919 0.0803479 0.0415109 0.0256923 0.0000000 0.0418023 0.0413734 0.0669064 0.0570979 0.3104865 0.2867991 0.2568318 0.2635195 
taxon12    0.1008266 0.0950128 0.1013046 0.1059476 0.1226333 0.0464548 0.0622905 0.0788705 0.0787716 0.0412027 0.0254972 0.0418023 0.0000000 0.0249944 0.0732490 0.0794137 0.2873115 0.2922259 0.2728235 0.2940155 
taxon13    0.0895505 0.0838435 0.0899778 0.0946548 0.1111539 0.0516306 0.0675040 0.0731376 0.0730041 0.0407843 0.0252292 0.0413734 0.0249944 0.0000000 0.0725523 0.0786612 0.3065174 0.2835619 0.2572899 0.2781135 
taxon14    0.1366889 0.1227414 0.1354135 0.1422904 0.1231246 0.0684087 0.0678462 0.0788789 0.0521131 0.0725808 0.0617652 0.0669064 0.0732490 0.0725523 0.0000000 0.0251940 0.2973165 0.2684290 0.2596808 0.2600933 
taxon15    0.1136436 0.1114944 0.1125697 0.1306704 0.1228519 0.0745541 0.0739032 0.0740993 0.0688550 0.0678605 0.0570083 0.0570979 0.0794137 0.0786612 0.0251940 0.0000000 0.3003478 0.2657243 0.2628280 0.2632506 
taxon16    0.2867600 0.2779990 0.3005053 0.2843367 0.2808079 0.2835430 0.2620297 0.2967705 0.2986005 0.3152069 0.3028313 0.3104865 0.2873115 0.3065174 0.2973165 0.3003478 0.0000000 0.0401677 0.0662481 0.0663379 
taxon17    0.2801090 0.2918200 0.2937760 0.2845284 0.2809961 0.2609144 0.2471748 0.2814715 0.2682617 0.2994684 0.2872727 0.2867991 0.2922259 0.2835619 0.2684290 0.2657243 0.0401677 0.0000000 0.0507130 0.0456106 
taxon18    0.2909876 0.2869924 0.2743185 0.2884653 0.2988488 0.2707528 0.2898765 0.2641405 0.2699118 0.2549109 0.2431378 0.2568318 0.2728235 0.2572899 0.2596808 0.2628280 0.0662481 0.0507130 0.0000000 0.0148478 
taxon19    0.2846470 0.2940084 0.2679062 0.3031400 0.2993373 0.2832465 0.2835536 0.2634230 0.2636482 0.2756056 0.2636749 0.2635195 0.2940155 0.2781135 0.2600933 0.2632506 0.0663379 0.0456106 0.0148478 0.0000000 
