20
taxon0     0.0000000 0.3071603 0.3915024 0.3814505 0.4708812 0.4988058 0.2749001 0.3861471 0.4025916 0.5150853 0.3670220 0.5174037 0.5373342 0.5341619 0.5203291 0.5516992 0.5381500 0.5557775 0.5447154 0.5280922 
taxon1     0.3071603 0.0000000 0.3022511 0.2929213 0.4092840 0.4387946 0.3300419 0.4014042 0.4286288 0.5082213 0.3967008 0.5853497 0.6425676 0.5708626 0.5459566 0.5690144 0.6086257 0.5890615 0.5925787 0.6049426 
taxon2     0.3915024 0.3022511 0.0000000 0.2505986 0.3446634 0.3353530 0.3823354 0.4698857 0.4568188 0.6222744 0.4773654 0.5430803 0.6044652 0.5922774 0.5096153 0.5522533 0.5421094 0.5288791 0.4877103 0.4746213 
taxon3     0.3814505 0.2929213 0.2505986 0.0000000 0.2497392 0.2794198 0.3838364 0.4803690 0.4594256 0.5585928 0.4388990 0.5504502 0.6420107 0.6546834 0.5829734 0.6084024 0.6008665 0.6028495 0.5596150 0.5570928 
taxon4     0.4708812 0.4092840 0.3446634 0.2497392 0.0000000 0.1808943 0.4733425 0.5617879 0.5339848 0.6559622 0.5662680 0.5885860 0.6749817 0.6811803 0.6216584 0.6647778 0.6606178 0.6703654 0.6083006 0.6205658 
taxon5     0.4988058 0.4387946 0.3353530 0.2794198 0.1808943 0.0000000 0.4967738 0.5886025 0.5716237 0.6405979 0.5971097 0.6189056 0.6693773 0.7014772 0.6743424 0.6770404 0.6547876 0.6769409 0.6071168 0.6055070 
taxon6     0.2749001 0.3300419 0.3823354 0.3838364 0.4733425 0.4967738 0.0000000 0.2812059 0.3003772 0.4099840 0.3183963 0.4379836 0.5553956 0.5107867 0.4795147 0.5108946 0.5000503 0.4973347 0.5002667 0.5257718 
taxon7     0.3861471 0.4014042 0.4698857 0.4803690 0.5617879 0.5886025 0.2812059 0.0000000 0.2078841 0.3286921 0.2438732 0.5011922 0.6264992 0.5954711 0.5338043 0.5983619 0.6430119 0.6371826 0.5988494 0.6028601 
taxon8     0.4025916 0.4286288 0.4568188 0.4594256 0.5339848 0.5716237 0.3003772 0.2078841 0.0000000 0.2908691 0.2133105 0.5223950 0.6057981 0.6157397 0.5602142 0.5686557 0.6095511 0.6021355 0.6064614 0.6010545 
taxon9     0.5150853 0.5082213 0.6222744 0.5585928 0.6559622 0.6405979 0.4099840 0.3286921 0.2908691 0.0000000 0.1694765 0.6623060 0.7065279 0.7087754 0.6188617 0.6674117 0.7220003 0.7020480 0.6881507 0.6802428 
taxon10    0.3670220 0.3967008 0.4773654 0.4388990 0.5662680 0.5971097 0.3183963 0.2438732 0.2133105 0.1694765 0.0000000 0.5817416 0.6213695 0.6513764 0.5410769 0.5953466 0.6260322 0.6348321 0.5789280 0.5801443 
taxon11    0.5174037 0.5853497 0.5430803 0.5504502 0.5885860 0.6189056 0.4379836 0.5011922 0.5223950 0.6623060 0.5817416 0.0000000 0.3752111 0.3636161 0.3940094 0.4203932 0.4996863 0.5135749 0.5810058 0.5646141 
taxon12    0.5373342 0.6425676 0.6044652 0.6420107 0.6749817 0.6693773 0.5553956 0.6264992 0.6057981 0.7065279 0.6213695 0.3752111 0.0000000 0.2014483 0.5199559 0.5527048 0.5482380 0.5908986 0.6693036 0.6168336 
taxon13    0.5341619 0.5708626 0.5922774 0.6546834 0.6811803 0.7014772 0.5107867 0.5954711 0.6157397 0.7087754 0.6513764 0.3636161 0.2014483 0.0000000 0.4804940 0.5290114 0.5196722 0.5657950 0.6430458 0.6195385 
taxon14    0.5203291 0.5459566 0.5096153 0.5829734 0.6216584 0.6743424 0.4795147 0.5338043 0.5602142 0.6188617 0.5410769 0.3940094 0.5199559 0.4804940 0.0000000 0.2781031 0.5349089 0.5558060 0.5217810 0.5140693 
taxon15    0.5516992 0.5690144 0.5522533 0.6084024 0.6647778 0.6770404 0.5108946 0.5983619 0.5686557 0.6674117 0.5953466 0.4203932 0.5527048 0.5290114 0.2781031 0.0000000 0.5763520 0.5898002 0.5654985 0.5802954 
taxon16    0.5381500 0.6086257 0.5421094 0.6008665 0.6606178 0.6547876 0.5000503 0.6430119 0.6095511 0.7220003 0.6260322 0.4996863 0.5482380 0.5196722 0.5349089 0.5763520 0.0000000 0.1891205 0.3311664 0.3184346 
taxon17    0.5557775 0.5890615 0.5288791 0.6028495 0.6703654 0.6769409 0.4973347 0.6371826 0.6021355 0.7020480 0.6348321 0.5135749 0.5908986 0.5657950 0.5558060 0.5898002 0.1891205 0.0000000 0.3655177 0.3683827 
taxon18    0.5447154 0.5925787 0.4877103 0.5596150 0.6083006 0.6071168 0.5002667 0.5988494 0.6064614 0.6881507 0.5789280 0.5810058 0.6693036 0.6430458 0.5217810 0.5654985 0.3311664 0.3655177 0.0000000 0.1534966 
taxon19    0.5280922 0.6049426 0.4746213 0.5570928 0.6205658 0.6055070 0.5257718 0.6028601 0.6010545 0.6802428 0.5801443 0.5646141 0.6168336 0.6195385 0.5140693 0.5802954 0.3184346 0.3683827 0.1534966 0.0000000 
