20
taxon0     0.0000000 0.0941500 0.2306064 0.2167941 0.2751186 0.2576522 0.3142156 0.3176766 0.3234280 0.3190731 0.3547076 0.3368987 0.3443126 0.4558790 0.4395995 0.4301105 0.4729093 0.4774468 0.4864702 0.4835438 
taxon1     0.0941500 0.0000000 0.2375797 0.2265252 0.3020229 0.2668610 0.3296817 0.3336225 0.3243023 0.3502759 0.3696520 0.3263704 0.3526793 0.4749068 0.4504925 0.4622877 0.4633727 0.4918145 0.5134197 0.4663964 
taxon2     0.2306064 0.2375797 0.0000000 0.0722750 0.2137964 0.1557315 0.2177279 0.2130351 0.1965903 0.2462358 0.2480302 0.3965463 0.3924892 0.4548293 0.4596540 0.4932172 0.5090871 0.5253585 0.5479681 0.5143910 
taxon3     0.2167941 0.2265252 0.0722750 0.0000000 0.1993344 0.1479727 0.2061024 0.2088041 0.1939430 0.2354512 0.2535829 0.3909222 0.4123968 0.4534973 0.4469270 0.5008319 0.4989946 0.5161830 0.5383973 0.5123172 
taxon4     0.2751186 0.3020229 0.2137964 0.1993344 0.0000000 0.0715654 0.1945285 0.2077659 0.2179095 0.2254778 0.2473663 0.4807916 0.4652903 0.5013019 0.4514328 0.4748715 0.5244479 0.5200385 0.5328274 0.5438694 
taxon5     0.2576522 0.2668610 0.1557315 0.1479727 0.0715654 0.0000000 0.1647641 0.1733895 0.1672034 0.2019735 0.2020781 0.4335280 0.4160028 0.4690553 0.4299890 0.4701676 0.4789340 0.4869944 0.5078379 0.4773793 
taxon6     0.3142156 0.3296817 0.2177279 0.2061024 0.1945285 0.1647641 0.0000000 0.1276426 0.1219943 0.1617322 0.1823856 0.4311175 0.4402821 0.4802711 0.4804911 0.4866566 0.4990569 0.5025486 0.5174297 0.5338917 
taxon7     0.3176766 0.3336225 0.2130351 0.2088041 0.2077659 0.1733895 0.1276426 0.0000000 0.0602279 0.1807100 0.1824668 0.4404267 0.4621502 0.4890520 0.4881037 0.5053158 0.5507364 0.5138073 0.5504012 0.5719592 
taxon8     0.3234280 0.3243023 0.1965903 0.1939430 0.2179095 0.1672034 0.1219943 0.0602279 0.0000000 0.1414556 0.1792052 0.4324546 0.4495053 0.4750422 0.4748820 0.4974993 0.5094707 0.5127267 0.5128251 0.5374200 
taxon9     0.3190731 0.3502759 0.2462358 0.2354512 0.2254778 0.2019735 0.1617322 0.1807100 0.1414556 0.0000000 0.1293570 0.4858159 0.4885983 0.5435016 0.5159940 0.5273793 0.5735307 0.5615529 0.5584459 0.5838217 
taxon10    0.3547076 0.3696520 0.2480302 0.2535829 0.2473663 0.2020781 0.1823856 0.1824668 0.1792052 0.1293570 0.0000000 0.4792677 0.4912052 0.5479962 0.5030179 0.5444064 0.5542786 0.5171267 0.5379920 0.5811751 
taxon11    0.3368987 0.3263704 0.3965463 0.3909222 0.4807916 0.4335280 0.4311175 0.4404267 0.4324546 0.4858159 0.4792677 0.0000000 0.1060564 0.3505430 0.3607750 0.3777555 0.3543339 0.4032883 0.3969873 0.3780282 
taxon12    0.3443126 0.3526793 0.3924892 0.4123968 0.4652903 0.4160028 0.4402821 0.4621502 0.4495053 0.4885983 0.4912052 0.1060564 0.0000000 0.3477772 0.3408292 0.3672138 0.3368636 0.3966709 0.4023743 0.3776306 
taxon13    0.4558790 0.4749068 0.4548293 0.4534973 0.5013019 0.4690553 0.4802711 0.4890520 0.4750422 0.5435016 0.5479962 0.3505430 0.3477772 0.0000000 0.0958462 0.1069668 0.2152067 0.1977424 0.2205443 0.2195486 
taxon14    0.4395995 0.4504925 0.4596540 0.4469270 0.4514328 0.4299890 0.4804911 0.4881037 0.4748820 0.5159940 0.5030179 0.3607750 0.3408292 0.0958462 0.0000000 0.0778523 0.2117399 0.2382372 0.2616021 0.2263167 
taxon15    0.4301105 0.4622877 0.4932172 0.5008319 0.4748715 0.4701676 0.4866566 0.5053158 0.4974993 0.5273793 0.5444064 0.3777555 0.3672138 0.1069668 0.0778523 0.0000000 0.2291376 0.2368861 0.2394271 0.2540951 
taxon16    0.4729093 0.4633727 0.5090871 0.4989946 0.5244479 0.4789340 0.4990569 0.5507364 0.5094707 0.5735307 0.5542786 0.3543339 0.3368636 0.2152067 0.2117399 0.2291376 0.0000000 0.1152942 0.0941467 0.1379282 
taxon17    0.4774468 0.4918145 0.5253585 0.5161830 0.5200385 0.4869944 0.5025486 0.5138073 0.5127267 0.5615529 0.5171267 0.4032883 0.3966709 0.1977424 0.2382372 0.2368861 0.1152942 0.0000000 0.0660312 0.1683352 
taxon18    0.4864702 0.5134197 0.5479681 0.5383973 0.5328274 0.5078379 0.5174297 0.5504012 0.5128251 0.5584459 0.5379920 0.3969873 0.4023743 0.2205443 0.2616021 0.2394271 0.0941467 0.0660312 0.0000000 0.1649066 
taxon19    0.4835438 0.4663964 0.5143910 0.5123172 0.5438694 0.4773793 0.5338917 0.5719592 0.5374200 0.5838217 0.5811751 0.3780282 0.3776306 0.2195486 0.2263167 0.2540951 0.1379282 0.1683352 0.1649066 0.0000000 
