19
taxon0     0.0000000 0.0251023 0.0200598 0.0250092 0.0199394 0.0199394 0.2128128 0.2173234 0.2135380 0.2343965 0.2142943 0.2281850 0.2346072 0.2409008 0.2433351 0.2276818 0.2406071 0.2543557 0.2540397 
taxon1     0.0251023 0.0000000 0.0049676 0.0352850 0.0301409 0.0301409 0.2394580 0.1974047 0.2206037 0.2283837 0.2337920 0.2352263 0.2416865 0.2480132 0.2415900 0.2259935 0.2520552 0.2659043 0.2655735 
taxon2     0.0200598 0.0049676 0.0000000 0.0302107 0.0250898 0.0250898 0.2331146 0.1912654 0.2144487 0.2351028 0.2274624 0.2288711 0.2353145 0.2416286 0.2351867 0.2196967 0.2456788 0.2594728 0.2591502 
taxon3     0.0250092 0.0352850 0.0302107 0.0000000 0.0049854 0.0049854 0.2195231 0.2175235 0.2334610 0.2477777 0.2275006 0.2352882 0.2417449 0.2480679 0.2437452 0.2278914 0.2540368 0.2744615 0.2675953 
taxon4     0.0199394 0.0301409 0.0250898 0.0049854 0.0000000 0.0000010 0.2188056 0.2107329 0.2266621 0.2407414 0.2205827 0.2345186 0.2409559 0.2472604 0.2429435 0.2209714 0.2469665 0.2672598 0.2604406 
taxon5     0.0199394 0.0301409 0.0250898 0.0049854 0.0000010 0.0000000 0.2188056 0.2107329 0.2266621 0.2407414 0.2205827 0.2345186 0.2409559 0.2472604 0.2429435 0.2209714 0.2469665 0.2672598 0.2604406 
taxon7     0.2128128 0.2394580 0.2331146 0.2195231 0.2188056 0.2188056 0.0000000 0.0362355 0.0521081 0.0527165 0.0421481 0.0365483 0.0365446 0.0417892 0.0527800 0.0473129 0.0579727 0.0742570 0.0688110 
taxon8     0.2173234 0.1974047 0.1912654 0.2175235 0.2107329 0.2107329 0.0362355 0.0000000 0.0302290 0.0416199 0.0416559 0.0364146 0.0363521 0.0415713 0.0465840 0.0306107 0.0513719 0.0672679 0.0619493 
taxon9     0.2135380 0.2206037 0.2144487 0.2334610 0.2266621 0.2266621 0.0521081 0.0302290 0.0000000 0.0631176 0.0631698 0.0578487 0.0577485 0.0630409 0.0788918 0.0621963 0.0622104 0.0783309 0.0729373 
taxon10    0.2343965 0.2283837 0.2351028 0.2477777 0.2407414 0.2407414 0.0527165 0.0416199 0.0631176 0.0000000 0.0199689 0.0251799 0.0302609 0.0353393 0.0693328 0.0526006 0.0632837 0.0796183 0.0741553 
taxon11    0.2142943 0.2337920 0.2274624 0.2275006 0.2205827 0.2205827 0.0421481 0.0416559 0.0631698 0.0199689 0.0000000 0.0252022 0.0302870 0.0353695 0.0648323 0.0479973 0.0587768 0.0752284 0.0697287 
taxon12    0.2281850 0.2352263 0.2288711 0.2352882 0.2345186 0.2345186 0.0365483 0.0364146 0.0578487 0.0251799 0.0252022 0.0000000 0.0049687 0.0099477 0.0528064 0.0473362 0.0580019 0.0742953 0.0688463 
taxon13    0.2346072 0.2416865 0.2353145 0.2417449 0.2409559 0.2409559 0.0365446 0.0363521 0.0577485 0.0302609 0.0302870 0.0049687 0.0000000 0.0049661 0.0581527 0.0526545 0.0633477 0.0796974 0.0742295 
taxon14    0.2409008 0.2480132 0.2416286 0.2480679 0.2472604 0.2472604 0.0417892 0.0415713 0.0630409 0.0353393 0.0353695 0.0099477 0.0049661 0.0000000 0.0634808 0.0579573 0.0686729 0.0850710 0.0795869 
taxon15    0.2433351 0.2415900 0.2351867 0.2437452 0.2429435 0.2429435 0.0527800 0.0465840 0.0788918 0.0693328 0.0648323 0.0528064 0.0581527 0.0634808 0.0000000 0.0151866 0.0303209 0.0354713 0.0406271 
taxon16    0.2276818 0.2259935 0.2196967 0.2278914 0.2209714 0.2209714 0.0473129 0.0306107 0.0621963 0.0526006 0.0479973 0.0473362 0.0526545 0.0579573 0.0151866 0.0000000 0.0200990 0.0354268 0.0302967 
taxon17    0.2406071 0.2520552 0.2456788 0.2540368 0.2469665 0.2469665 0.0579727 0.0513719 0.0622104 0.0632837 0.0587768 0.0580019 0.0633477 0.0686729 0.0303209 0.0200990 0.0000000 0.0149986 0.0099769 
taxon18    0.2543557 0.2659043 0.2594728 0.2744615 0.2672598 0.2672598 0.0742570 0.0672679 0.0783309 0.0796183 0.0752284 0.0742953 0.0796974 0.0850710 0.0354713 0.0354268 0.0149986 0.0000000 0.0049919 
taxon19    0.2540397 0.2655735 0.2591502 0.2675953 0.2604406 0.2604406 0.0688110 0.0619493 0.0729373 0.0741553 0.0697287 0.0688463 0.0742295 0.0795869 0.0406271 0.0302967 0.0099769 0.0049919 0.0000000 
