20
taxon0     0.0000000 0.0197930 0.0146288 0.0295047 0.0603622 0.0763017 0.0872708 0.0940379 0.1003339 0.1060843 0.1119077 0.1117477 0.1231859 0.1229917 0.0555685 0.0566238 0.2079081 0.2020153 0.1959580 0.2179620 
taxon1     0.0197930 0.0000000 0.0147814 0.0298073 0.0495194 0.0651005 0.0758052 0.0823169 0.0884064 0.0940194 0.0997019 0.0995628 0.1107560 0.1105856 0.0653892 0.0666040 0.2133146 0.2239953 0.2013529 0.2234660 
taxon2     0.0146288 0.0147814 0.0000000 0.0244809 0.0550906 0.0709005 0.0817710 0.0884336 0.0946467 0.1003447 0.1061156 0.1059644 0.1173137 0.1171300 0.0712172 0.0725397 0.2213018 0.2153144 0.2091971 0.2317060 
taxon3     0.0295047 0.0298073 0.0244809 0.0000000 0.0399903 0.0556008 0.0663097 0.0727395 0.0787854 0.0844039 0.1010702 0.0899642 0.1011890 0.1010331 0.0766361 0.0780518 0.2151479 0.2091973 0.2030998 0.2254024 
taxon4     0.0603622 0.0495194 0.0550906 0.0399903 0.0000000 0.0147603 0.0248217 0.0304026 0.0358625 0.0411572 0.0570485 0.0464449 0.0571142 0.0570312 0.0654989 0.0772419 0.2381066 0.2493268 0.2381066 0.2614342 
taxon5     0.0763017 0.0651005 0.0709005 0.0556008 0.0147603 0.0000000 0.0097860 0.0149950 0.0202146 0.0253712 0.0409134 0.0305374 0.0409599 0.0409021 0.0772615 0.0830615 0.2546396 0.2573547 0.2582232 0.2823347 
taxon6     0.0872708 0.0758052 0.0817710 0.0663097 0.0248217 0.0097860 0.0000000 0.0049717 0.0100545 0.0151424 0.0305194 0.0202500 0.0305539 0.0305114 0.0830089 0.0888941 0.2565687 0.2593197 0.2601702 0.2971541 
taxon7     0.0940379 0.0823169 0.0884336 0.0727395 0.0304026 0.0149950 0.0049717 0.0000000 0.0049163 0.0098751 0.0249022 0.0148616 0.0249300 0.0248960 0.0897812 0.0957970 0.2660208 0.2688715 0.2696087 0.3071444 
taxon8     0.1003339 0.0884064 0.0946467 0.0787854 0.0358625 0.0202146 0.0100545 0.0049163 0.0000000 0.0048885 0.0197254 0.0098096 0.0197472 0.0197206 0.0960941 0.1022164 0.2748173 0.2777653 0.2783989 0.3165215 
taxon9     0.1060843 0.0940194 0.1003447 0.0844039 0.0411572 0.0253712 0.0151424 0.0098751 0.0048885 0.0000000 0.0147243 0.0048818 0.0147404 0.0147208 0.1018776 0.1080702 0.2822186 0.2852414 0.2857872 0.3243356 
taxon10    0.1119077 0.0997019 0.1061156 0.1010702 0.0570485 0.0409134 0.0305194 0.0249022 0.0197254 0.0147243 0.0000000 0.0196978 0.0197031 0.0196767 0.1076782 0.1139385 0.3030744 0.3062942 0.3065937 0.3313424 
taxon11    0.1117477 0.0995628 0.1059644 0.0899642 0.0464449 0.0305374 0.0202500 0.0148616 0.0098096 0.0048818 0.0196978 0.0000000 0.0098187 0.0098057 0.1075792 0.1138333 0.2892184 0.2923076 0.2927700 0.3316520 
taxon12    0.1231859 0.1107560 0.1173137 0.1011890 0.0571142 0.0409599 0.0305539 0.0249300 0.0197472 0.0147404 0.0197031 0.0098187 0.0000000 0.0098083 0.1190923 0.1254722 0.3034719 0.3066990 0.3069941 0.3317835 
taxon13    0.1229917 0.1105856 0.1171300 0.1010331 0.0570312 0.0409021 0.0305114 0.0248960 0.0197206 0.0147208 0.0196767 0.0098057 0.0098083 0.0000000 0.1189035 0.1252709 0.2903064 0.2934166 0.2938673 0.3182926 
taxon14    0.0555685 0.0653892 0.0712172 0.0766361 0.0654989 0.0772615 0.0830089 0.0897812 0.0960941 0.1018776 0.1076782 0.1075792 0.1190923 0.1189035 0.0000000 0.0301050 0.2077592 0.2232526 0.2198077 0.2488329 
taxon15    0.0566238 0.0666040 0.0725397 0.0780518 0.0772419 0.0830615 0.0888941 0.0957970 0.1022164 0.1080702 0.1139385 0.1138333 0.1254722 0.1252709 0.0301050 0.0000000 0.2156671 0.2098673 0.2193774 0.2484021 
taxon16    0.2079081 0.2133146 0.2213018 0.2151479 0.2381066 0.2546396 0.2565687 0.2660208 0.2748173 0.2822186 0.3030744 0.2892184 0.3034719 0.2903064 0.2077592 0.2156671 0.0000000 0.0146570 0.0095160 0.0341330 
taxon17    0.2020153 0.2239953 0.2153144 0.2091973 0.2493268 0.2573547 0.2593197 0.2688715 0.2777653 0.2852414 0.3062942 0.2923076 0.3066990 0.2934166 0.2232526 0.2098673 0.0146570 0.0000000 0.0193101 0.0445240 
taxon18    0.1959580 0.2013529 0.2091971 0.2030998 0.2381066 0.2582232 0.2601702 0.2696087 0.2783989 0.2857872 0.3065937 0.2927700 0.3069941 0.2938673 0.2198077 0.2193774 0.0095160 0.0193101 0.0000000 0.0242966 
taxon19    0.2179620 0.2234660 0.2317060 0.2254024 0.2614342 0.2823347 0.2971541 0.3071444 0.3165215 0.3243356 0.3313424 0.3316520 0.3317835 0.3182926 0.2488329 0.2484021 0.0341330 0.0445240 0.0242966 0.0000000 
