20
taxon0     0.0000000 0.0966285 0.1554641 0.1229522 0.1231007 0.1314650 0.1950943 0.1948356 0.2199088 0.1395483 0.1381100 0.3110226 0.2791043 0.2255688 0.2261888 0.2537093 0.2797554 0.2594208 0.2450042 0.2509229 
taxon1     0.0966285 0.0000000 0.1091887 0.0909746 0.1165018 0.1184894 0.1862973 0.1836955 0.2045767 0.1213154 0.1255274 0.2823807 0.2519777 0.2173649 0.2230204 0.2460549 0.2528033 0.2327216 0.2219637 0.2517443 
taxon2     0.1554641 0.1091887 0.0000000 0.0738572 0.1687633 0.1682244 0.2239694 0.2342109 0.2586488 0.1736410 0.1674638 0.3133095 0.2816886 0.2704425 0.2663798 0.2695499 0.2822189 0.2666449 0.2557365 0.2715321 
taxon3     0.1229522 0.0909746 0.0738572 0.0000000 0.1458604 0.1448684 0.2000764 0.2004621 0.2378058 0.1650203 0.1582350 0.2992620 0.2680906 0.2398819 0.2427688 0.2592260 0.2772013 0.2576222 0.2467653 0.2647743 
taxon4     0.1231007 0.1165018 0.1687633 0.1458604 0.0000000 0.0817009 0.1636399 0.1451365 0.1878777 0.1452140 0.1167834 0.3028170 0.2739678 0.2137859 0.2153324 0.2436222 0.2618288 0.2548850 0.2340421 0.2440932 
taxon5     0.1314650 0.1184894 0.1682244 0.1448684 0.0817009 0.0000000 0.1706413 0.1641921 0.1987828 0.1353241 0.1169682 0.3080253 0.2789654 0.2290251 0.2278416 0.2500039 0.2827271 0.2590059 0.2391025 0.2526185 
taxon6     0.1950943 0.1862973 0.2239694 0.2000764 0.1636399 0.1706413 0.0000000 0.0667800 0.0880391 0.1364021 0.1233173 0.2629666 0.2422633 0.2189410 0.2182669 0.2488136 0.2956508 0.2858509 0.2220958 0.2342151 
taxon7     0.1948356 0.1836955 0.2342109 0.2004621 0.1451365 0.1641921 0.0667800 0.0000000 0.0657874 0.1445498 0.1309453 0.2419881 0.2220696 0.1747740 0.2012823 0.2324924 0.2749233 0.2754314 0.2063258 0.2185218 
taxon8     0.2199088 0.2045767 0.2586488 0.2378058 0.1878777 0.1987828 0.0880391 0.0657874 0.0000000 0.1618621 0.1576028 0.2998682 0.2721656 0.2230494 0.2507546 0.2745554 0.3183473 0.3188629 0.2599216 0.2716396 
taxon9     0.1395483 0.1213154 0.1736410 0.1650203 0.1452140 0.1353241 0.1364021 0.1445498 0.1618621 0.0000000 0.0619532 0.2622333 0.2464841 0.2100098 0.1946951 0.2210135 0.2623576 0.2413051 0.1994985 0.2226443 
taxon10    0.1381100 0.1255274 0.1674638 0.1582350 0.1167834 0.1169682 0.1233173 0.1309453 0.1576028 0.0619532 0.0000000 0.2719729 0.2481652 0.1985778 0.1981393 0.2282594 0.2716455 0.2503188 0.2072742 0.2289095 
taxon11    0.3110226 0.2823807 0.3133095 0.2992620 0.3028170 0.3080253 0.2629666 0.2419881 0.2998682 0.2622333 0.2719729 0.0000000 0.0675458 0.1444571 0.1383447 0.2041091 0.2240525 0.2104432 0.1638931 0.1964610 
taxon12    0.2791043 0.2519777 0.2816886 0.2680906 0.2739678 0.2789654 0.2422633 0.2220696 0.2721656 0.2464841 0.2481652 0.0675458 0.0000000 0.1267444 0.1442508 0.1965817 0.2354580 0.2176377 0.1777709 0.2154688 
taxon13    0.2255688 0.2173649 0.2704425 0.2398819 0.2137859 0.2290251 0.2189410 0.1747740 0.2230494 0.2100098 0.1985778 0.1444571 0.1267444 0.0000000 0.0726443 0.1698675 0.2187373 0.2010802 0.1437291 0.1675774 
taxon14    0.2261888 0.2230204 0.2663798 0.2427688 0.2153324 0.2278416 0.2182669 0.2012823 0.2507546 0.1946951 0.1981393 0.1383447 0.1442508 0.0726443 0.0000000 0.1685520 0.2100023 0.1844958 0.1425465 0.1658091 
taxon15    0.2537093 0.2460549 0.2695499 0.2592260 0.2436222 0.2500039 0.2488136 0.2324924 0.2745554 0.2210135 0.2282594 0.2041091 0.1965817 0.1698675 0.1685520 0.0000000 0.0956114 0.0940279 0.0742521 0.1125775 
taxon16    0.2797554 0.2528033 0.2822189 0.2772013 0.2618288 0.2827271 0.2956508 0.2749233 0.3183473 0.2623576 0.2716455 0.2240525 0.2354580 0.2187373 0.2100023 0.0956114 0.0000000 0.0449729 0.1184441 0.1421070 
taxon17    0.2594208 0.2327216 0.2666449 0.2576222 0.2548850 0.2590059 0.2858509 0.2754314 0.3188629 0.2413051 0.2503188 0.2104432 0.2176377 0.2010802 0.1844958 0.0940279 0.0449729 0.0000000 0.0963834 0.1202640 
taxon18    0.2450042 0.2219637 0.2557365 0.2467653 0.2340421 0.2391025 0.2220958 0.2063258 0.2599216 0.1994985 0.2072742 0.1638931 0.1777709 0.1437291 0.1425465 0.0742521 0.1184441 0.0963834 0.0000000 0.0404665 
taxon19    0.2509229 0.2517443 0.2715321 0.2647743 0.2440932 0.2526185 0.2342151 0.2185218 0.2716396 0.2226443 0.2289095 0.1964610 0.2154688 0.1675774 0.1658091 0.1125775 0.1421070 0.1202640 0.0404665 0.0000000 
