20
taxon0     0.0000000 0.1448055 0.2121379 0.2268953 0.2387373 0.2256691 0.2246821 0.2327159 0.2350628 0.2305257 0.2536802 0.2502087 0.2334218 0.2626336 0.2440721 0.2622300 0.2723356 0.2640612 0.2398257 0.2276951 
taxon1     0.1448055 0.0000000 0.1557633 0.1729793 0.1796995 0.1738269 0.1802135 0.1884407 0.1955886 0.2033013 0.2209942 0.2142762 0.2379210 0.2369115 0.2027630 0.2267969 0.2507111 0.2314786 0.1894786 0.1822988 
taxon2     0.2121379 0.1557633 0.0000000 0.0461394 0.1431973 0.1444165 0.1549447 0.1421963 0.1598356 0.1709110 0.1661958 0.1608034 0.2525143 0.2696142 0.2219239 0.2624386 0.2939921 0.2653141 0.2089445 0.2001637 
taxon3     0.2268953 0.1729793 0.0461394 0.0000000 0.1366938 0.1378528 0.1552954 0.1505855 0.1623322 0.1683631 0.1576033 0.1567930 0.2725882 0.2842115 0.2268036 0.2410185 0.2749141 0.2368222 0.2240211 0.2149262 
taxon4     0.2387373 0.1796995 0.1431973 0.1366938 0.0000000 0.0425165 0.0697759 0.1203904 0.1311163 0.1504301 0.1447624 0.1324357 0.2734152 0.2725658 0.2407490 0.2682053 0.2785403 0.2475326 0.2208937 0.2126854 
taxon5     0.2256691 0.1738269 0.1444165 0.1378528 0.0425165 0.0000000 0.0532373 0.1212070 0.1319929 0.1516417 0.1529163 0.1472679 0.2714218 0.2825311 0.2400267 0.2679610 0.2871906 0.2525899 0.2259469 0.2102185 
taxon6     0.2246821 0.1802135 0.1549447 0.1552954 0.0697759 0.0532373 0.0000000 0.1382865 0.1490170 0.1619747 0.1706876 0.1650349 0.2595380 0.2703017 0.2517156 0.2797909 0.2922751 0.2685466 0.2392915 0.2296248 
taxon7     0.2327159 0.1884407 0.1421963 0.1505855 0.1203904 0.1212070 0.1382865 0.0000000 0.0150523 0.0459590 0.0649376 0.0596228 0.2560719 0.2639244 0.2243894 0.2806524 0.2959424 0.2599089 0.2159842 0.2157841 
taxon8     0.2350628 0.1955886 0.1598356 0.1623322 0.1311163 0.1319929 0.1490170 0.0150523 0.0000000 0.0408178 0.0758460 0.0652279 0.2621390 0.2701705 0.2357231 0.2880683 0.3026998 0.2640960 0.2350133 0.2348012 
taxon9     0.2305257 0.2033013 0.1709110 0.1683631 0.1504301 0.1516417 0.1619747 0.0459590 0.0408178 0.0000000 0.0982830 0.0993699 0.2492955 0.2574469 0.2409239 0.2798174 0.3212458 0.2891086 0.2378626 0.2376468 
taxon10    0.2536802 0.2209942 0.1661958 0.1576033 0.1447624 0.1529163 0.1706876 0.0649376 0.0758460 0.0982830 0.0000000 0.0361175 0.2800309 0.2882834 0.2365223 0.2832612 0.3119284 0.2726610 0.2488523 0.2437934 
taxon11    0.2502087 0.2142762 0.1608034 0.1567930 0.1324357 0.1472679 0.1650349 0.0596228 0.0652279 0.0993699 0.0361175 0.0000000 0.2825093 0.2908691 0.2435869 0.2929691 0.2804621 0.2427659 0.2536822 0.2509806 
taxon12    0.2334218 0.2379210 0.2525143 0.2725882 0.2734152 0.2714218 0.2595380 0.2560719 0.2621390 0.2492955 0.2800309 0.2825093 0.0000000 0.0425247 0.1909846 0.2082020 0.2559724 0.2520252 0.2133257 0.2182136 
taxon13    0.2626336 0.2369115 0.2696142 0.2842115 0.2725658 0.2825311 0.2703017 0.2639244 0.2701705 0.2574469 0.2882834 0.2908691 0.0425247 0.0000000 0.2184758 0.2292160 0.2789814 0.2746802 0.2344965 0.2315746 
taxon14    0.2440721 0.2027630 0.2219239 0.2268036 0.2407490 0.2400267 0.2517156 0.2243894 0.2357231 0.2409239 0.2365223 0.2435869 0.1909846 0.2184758 0.0000000 0.0696558 0.1255633 0.1010342 0.1081618 0.0949525 
taxon15    0.2622300 0.2267969 0.2624386 0.2410185 0.2682053 0.2679610 0.2797909 0.2806524 0.2880683 0.2798174 0.2832612 0.2929691 0.2082020 0.2292160 0.0696558 0.0000000 0.0928273 0.0869200 0.1516518 0.1373190 
taxon16    0.2723356 0.2507111 0.2939921 0.2749141 0.2785403 0.2871906 0.2922751 0.2959424 0.3026998 0.3212458 0.3119284 0.2804621 0.2559724 0.2789814 0.1255633 0.0928273 0.0000000 0.0595039 0.1734003 0.1706936 
taxon17    0.2640612 0.2314786 0.2653141 0.2368222 0.2475326 0.2525899 0.2685466 0.2599089 0.2640960 0.2891086 0.2726610 0.2427659 0.2520252 0.2746802 0.1010342 0.0869200 0.0595039 0.0000000 0.1507479 0.1436135 
taxon18    0.2398257 0.1894786 0.2089445 0.2240211 0.2208937 0.2259469 0.2392915 0.2159842 0.2350133 0.2378626 0.2488523 0.2536822 0.2133257 0.2344965 0.1081618 0.1516518 0.1734003 0.1507479 0.0000000 0.0416921 
taxon19    0.2276951 0.1822988 0.2001637 0.2149262 0.2126854 0.2102185 0.2296248 0.2157841 0.2348012 0.2376468 0.2437934 0.2509806 0.2182136 0.2315746 0.0949525 0.1373190 0.1706936 0.1436135 0.0416921 0.0000000 
