20
taxon0     0.0000000 0.1248708 0.2034723 0.2853938 0.2982136 0.2707592 0.4293046 0.4509672 0.4443665 0.4458080 0.4508729 0.4101970 0.4098573 0.4526849 0.4932352 0.4718770 0.4800593 0.5028063 0.5048609 0.4678421 
taxon1     0.1248708 0.0000000 0.2107887 0.2950453 0.3074878 0.2672488 0.4545650 0.4708075 0.4558164 0.4649805 0.4619193 0.4585598 0.4430947 0.4468143 0.4774110 0.4720284 0.4617509 0.5157641 0.5113166 0.4770282 
taxon2     0.2034723 0.2107887 0.0000000 0.1584401 0.1894667 0.1778531 0.3973034 0.4566071 0.4299360 0.4186602 0.4248187 0.4301740 0.4713350 0.4824598 0.5029398 0.5060547 0.4995731 0.5258962 0.5117583 0.5096918 
taxon3     0.2853938 0.2950453 0.1584401 0.0000000 0.1707685 0.1458084 0.4754104 0.5126631 0.4978582 0.4895074 0.4907046 0.4937012 0.5188843 0.5305164 0.5439031 0.5433050 0.5599040 0.5734341 0.5670189 0.5540042 
taxon4     0.2982136 0.3074878 0.1894667 0.1707685 0.0000000 0.0661290 0.4512381 0.4971592 0.4671178 0.4907361 0.4945376 0.4888475 0.4933524 0.5191807 0.5256177 0.5478039 0.5433894 0.5776514 0.5506216 0.5536611 
taxon5     0.2707592 0.2672488 0.1778531 0.1458084 0.0661290 0.0000000 0.4509655 0.4733643 0.4621396 0.4697797 0.4776864 0.4806684 0.4780113 0.5102945 0.5193900 0.5123323 0.5122657 0.5516340 0.5507629 0.5448034 
taxon6     0.4293046 0.4545650 0.3973034 0.4754104 0.4512381 0.4509655 0.0000000 0.1323448 0.1212493 0.1412617 0.1597472 0.2548577 0.2849411 0.3133889 0.3306772 0.2849972 0.3215486 0.3369782 0.3577693 0.3730247 
taxon7     0.4509672 0.4708075 0.4566071 0.5126631 0.4971592 0.4733643 0.1323448 0.0000000 0.1225331 0.1504438 0.1788803 0.2686004 0.2981071 0.3294698 0.3332701 0.3057479 0.3336990 0.3532757 0.3918283 0.3903098 
taxon8     0.4443665 0.4558164 0.4299360 0.4978582 0.4671178 0.4621396 0.1212493 0.1225331 0.0000000 0.0722209 0.0990343 0.2697652 0.2759828 0.3037142 0.3187794 0.2940560 0.3079236 0.3553436 0.3664471 0.3675760 
taxon9     0.4458080 0.4649805 0.4186602 0.4895074 0.4907361 0.4697797 0.1412617 0.1504438 0.0722209 0.0000000 0.0443824 0.3121433 0.3246418 0.3510960 0.3579079 0.3389602 0.3657788 0.3947666 0.4265107 0.4247637 
taxon10    0.4508729 0.4619193 0.4248187 0.4907046 0.4945376 0.4776864 0.1597472 0.1788803 0.0990343 0.0443824 0.0000000 0.2991091 0.3101449 0.3492094 0.3602128 0.3298578 0.3419666 0.3863975 0.4241558 0.4327076 
taxon11    0.4101970 0.4585598 0.4301740 0.4937012 0.4888475 0.4806684 0.2548577 0.2686004 0.2697652 0.3121433 0.2991091 0.0000000 0.0978952 0.1841379 0.2038115 0.2068345 0.2449903 0.2519393 0.2736459 0.2631533 
taxon12    0.4098573 0.4430947 0.4713350 0.5188843 0.4933524 0.4780113 0.2849411 0.2981071 0.2759828 0.3246418 0.3101449 0.0978952 0.0000000 0.2020195 0.2042335 0.2207013 0.2655037 0.2675848 0.2899685 0.2788902 
taxon13    0.4526849 0.4468143 0.4824598 0.5305164 0.5191807 0.5102945 0.3133889 0.3294698 0.3037142 0.3510960 0.3492094 0.1841379 0.2020195 0.0000000 0.0788342 0.1798099 0.2254783 0.2534909 0.2791821 0.2730989 
taxon14    0.4932352 0.4774110 0.5029398 0.5439031 0.5256177 0.5193900 0.3306772 0.3332701 0.3187794 0.3579079 0.3602128 0.2038115 0.2042335 0.0788342 0.0000000 0.1906877 0.2288694 0.2730331 0.2910843 0.2884881 
taxon15    0.4718770 0.4720284 0.5060547 0.5433050 0.5478039 0.5123323 0.2849972 0.3057479 0.2940560 0.3389602 0.3298578 0.2068345 0.2207013 0.1798099 0.1906877 0.0000000 0.1181245 0.1558678 0.1856876 0.2141510 
taxon16    0.4800593 0.4617509 0.4995731 0.5599040 0.5433894 0.5122657 0.3215486 0.3336990 0.3079236 0.3657788 0.3419666 0.2449903 0.2655037 0.2254783 0.2288694 0.1181245 0.0000000 0.1397796 0.1749769 0.1979197 
taxon17    0.5028063 0.5157641 0.5258962 0.5734341 0.5776514 0.5516340 0.3369782 0.3532757 0.3553436 0.3947666 0.3863975 0.2519393 0.2675848 0.2534909 0.2730331 0.1558678 0.1397796 0.0000000 0.1089687 0.1307244 
taxon18    0.5048609 0.5113166 0.5117583 0.5670189 0.5506216 0.5507629 0.3577693 0.3918283 0.3664471 0.4265107 0.4241558 0.2736459 0.2899685 0.2791821 0.2910843 0.1856876 0.1749769 0.1089687 0.0000000 0.0792992 
taxon19    0.4678421 0.4770282 0.5096918 0.5540042 0.5536611 0.5448034 0.3730247 0.3903098 0.3675760 0.4247637 0.4327076 0.2631533 0.2788902 0.2730989 0.2884881 0.2141510 0.1979197 0.1307244 0.0792992 0.0000000 
