20
taxon0     0.0000000 0.1083066 0.1931678 0.1752003 0.4393688 0.4168863 0.3754429 0.4213445 0.5011109 0.5084440 0.5032336 0.4960667 0.4871129 0.4745904 0.4958993 0.5264479 0.5121847 0.4836292 0.4648790 0.4683997 
taxon1     0.1083066 0.0000000 0.1982184 0.1834455 0.4188312 0.3665098 0.3391036 0.3938434 0.4857662 0.4817296 0.4642505 0.4453394 0.4408249 0.4380020 0.4581619 0.5124941 0.4779955 0.4731786 0.4331882 0.4389193 
taxon2     0.1931678 0.1982184 0.0000000 0.1259667 0.4393663 0.4330975 0.3543928 0.4122067 0.5205961 0.5158659 0.4834844 0.5160970 0.5337220 0.5035874 0.5257771 0.5791629 0.5005325 0.4792271 0.4729280 0.4604491 
taxon3     0.1752003 0.1834455 0.1259667 0.0000000 0.4055353 0.3885341 0.3325412 0.3865185 0.4611657 0.4811435 0.4753442 0.4996403 0.4921489 0.4635745 0.4846903 0.5373535 0.4717013 0.4646604 0.4668415 0.4357983 
taxon4     0.4393688 0.4188312 0.4393663 0.4055353 0.0000000 0.2779946 0.2797580 0.4136938 0.4874710 0.4962767 0.5292762 0.4914707 0.4945844 0.4867325 0.5100670 0.5742403 0.4927318 0.5028460 0.5115005 0.5275446 
taxon5     0.4168863 0.3665098 0.4330975 0.3885341 0.2779946 0.0000000 0.1794120 0.2983192 0.3712243 0.3827424 0.5586412 0.4716524 0.5099121 0.5109387 0.4924296 0.5626343 0.4498289 0.4382090 0.4362561 0.4566606 
taxon6     0.3754429 0.3391036 0.3543928 0.3325412 0.2797580 0.1794120 0.0000000 0.1772213 0.2542822 0.2680509 0.4833757 0.4486083 0.4618733 0.3976591 0.4377894 0.5334858 0.4262876 0.4269752 0.4651039 0.4430502 
taxon7     0.4213445 0.3938434 0.4122067 0.3865185 0.4136938 0.2983192 0.1772213 0.0000000 0.1523019 0.1706140 0.5324834 0.5090055 0.5165795 0.4887976 0.5036371 0.5760065 0.4934387 0.5106383 0.5422846 0.5143296 
taxon8     0.5011109 0.4857662 0.5205961 0.4611657 0.4874710 0.3712243 0.2542822 0.1523019 0.0000000 0.1190165 0.6158223 0.5433584 0.5692335 0.5101183 0.5266361 0.5721254 0.6038618 0.5816164 0.5834529 0.5754358 
taxon9     0.5084440 0.4817296 0.5158659 0.4811435 0.4962767 0.3827424 0.2680509 0.1706140 0.1190165 0.0000000 0.6113949 0.5671950 0.5889683 0.5399559 0.5635615 0.6114309 0.5890524 0.5448021 0.6047405 0.5550609 
taxon10    0.5032336 0.4642505 0.4834844 0.4753442 0.5292762 0.5586412 0.4833757 0.5324834 0.6158223 0.6113949 0.0000000 0.2251976 0.2379858 0.2346701 0.2512755 0.3213020 0.3956749 0.3598049 0.3374411 0.3555610 
taxon11    0.4960667 0.4453394 0.5160970 0.4996403 0.4914707 0.4716524 0.4486083 0.5090055 0.5433584 0.5671950 0.2251976 0.0000000 0.0778838 0.0932275 0.0999737 0.1784439 0.3393689 0.3208003 0.3038362 0.3205424 
taxon12    0.4871129 0.4408249 0.5337220 0.4921489 0.4945844 0.5099121 0.4618733 0.5165795 0.5692335 0.5889683 0.2379858 0.0778838 0.0000000 0.0571281 0.0524834 0.1179309 0.3510454 0.3578137 0.3190033 0.3304183 
taxon13    0.4745904 0.4380020 0.5035874 0.4635745 0.4867325 0.5109387 0.3976591 0.4887976 0.5101183 0.5399559 0.2346701 0.0932275 0.0571281 0.0000000 0.0301730 0.1044179 0.3450727 0.3517284 0.3268012 0.3292831 
taxon14    0.4958993 0.4581619 0.5257771 0.4846903 0.5100670 0.4924296 0.4377894 0.5036371 0.5266361 0.5635615 0.2512755 0.0999737 0.0524834 0.0301730 0.0000000 0.0691068 0.3474727 0.3541757 0.3357696 0.3315604 
taxon15    0.5264479 0.5124941 0.5791629 0.5373535 0.5742403 0.5626343 0.5334858 0.5760065 0.5721254 0.6114309 0.3213020 0.1784439 0.1179309 0.1044179 0.0691068 0.0000000 0.4329002 0.4084669 0.3634885 0.3919431 
taxon16    0.5121847 0.4779955 0.5005325 0.4717013 0.4927318 0.4498289 0.4262876 0.4934387 0.6038618 0.5890524 0.3956749 0.3393689 0.3510454 0.3450727 0.3474727 0.4329002 0.0000000 0.1690272 0.2823631 0.2796407 
taxon17    0.4836292 0.4731786 0.4792271 0.4646604 0.5028460 0.4382090 0.4269752 0.5106383 0.5816164 0.5448021 0.3598049 0.3208003 0.3578137 0.3517284 0.3541757 0.4084669 0.1690272 0.0000000 0.2506887 0.2531116 
taxon18    0.4648790 0.4331882 0.4729280 0.4668415 0.5115005 0.4362561 0.4651039 0.5422846 0.5834529 0.6047405 0.3374411 0.3038362 0.3190033 0.3268012 0.3357696 0.3634885 0.2823631 0.2506887 0.0000000 0.1650768 
taxon19    0.4683997 0.4389193 0.4604491 0.4357983 0.5275446 0.4566606 0.4430502 0.5143296 0.5754358 0.5550609 0.3555610 0.3205424 0.3304183 0.3292831 0.3315604 0.3919431 0.2796407 0.2531116 0.1650768 0.0000000 
