19
taxon0     0.0000000 0.0287811 0.0240074 0.0239542 0.0190558 0.0238653 0.0190558 0.0238130 0.0239812 0.0385789 0.0384781 0.0384205 0.0335729 0.0438616 0.0387250 0.0387250 0.2128782 0.2015881 0.2026247 
taxon1     0.0287811 0.0000000 0.0190931 0.0287636 0.0191244 0.0239514 0.0191244 0.0238988 0.0190983 0.0336042 0.0191080 0.0287483 0.0239251 0.0388124 0.0388667 0.0388667 0.2140407 0.1949492 0.2163898 
taxon2     0.0240074 0.0190931 0.0000000 0.0192491 0.0047609 0.0095397 0.0047609 0.0095188 0.0095864 0.0240941 0.0240302 0.0239942 0.0191703 0.0292221 0.0241872 0.0241872 0.2209625 0.1967825 0.2106475 
taxon3     0.0239542 0.0287636 0.0192491 0.0000000 0.0143237 0.0191345 0.0143237 0.0190925 0.0094930 0.0238608 0.0286870 0.0286443 0.0238386 0.0289375 0.0339601 0.0339601 0.2082590 0.1948169 0.2100683 
taxon4     0.0190558 0.0191244 0.0047609 0.0143237 0.0000000 0.0047325 0.0000010 0.0047222 0.0047556 0.0191244 0.0190737 0.0190454 0.0142653 0.0241606 0.0191983 0.0191983 0.2133973 0.1894452 0.2031205 
taxon5     0.0238653 0.0239514 0.0095397 0.0191345 0.0047325 0.0000000 0.0047325 0.0094622 0.0095291 0.0239510 0.0238878 0.0238522 0.0190566 0.0290474 0.0240430 0.0240430 0.2196082 0.1955628 0.2093401 
taxon6     0.0190558 0.0191244 0.0047609 0.0143237 0.0000010 0.0047325 0.0000000 0.0047222 0.0047556 0.0191244 0.0190737 0.0190454 0.0142653 0.0241606 0.0191983 0.0191983 0.2133973 0.1894452 0.2031205 
taxon7     0.0238130 0.0238988 0.0095188 0.0190925 0.0047222 0.0094622 0.0047222 0.0000000 0.0095083 0.0238984 0.0238354 0.0238000 0.0190149 0.0289830 0.0239900 0.0239900 0.2190481 0.1950652 0.2088016 
taxon8     0.0239812 0.0190983 0.0095864 0.0094930 0.0047556 0.0095291 0.0047556 0.0095083 0.0000000 0.0142591 0.0190477 0.0190195 0.0142459 0.0192149 0.0241606 0.0241606 0.2207148 0.1826068 0.2104085 
taxon9     0.0385789 0.0336042 0.0240941 0.0238608 0.0191244 0.0239510 0.0191244 0.0238984 0.0142591 0.0000000 0.0142444 0.0142234 0.0094698 0.0143697 0.0192728 0.0192728 0.2265179 0.2007715 0.2291840 
taxon10    0.0384781 0.0191080 0.0240302 0.0286870 0.0190737 0.0238878 0.0190737 0.0238354 0.0190477 0.0142444 0.0000000 0.0094783 0.0047330 0.0191950 0.0192214 0.0192214 0.2133496 0.2068658 0.2286014 
taxon11    0.0384205 0.0287483 0.0239942 0.0286443 0.0190454 0.0238522 0.0190454 0.0238000 0.0190195 0.0142234 0.0094783 0.0000000 0.0047260 0.0191664 0.0191927 0.0191927 0.2255442 0.2065004 0.2281885 
taxon12    0.0335729 0.0239251 0.0191703 0.0238386 0.0142653 0.0190566 0.0142653 0.0190149 0.0142459 0.0094698 0.0047330 0.0047260 0.0000000 0.0143563 0.0143760 0.0143760 0.2194882 0.2005266 0.2220627 
taxon13    0.0438616 0.0388124 0.0292221 0.0289375 0.0241606 0.0290474 0.0241606 0.0289830 0.0192149 0.0143697 0.0191950 0.0191664 0.0143563 0.0000000 0.0047498 0.0047498 0.2348162 0.2087199 0.2376007 
taxon14    0.0387250 0.0388667 0.0241872 0.0339601 0.0191983 0.0240430 0.0191983 0.0239900 0.0241606 0.0192728 0.0192214 0.0191927 0.0143760 0.0047498 0.0000000 0.0000010 0.2273326 0.2158152 0.2300154 
taxon15    0.0387250 0.0388667 0.0241872 0.0339601 0.0191983 0.0240430 0.0191983 0.0239900 0.0241606 0.0192728 0.0192214 0.0191927 0.0143760 0.0047498 0.0000010 0.0000000 0.2273326 0.2158152 0.2300154 
taxon17    0.2128782 0.2140407 0.2209625 0.2082590 0.2133973 0.2196082 0.2133973 0.2190481 0.2207148 0.2265179 0.2133496 0.2255442 0.2194882 0.2348162 0.2273326 0.2273326 0.0000000 0.0392098 0.0393907 
taxon18    0.2015881 0.1949492 0.1967825 0.1948169 0.1894452 0.1955628 0.1894452 0.1950652 0.1826068 0.2007715 0.2068658 0.2065004 0.2005266 0.2087199 0.2158152 0.2158152 0.0392098 0.0000000 0.0196222 
taxon19    0.2026247 0.2163898 0.2106475 0.2100683 0.2031205 0.2093401 0.2031205 0.2088016 0.2104085 0.2291840 0.2286014 0.2281885 0.2220627 0.2376007 0.2300154 0.2300154 0.0393907 0.0196222 0.0000000 
