20
taxon0     0.0000000 0.3946376 0.2619850 0.5698628 0.6254831 0.6874110 0.7597485 0.7726548 0.6664518 0.7189937 0.7358960 0.8099713 0.8035364 0.9014325 0.8887617 0.7865412 0.8928511 0.8648248 0.7631733 0.9308729 
taxon1     0.3946376 0.0000000 0.2202739 0.6278419 0.7549850 0.7665774 0.8295250 0.8704733 0.7010083 0.6556176 0.7721955 0.8645590 0.8414602 0.9134705 0.9099183 0.8365809 0.8986163 0.8385584 0.7930409 0.8669976 
taxon2     0.2619850 0.2202739 0.0000000 0.5611716 0.5945797 0.6361730 0.7534292 0.7847648 0.5922799 0.5781836 0.6681594 0.7395353 0.7256585 0.7982748 0.8379332 0.7168831 0.8506399 0.8297080 0.7061423 0.7624668 
taxon3     0.5698628 0.6278419 0.5611716 0.0000000 0.4162262 0.5312389 0.6088495 0.6368101 0.5918053 0.6478665 0.7163080 0.7669731 0.7999374 0.9386455 0.9653532 0.8420132 0.8639294 0.8479206 0.7850160 0.8861931 
taxon4     0.6254831 0.7549850 0.5945797 0.4162262 0.0000000 0.3737388 0.4175570 0.4567857 0.6521519 0.7177201 0.7121424 0.7910187 0.8424298 0.9647811 0.9959877 0.8830112 0.8894428 0.8682464 0.7950529 0.8708081 
taxon5     0.6874110 0.7665774 0.6361730 0.5312389 0.3737388 0.0000000 0.3173320 0.3615349 0.7946946 0.7814765 0.7354562 0.8432550 0.8654575 0.9001077 1.0087412 0.9182410 0.8492046 0.8813340 0.7814926 0.8948282 
taxon6     0.7597485 0.8295250 0.7534292 0.6088495 0.4175570 0.3173320 0.0000000 0.1694816 0.7967695 0.9145521 0.8542895 0.8854664 0.9777043 0.8834684 1.0246480 0.9242553 0.9107519 0.9226660 0.8635583 0.9386623 
taxon7     0.7726548 0.8704733 0.7847648 0.6368101 0.4567857 0.3615349 0.1694816 0.0000000 0.7882254 0.8511872 0.8641157 0.9274218 0.9129241 0.9519882 1.0092376 0.9577993 0.9176065 0.9698892 0.8512816 0.9390239 
taxon8     0.6664518 0.7010083 0.5922799 0.5918053 0.6521519 0.7946946 0.7967695 0.7882254 0.0000000 0.4574122 0.5092183 0.6567450 0.6630962 0.9011860 0.9081660 0.8875441 0.8973598 0.8411992 0.7760776 0.9312496 
taxon9     0.7189937 0.6556176 0.5781836 0.6478665 0.7177201 0.7814765 0.9145521 0.8511872 0.4574122 0.0000000 0.3847295 0.4560650 0.4818499 1.0187293 0.9745495 0.8889072 0.8764151 0.9195681 0.7404315 0.9011912 
taxon10    0.7358960 0.7721955 0.6681594 0.7163080 0.7121424 0.7354562 0.8542895 0.8641157 0.5092183 0.3847295 0.0000000 0.3111785 0.3214392 0.9330488 0.9300622 0.8641646 0.9190144 0.9417037 0.7680726 0.9350677 
taxon11    0.8099713 0.8645590 0.7395353 0.7669731 0.7910187 0.8432550 0.8854664 0.9274218 0.6567450 0.4560650 0.3111785 0.0000000 0.2695421 0.9906114 0.9539916 0.8657941 0.9689139 0.9306818 0.8657030 1.0770635 
taxon12    0.8035364 0.8414602 0.7256585 0.7999374 0.8424298 0.8654575 0.9777043 0.9129241 0.6630962 0.4818499 0.3214392 0.2695421 0.0000000 0.9767478 0.9170836 0.8705431 0.9776767 0.9203621 0.8434323 1.0028844 
taxon13    0.9014325 0.9134705 0.7982748 0.9386455 0.9647811 0.9001077 0.8834684 0.9519882 0.9011860 1.0187293 0.9330488 0.9906114 0.9767478 0.0000000 0.3712016 0.3485070 0.5451309 0.5633812 0.6410302 0.6978270 
taxon14    0.8887617 0.9099183 0.8379332 0.9653532 0.9959877 1.0087412 1.0246480 1.0092376 0.9081660 0.9745495 0.9300622 0.9539916 0.9170836 0.3712016 0.0000000 0.2492055 0.5795525 0.5872739 0.6465120 0.7140704 
taxon15    0.7865412 0.8365809 0.7168831 0.8420132 0.8830112 0.9182410 0.9242553 0.9577993 0.8875441 0.8889072 0.8641646 0.8657941 0.8705431 0.3485070 0.2492055 0.0000000 0.4999660 0.5786346 0.5730628 0.6161908 
taxon16    0.8928511 0.8986163 0.8506399 0.8639294 0.8894428 0.8492046 0.9107519 0.9176065 0.8973598 0.8764151 0.9190144 0.9689139 0.9776767 0.5451309 0.5795525 0.4999660 0.0000000 0.3348384 0.6204008 0.7055604 
taxon17    0.8648248 0.8385584 0.8297080 0.8479206 0.8682464 0.8813340 0.9226660 0.9698892 0.8411992 0.9195681 0.9417037 0.9306818 0.9203621 0.5633812 0.5872739 0.5786346 0.3348384 0.0000000 0.6479938 0.7265014 
taxon18    0.7631733 0.7930409 0.7061423 0.7850160 0.7950529 0.7814926 0.8635583 0.8512816 0.7760776 0.7404315 0.7680726 0.8657030 0.8434323 0.6410302 0.6465120 0.5730628 0.6204008 0.6479938 0.0000000 0.3530042 
taxon19    0.9308729 0.8669976 0.7624668 0.8861931 0.8708081 0.8948282 0.9386623 0.9390239 0.9312496 0.9011912 0.9350677 1.0770635 1.0028844 0.6978270 0.7140704 0.6161908 0.7055604 0.7265014 0.3530042 0.0000000 
