20
taxon0     0.0000000 0.5555991 1.5122315 1.2316620 1.1890344 1.1503809 1.6625144 3.2798295 3.2587095 1.9632349 2.4713480 3.1363940 3.5982409 4.4994029 3.4706677 3.8938277 2.2978941 2.5071304 2.2981379 2.1477373 
taxon1     0.5555991 0.0000000 1.5400577 1.3727905 1.2553833 1.2645366 1.9291517 3.0768861 4.1291871 2.1506383 2.8477066 3.7119733 4.0729610 4.7868947 3.2041555 4.2664446 2.3605117 2.4948650 2.5729834 2.4904938 
taxon2     1.5122315 1.5400577 0.0000000 0.5646815 1.1059167 1.1558018 1.9720357 2.9792434 4.0982905 2.1867130 2.6056173 3.5468037 4.8010949 3.4173900 3.6553082 3.8726107 2.5800760 2.9733596 2.9551228 2.5080319 
taxon3     1.2316620 1.3727905 0.5646815 0.0000000 0.8901901 1.1463224 1.8882863 2.9415439 2.8781178 1.8795232 2.9495246 4.3266786 3.7704412 2.9375901 2.9638059 3.6404522 2.9060360 2.6993544 3.1808286 2.5814418 
taxon4     1.1890344 1.2553833 1.1059167 0.8901901 0.0000000 1.3015162 1.6823199 3.0497613 2.7341129 1.8673817 3.2857613 3.8685078 4.2960480 3.7201219 3.7101011 4.7221531 2.9471536 3.7083214 3.4483598 2.8418993 
taxon5     1.1503809 1.2645366 1.1558018 1.1463224 1.3015162 0.0000000 0.8783097 2.1856600 2.2128066 1.3740841 1.8667298 3.0315672 2.9044504 2.6595480 2.7239013 4.0935302 2.5376714 2.8354548 2.4463673 2.2910729 
taxon6     1.6625144 1.9291517 1.9720357 1.8882863 1.6823199 0.8783097 0.0000000 2.5949560 2.5297867 1.8729798 2.5324747 3.2973829 3.9463326 4.0524833 3.8823436 5.0651599 3.4253590 2.9664865 3.1428384 3.1006054 
taxon7     3.2798295 3.0768861 2.9792434 2.9415439 3.0497613 2.1856600 2.5949560 0.0000000 0.6143913 0.7436502 1.6407591 2.4819206 2.5857381 2.1364820 1.8764954 2.6010465 2.0315889 2.0805297 2.4961907 2.4617858 
taxon8     3.2587095 4.1291871 4.0982905 2.8781178 2.7341129 2.2128066 2.5297867 0.6143913 0.0000000 0.7618276 1.8637762 2.7560168 2.8489560 2.0916767 2.2077987 3.1242804 2.3662270 2.4868887 2.7873066 2.9539964 
taxon9     1.9632349 2.1506383 2.1867130 1.8795232 1.8673817 1.3740841 1.8729798 0.7436502 0.7618276 0.0000000 1.5698219 2.4354940 2.2413109 2.0968160 1.6814945 2.7289011 1.8398515 2.1682596 2.0763117 2.1216520 
taxon10    2.4713480 2.8477066 2.6056173 2.9495246 3.2857613 1.8667298 2.5324747 1.6407591 1.8637762 1.5698219 0.0000000 0.7888070 1.5139789 1.3068266 1.4098628 1.9986422 1.3636129 1.4298076 1.5942956 1.5617060 
taxon11    3.1363940 3.7119733 3.5468037 4.3266786 3.8685078 3.0315672 3.2973829 2.4819206 2.7560168 2.4354940 0.7888070 0.0000000 2.5969461 2.1614987 2.5282091 3.6101769 2.2239890 2.6136360 2.4441670 2.3558448 
taxon12    3.5982409 4.0729610 4.8010949 3.7704412 4.2960480 2.9044504 3.9463326 2.5857381 2.8489560 2.2413109 1.5139789 2.5969461 0.0000000 0.9416737 0.7862286 1.3279362 1.5975719 1.9105025 1.7573949 1.7848202 
taxon13    4.4994029 4.7868947 3.4173900 2.9375901 3.7201219 2.6595480 4.0524833 2.1364820 2.0916767 2.0968160 1.3068266 2.1614987 0.9416737 0.0000000 0.5698525 1.2218736 1.4893110 1.6235449 1.4781221 1.4850096 
taxon14    3.4706677 3.2041555 3.6553082 2.9638059 3.7101011 2.7239013 3.8823436 1.8764954 2.2077987 1.6814945 1.4098628 2.5282091 0.7862286 0.5698525 0.0000000 0.5374492 1.2164361 1.3951596 1.3672480 1.4025963 
taxon15    3.8938277 4.2664446 3.8726107 3.6404522 4.7221531 4.0935302 5.0651599 2.6010465 3.1242804 2.7289011 1.9986422 3.6101769 1.3279362 1.2218736 0.5374492 0.0000000 1.8250969 1.6423932 1.9109707 1.8023726 
taxon16    2.2978941 2.3605117 2.5800760 2.9060360 2.9471536 2.5376714 3.4253590 2.0315889 2.3662270 1.8398515 1.3636129 2.2239890 1.5975719 1.4893110 1.2164361 1.8250969 0.0000000 1.0475659 0.9364192 0.8819242 
taxon17    2.5071304 2.4948650 2.9733596 2.6993544 3.7083214 2.8354548 2.9664865 2.0805297 2.4868887 2.1682596 1.4298076 2.6136360 1.9105025 1.6235449 1.3951596 1.6423932 1.0475659 0.0000000 0.6991617 0.6510171 
taxon18    2.2981379 2.5729834 2.9551228 3.1808286 3.4483598 2.4463673 3.1428384 2.4961907 2.7873066 2.0763117 1.5942956 2.4441670 1.7573949 1.4781221 1.3672480 1.9109707 0.9364192 0.6991617 0.0000000 0.3025075 
taxon19    2.1477373 2.4904938 2.5080319 2.5814418 2.8418993 2.2910729 3.1006054 2.4617858 2.9539964 2.1216520 1.5617060 2.3558448 1.7848202 1.4850096 1.4025963 1.8023726 0.8819242 0.6510171 0.3025075 0.0000000 
