20
taxon0     0.0000000 0.0098385 0.0300004 0.0298787 0.0498227 0.0547750 0.0450078 0.0455801 0.0499337 0.0396606 0.2033424 0.2206950 0.2094287 0.2168868 0.2107540 0.2329487 0.2368031 0.2266111 0.2315510 0.2207953 
taxon1     0.0098385 0.0000000 0.0290120 0.0288973 0.0483806 0.0433904 0.0436626 0.0442064 0.0484866 0.0384440 0.2076965 0.2171522 0.2059488 0.2133403 0.2072496 0.2293169 0.2331749 0.2230232 0.2156154 0.2051975 
taxon2     0.0300004 0.0290120 0.0000000 0.0094986 0.0389536 0.0387492 0.0341866 0.0446213 0.0439755 0.0240985 0.2316672 0.2045731 0.1874049 0.1879976 0.1941176 0.1975498 0.2010491 0.1910105 0.2144181 0.1919746 
taxon3     0.0298787 0.0288973 0.0094986 0.0000000 0.0387992 0.0436609 0.0340505 0.0444418 0.0488409 0.0289066 0.2306681 0.1923494 0.1926271 0.1938513 0.2000020 0.2029040 0.2068529 0.1968144 0.2135003 0.1911638 
taxon4     0.0498227 0.0483806 0.0389536 0.0387992 0.0000000 0.0238685 0.0339568 0.0542941 0.0487122 0.0385269 0.2379174 0.2106019 0.1879205 0.2001035 0.2062903 0.1976335 0.2016130 0.2030138 0.2077117 0.1859167 
taxon5     0.0547750 0.0433904 0.0387492 0.0436609 0.0238685 0.0000000 0.0487528 0.0694551 0.0590702 0.0486636 0.2312735 0.2162064 0.1880753 0.2059547 0.2121709 0.2108790 0.2073780 0.2088151 0.2258358 0.1916896 
taxon6     0.0450078 0.0436626 0.0341866 0.0340505 0.0339568 0.0487528 0.0000000 0.0192517 0.0242628 0.0240379 0.2288717 0.2141953 0.2145404 0.2035447 0.2098357 0.2126914 0.2050235 0.2064654 0.2110936 0.2122629 
taxon7     0.0455801 0.0442064 0.0446213 0.0444418 0.0542941 0.0694551 0.0192517 0.0000000 0.0340296 0.0341596 0.2441441 0.2413009 0.2416911 0.2184473 0.2248930 0.2276515 0.2315734 0.2212752 0.2259481 0.2271836 
taxon8     0.0499337 0.0484866 0.0439755 0.0488409 0.0487122 0.0590702 0.0242628 0.0340296 0.0000000 0.0288916 0.2510508 0.2326405 0.2271255 0.2173238 0.2111224 0.2191917 0.2061505 0.2201510 0.2325667 0.2305582 
taxon9     0.0396606 0.0384440 0.0240985 0.0289066 0.0385269 0.0486636 0.0240379 0.0341596 0.0288916 0.0000000 0.2509713 0.2231235 0.2061380 0.1963284 0.2025499 0.1984191 0.2094268 0.1992962 0.2207549 0.1981295 
taxon10    0.2033424 0.2076965 0.2316672 0.2306681 0.2379174 0.2312735 0.2288717 0.2441441 0.2510508 0.2509713 0.0000000 0.0405398 0.0466569 0.0564622 0.0512644 0.0770029 0.0771262 0.0717183 0.0454810 0.0624182 
taxon11    0.2206950 0.2171522 0.2045731 0.1923494 0.2106019 0.2162064 0.2141953 0.2413009 0.2326405 0.2231235 0.0405398 0.0000000 0.0291000 0.0342650 0.0392643 0.0540162 0.0541011 0.0489690 0.0646500 0.0539253 
taxon12    0.2094287 0.2059488 0.1874049 0.1926271 0.1879205 0.1880753 0.2145404 0.2416911 0.2271255 0.2061380 0.0466569 0.0291000 0.0000000 0.0294283 0.0344243 0.0392154 0.0492778 0.0441569 0.0607526 0.0342154 
taxon13    0.2168868 0.2133403 0.1879976 0.1938513 0.2001035 0.2059547 0.2035447 0.2184473 0.2173238 0.1963284 0.0564622 0.0342650 0.0294283 0.0000000 0.0048177 0.0296639 0.0344235 0.0195407 0.0448228 0.0343603 
taxon14    0.2107540 0.2072496 0.1941176 0.2000020 0.2062903 0.2121709 0.2098357 0.2248930 0.2111224 0.2025499 0.0512644 0.0392643 0.0344243 0.0048177 0.0000000 0.0346994 0.0394460 0.0244901 0.0397574 0.0393736 
taxon15    0.2329487 0.2293169 0.1975498 0.2029040 0.1976335 0.2108790 0.2126914 0.2276515 0.2191917 0.1984191 0.0770029 0.0540162 0.0392154 0.0296639 0.0346994 0.0000000 0.0343147 0.0194785 0.0393529 0.0193491 
taxon16    0.2368031 0.2331749 0.2010491 0.2068529 0.2016130 0.2073780 0.2050235 0.2315734 0.2061505 0.2094268 0.0771262 0.0541011 0.0492778 0.0344235 0.0394460 0.0343147 0.0000000 0.0242200 0.0493828 0.0389412 
taxon17    0.2266111 0.2230232 0.1910105 0.1968144 0.2030138 0.2088151 0.2064654 0.2212752 0.2201510 0.1992962 0.0717183 0.0489690 0.0441569 0.0195407 0.0244901 0.0194785 0.0242200 0.0000000 0.0343408 0.0241756 
taxon18    0.2315510 0.2156154 0.2144181 0.2135003 0.2077117 0.2258358 0.2110936 0.2259481 0.2325667 0.2207549 0.0454810 0.0646500 0.0607526 0.0448228 0.0397574 0.0393529 0.0493828 0.0343408 0.0000000 0.0249151 
taxon19    0.2207953 0.2051975 0.1919746 0.1911638 0.1859167 0.1916896 0.2122629 0.2271836 0.2305582 0.1981295 0.0624182 0.0539253 0.0342154 0.0343603 0.0393736 0.0193491 0.0389412 0.0241756 0.0249151 0.0000000 
