20
taxon0     0.0000000 0.1432583 0.4048102 0.3937883 0.4041796 0.3283799 0.4456724 0.4456133 0.6020681 0.6359838 0.5996335 0.5273600 0.5474468 0.5262029 0.5524721 0.6058343 0.5691625 0.6388393 0.5986784 0.5589359 
taxon1     0.1432583 0.0000000 0.3772123 0.3701706 0.3810873 0.3228133 0.4687601 0.4924421 0.6312664 0.6437467 0.6178140 0.5156322 0.5634846 0.5129466 0.5798497 0.5970460 0.6047327 0.6332851 0.6205725 0.5953077 
taxon2     0.4048102 0.3772123 0.0000000 0.2044037 0.3177487 0.2833050 0.5376769 0.5175034 0.6837184 0.6448465 0.6350049 0.6051884 0.5917621 0.5514165 0.6558032 0.7067182 0.6848563 0.6753194 0.6536958 0.6279174 
taxon3     0.3937883 0.3701706 0.2044037 0.0000000 0.3107015 0.2635829 0.4946807 0.5246479 0.6524640 0.6837328 0.6443072 0.5550609 0.5461637 0.5463094 0.6105782 0.6117167 0.6322489 0.6612888 0.6553350 0.6513014 
taxon4     0.4041796 0.3810873 0.3177487 0.3107015 0.0000000 0.1495177 0.5282484 0.5321273 0.6370354 0.6672179 0.6813232 0.6117184 0.6643800 0.6095677 0.6377640 0.7248495 0.6932099 0.6873570 0.6765836 0.6927310 
taxon5     0.3283799 0.3228133 0.2833050 0.2635829 0.1495177 0.0000000 0.5019168 0.5176881 0.6503731 0.6725954 0.6767193 0.5595847 0.6175691 0.5707888 0.6230036 0.7385098 0.6769589 0.7318326 0.6679570 0.6800114 
taxon6     0.4456724 0.4687601 0.5376769 0.4946807 0.5282484 0.5019168 0.0000000 0.1545182 0.3730853 0.4077699 0.3526231 0.2753265 0.3015894 0.2938575 0.4626699 0.4808666 0.4802116 0.4897198 0.4240797 0.4105441 
taxon7     0.4456133 0.4924421 0.5175034 0.5246479 0.5321273 0.5176881 0.1545182 0.0000000 0.2664510 0.2595396 0.2216867 0.2942760 0.3201525 0.2907523 0.4692566 0.4930952 0.5187233 0.5360920 0.4568319 0.4467730 
taxon8     0.6020681 0.6312664 0.6837184 0.6524640 0.6370354 0.6503731 0.3730853 0.2664510 0.0000000 0.2886834 0.2268336 0.4573885 0.5339402 0.4873468 0.5544008 0.6426135 0.6236576 0.6215639 0.5743466 0.5798801 
taxon9     0.6359838 0.6437467 0.6448465 0.6837328 0.6672179 0.6725954 0.4077699 0.2595396 0.2886834 0.0000000 0.1867511 0.4336253 0.5196276 0.4996477 0.6140338 0.6421071 0.6245332 0.6127742 0.5574130 0.5238331 
taxon10    0.5996335 0.6178140 0.6350049 0.6443072 0.6813232 0.6767193 0.3526231 0.2216867 0.2268336 0.1867511 0.0000000 0.4401965 0.4914700 0.4877723 0.5487868 0.6006460 0.5841860 0.5947551 0.5238634 0.5146838 
taxon11    0.5273600 0.5156322 0.6051884 0.5550609 0.6117184 0.5595847 0.2753265 0.2942760 0.4573885 0.4336253 0.4401965 0.0000000 0.2766714 0.2388763 0.5564112 0.5077344 0.5123695 0.5059359 0.4610289 0.4635255 
taxon12    0.5474468 0.5634846 0.5917621 0.5461637 0.6643800 0.6175691 0.3015894 0.3201525 0.5339402 0.5196276 0.4914700 0.2766714 0.0000000 0.2101548 0.6176057 0.5748527 0.5396160 0.5735513 0.4696596 0.4486401 
taxon13    0.5262029 0.5129466 0.5514165 0.5463094 0.6095677 0.5707888 0.2938575 0.2907523 0.4873468 0.4996477 0.4877723 0.2388763 0.2101548 0.0000000 0.5828507 0.5682070 0.5266890 0.5440677 0.4560712 0.4975393 
taxon14    0.5524721 0.5798497 0.6558032 0.6105782 0.6377640 0.6230036 0.4626699 0.4692566 0.5544008 0.6140338 0.5487868 0.5564112 0.6176057 0.5828507 0.0000000 0.3932741 0.4510648 0.4595375 0.5342749 0.5386285 
taxon15    0.6058343 0.5970460 0.7067182 0.6117167 0.7248495 0.7385098 0.4808666 0.4930952 0.6426135 0.6421071 0.6006460 0.5077344 0.5748527 0.5682070 0.3932741 0.0000000 0.3182945 0.3120432 0.4972267 0.5128629 
taxon16    0.5691625 0.6047327 0.6848563 0.6322489 0.6932099 0.6769589 0.4802116 0.5187233 0.6236576 0.6245332 0.5841860 0.5123695 0.5396160 0.5266890 0.4510648 0.3182945 0.0000000 0.2367487 0.4342471 0.4546122 
taxon17    0.6388393 0.6332851 0.6753194 0.6612888 0.6873570 0.7318326 0.4897198 0.5360920 0.6215639 0.6127742 0.5947551 0.5059359 0.5735513 0.5440677 0.4595375 0.3120432 0.2367487 0.0000000 0.4580847 0.4987444 
taxon18    0.5986784 0.6205725 0.6536958 0.6553350 0.6765836 0.6679570 0.4240797 0.4568319 0.5743466 0.5574130 0.5238634 0.4610289 0.4696596 0.4560712 0.5342749 0.4972267 0.4342471 0.4580847 0.0000000 0.1699961 
taxon19    0.5589359 0.5953077 0.6279174 0.6513014 0.6927310 0.6800114 0.4105441 0.4467730 0.5798801 0.5238331 0.5146838 0.4635255 0.4486401 0.4975393 0.5386285 0.5128629 0.4546122 0.4987444 0.1699961 0.0000000 
