20
taxon0     0.0000000 0.0797026 0.4407936 0.4766821 0.4488543 0.5628020 0.5361324 0.4427886 0.3324794 0.3742797 0.4263525 0.4198783 0.5167635 0.6134629 0.5712108 0.5141014 0.6811316 0.8021650 0.7545364 0.5817276 
taxon1     0.0797026 0.0000000 0.3913701 0.4412440 0.4357224 0.5374745 0.5212160 0.4042667 0.3037892 0.3453395 0.4236531 0.3957346 0.5238787 0.6116017 0.5691884 0.5282618 0.6596454 0.8014815 0.7676077 0.5374270 
taxon2     0.4407936 0.3913701 0.0000000 0.3086061 0.3109615 0.4555715 0.3564427 0.4051726 0.3265628 0.3184808 0.4201703 0.4628585 0.5466880 0.8148166 0.8075165 0.7065833 0.9106399 1.0087724 0.9468839 0.7710196 
taxon3     0.4766821 0.4412440 0.3086061 0.0000000 0.2122509 0.3151908 0.2851085 0.5067284 0.3462725 0.3941813 0.4739348 0.4780365 0.5464601 0.8763419 0.8832365 0.7718188 0.9266843 1.0887255 1.0813362 0.8064078 
taxon4     0.4488543 0.4357224 0.3109615 0.2122509 0.0000000 0.2464071 0.2072151 0.4519244 0.3072059 0.3165729 0.3780024 0.3863398 0.4716306 0.7299745 0.7275296 0.6584935 0.8168331 0.8946337 0.9065640 0.6615598 
taxon5     0.5628020 0.5374745 0.4555715 0.3151908 0.2464071 0.0000000 0.1792454 0.5644915 0.4521519 0.4636805 0.5253578 0.5270715 0.6464224 0.8931593 0.8803618 0.7796755 0.9610746 1.0309522 1.0351591 0.8191496 
taxon6     0.5361324 0.5212160 0.3564427 0.2851085 0.2072151 0.1792454 0.0000000 0.5191679 0.4171554 0.4118855 0.4418347 0.4573125 0.5554154 0.8392885 0.8302303 0.7317183 0.9072095 0.9496351 0.9396710 0.7416009 
taxon7     0.4427886 0.4042667 0.4051726 0.5067284 0.4519244 0.5644915 0.5191679 0.0000000 0.1290844 0.2614020 0.3120972 0.3573540 0.4333906 0.6830634 0.6865003 0.6287387 0.7759111 0.9055037 0.8093052 0.6479565 
taxon8     0.3324794 0.3037892 0.3265628 0.3462725 0.3072059 0.4521519 0.4171554 0.1290844 0.0000000 0.1783510 0.2433276 0.2840152 0.3645154 0.6447779 0.6889645 0.6031245 0.7495304 0.8735644 0.8031572 0.6337962 
taxon9     0.3742797 0.3453395 0.3184808 0.3941813 0.3165729 0.4636805 0.4118855 0.2614020 0.1783510 0.0000000 0.1537484 0.1973594 0.2486182 0.7046638 0.7274015 0.6323830 0.8038851 0.9245536 0.8691064 0.6451072 
taxon10    0.4263525 0.4236531 0.4201703 0.4739348 0.3780024 0.5253578 0.4418347 0.3120972 0.2433276 0.1537484 0.0000000 0.0974415 0.1838082 0.7129787 0.7004135 0.6508487 0.7824525 0.9027041 0.8391154 0.6399186 
taxon11    0.4198783 0.3957346 0.4628585 0.4780365 0.3863398 0.5270715 0.4573125 0.3573540 0.2840152 0.1973594 0.0974415 0.0000000 0.1135608 0.7136075 0.7001671 0.6580233 0.7551374 0.9010533 0.8429688 0.6362185 
taxon12    0.5167635 0.5238787 0.5466880 0.5464601 0.4716306 0.6464224 0.5554154 0.4333906 0.3645154 0.2486182 0.1838082 0.1135608 0.0000000 0.8384170 0.8268781 0.7526205 0.9459886 1.0042758 0.9581314 0.7552460 
taxon13    0.6134629 0.6116017 0.8148166 0.8763419 0.7299745 0.8931593 0.8392885 0.6830634 0.6447779 0.7046638 0.7129787 0.7136075 0.8384170 0.0000000 0.1330189 0.1407918 0.3317868 0.3938111 0.3924168 0.2196157 
taxon14    0.5712108 0.5691884 0.8075165 0.8832365 0.7275296 0.8803618 0.8302303 0.6865003 0.6889645 0.7274015 0.7004135 0.7001671 0.8268781 0.1330189 0.0000000 0.1022632 0.2991004 0.3938998 0.3835365 0.2089137 
taxon15    0.5141014 0.5282618 0.7065833 0.7718188 0.6584935 0.7796755 0.7317183 0.6287387 0.6031245 0.6323830 0.6508487 0.6580233 0.7526205 0.1407918 0.1022632 0.0000000 0.2804206 0.3874028 0.3643137 0.1447488 
taxon16    0.6811316 0.6596454 0.9106399 0.9266843 0.8168331 0.9610746 0.9072095 0.7759111 0.7495304 0.8038851 0.7824525 0.7551374 0.9459886 0.3317868 0.2991004 0.2804206 0.0000000 0.2766508 0.3079697 0.2156727 
taxon17    0.8021650 0.8014815 1.0087724 1.0887255 0.8946337 1.0309522 0.9496351 0.9055037 0.8735644 0.9245536 0.9027041 0.9010533 1.0042758 0.3938111 0.3938998 0.3874028 0.2766508 0.0000000 0.1451872 0.3025304 
taxon18    0.7545364 0.7676077 0.9468839 1.0813362 0.9065640 1.0351591 0.9396710 0.8093052 0.8031572 0.8691064 0.8391154 0.8429688 0.9581314 0.3924168 0.3835365 0.3643137 0.3079697 0.1451872 0.0000000 0.3277019 
taxon19    0.5817276 0.5374270 0.7710196 0.8064078 0.6615598 0.8191496 0.7416009 0.6479565 0.6337962 0.6451072 0.6399186 0.6362185 0.7552460 0.2196157 0.2089137 0.1447488 0.2156727 0.3025304 0.3277019 0.0000000 
