20
taxon0     0.0000000 0.1880261 0.2830375 0.3745571 0.3709263 0.4108454 0.4017347 0.3250118 0.3292131 0.3759865 0.3757055 0.4765319 0.6131073 0.4895799 0.4575842 0.5093372 0.4810803 0.4922527 0.5286905 0.5377717 
taxon1     0.1880261 0.0000000 0.1339490 0.1867455 0.1831008 0.2264549 0.2314605 0.3373989 0.3490963 0.3665526 0.3567817 0.3882186 0.5035158 0.3855364 0.3910231 0.4821315 0.4678520 0.4759508 0.5150076 0.5439498 
taxon2     0.2830375 0.1339490 0.0000000 0.1866320 0.1721920 0.2017861 0.2096993 0.4065694 0.4090594 0.4148243 0.4037294 0.5226608 0.5681052 0.5063210 0.4725198 0.5393219 0.5636989 0.5581383 0.6173885 0.6280707 
taxon3     0.3745571 0.1867455 0.1866320 0.0000000 0.1016780 0.1258478 0.1168495 0.4589050 0.4962735 0.4722880 0.4551085 0.5269264 0.5052824 0.5354597 0.4873037 0.4527097 0.5041950 0.5693367 0.5764367 0.5769649 
taxon4     0.3709263 0.1831008 0.1721920 0.1016780 0.0000000 0.0351911 0.0414876 0.4652677 0.4944291 0.4695548 0.4643278 0.5567483 0.5321384 0.5546037 0.5439977 0.4769636 0.5425238 0.6099488 0.6241551 0.6275690 
taxon5     0.4108454 0.2264549 0.2017861 0.1258478 0.0351911 0.0000000 0.0249590 0.4641043 0.5212054 0.4921135 0.4849137 0.6001394 0.5527247 0.5745868 0.5562369 0.4970813 0.5717183 0.6689472 0.6739849 0.6777766 
taxon6     0.4017347 0.2314605 0.2096993 0.1168495 0.0414876 0.0249590 0.0000000 0.4744607 0.5246799 0.5085180 0.5026619 0.6151193 0.5569649 0.5761470 0.5515937 0.5049795 0.5763651 0.6693434 0.6688782 0.6906200 
taxon7     0.3250118 0.3373989 0.4065694 0.4589050 0.4652677 0.4641043 0.4744607 0.0000000 0.0946219 0.2426085 0.2342418 0.4221157 0.5382337 0.4163998 0.3743614 0.4479286 0.4432285 0.4654914 0.5004094 0.5181068 
taxon8     0.3292131 0.3490963 0.4090594 0.4962735 0.4944291 0.5212054 0.5246799 0.0946219 0.0000000 0.2225151 0.2077343 0.3924354 0.5431048 0.4195001 0.3569452 0.4757520 0.4613139 0.5081223 0.5503820 0.5640812 
taxon9     0.3759865 0.3665526 0.4148243 0.4722880 0.4695548 0.4921135 0.5085180 0.2426085 0.2225151 0.0000000 0.1254348 0.3980632 0.5115980 0.4380669 0.3776444 0.4562378 0.4713894 0.4953482 0.5150197 0.5381075 
taxon10    0.3757055 0.3567817 0.4037294 0.4551085 0.4643278 0.4849137 0.5026619 0.2342418 0.2077343 0.1254348 0.0000000 0.4654767 0.5532363 0.4599874 0.3841725 0.5093313 0.5035286 0.5431171 0.5622346 0.5870388 
taxon11    0.4765319 0.3882186 0.5226608 0.5269264 0.5567483 0.6001394 0.6151193 0.4221157 0.3924354 0.3980632 0.4654767 0.0000000 0.2915970 0.1888404 0.2399140 0.4181787 0.4024491 0.4302742 0.4747341 0.4717688 
taxon12    0.6131073 0.5035158 0.5681052 0.5052824 0.5321384 0.5527247 0.5569649 0.5382337 0.5431048 0.5115980 0.5532363 0.2915970 0.0000000 0.1563386 0.3430911 0.3921608 0.4603541 0.5249010 0.5414234 0.5416480 
taxon13    0.4895799 0.3855364 0.5063210 0.5354597 0.5546037 0.5745868 0.5761470 0.4163998 0.4195001 0.4380669 0.4599874 0.1888404 0.1563386 0.0000000 0.2431003 0.4206352 0.3816511 0.4317740 0.5015201 0.5247476 
taxon14    0.4575842 0.3910231 0.4725198 0.4873037 0.5439977 0.5562369 0.5515937 0.3743614 0.3569452 0.3776444 0.3841725 0.2399140 0.3430911 0.2431003 0.0000000 0.4277830 0.3659133 0.3669371 0.4472838 0.4421487 
taxon15    0.5093372 0.4821315 0.5393219 0.4527097 0.4769636 0.4970813 0.5049795 0.4479286 0.4757520 0.4562378 0.5093313 0.4181787 0.3921608 0.4206352 0.4277830 0.0000000 0.1699058 0.2573759 0.2824705 0.2935424 
taxon16    0.4810803 0.4678520 0.5636989 0.5041950 0.5425238 0.5717183 0.5763651 0.4432285 0.4613139 0.4713894 0.5035286 0.4024491 0.4603541 0.3816511 0.3659133 0.1699058 0.0000000 0.2326008 0.2525093 0.2761980 
taxon17    0.4922527 0.4759508 0.5581383 0.5693367 0.6099488 0.6689472 0.6693434 0.4654914 0.5081223 0.4953482 0.5431171 0.4302742 0.5249010 0.4317740 0.3669371 0.2573759 0.2326008 0.0000000 0.1896727 0.2035864 
taxon18    0.5286905 0.5150076 0.6173885 0.5764367 0.6241551 0.6739849 0.6688782 0.5004094 0.5503820 0.5150197 0.5622346 0.4747341 0.5414234 0.5015201 0.4472838 0.2824705 0.2525093 0.1896727 0.0000000 0.1139319 
taxon19    0.5377717 0.5439498 0.6280707 0.5769649 0.6275690 0.6777766 0.6906200 0.5181068 0.5640812 0.5381075 0.5870388 0.4717688 0.5416480 0.5247476 0.4421487 0.2935424 0.2761980 0.2035864 0.1139319 0.0000000 
