20
taxon0     0.0000000 0.0350558 0.0839515 0.0730285 0.0677406 0.0612130 0.0669781 0.0666105 0.0613835 0.2906221 0.3053585 0.2666489 0.2860432 0.3189975 0.3208231 0.3117850 0.3205266 0.3205266 0.3192578 0.3141494 
taxon1     0.0350558 0.0000000 0.0621648 0.0515066 0.0463080 0.0561774 0.0672859 0.0615515 0.0563342 0.2907568 0.3194310 0.2522714 0.2861764 0.3057618 0.3075488 0.2986233 0.3072307 0.3072307 0.3060203 0.3142985 
taxon2     0.0839515 0.0621648 0.0000000 0.0198698 0.0148856 0.0617357 0.0676678 0.0619338 0.0566863 0.2688716 0.3113786 0.2699233 0.2638753 0.2834863 0.2590331 0.2505844 0.2432067 0.2432067 0.2704455 0.3048961 
taxon3     0.0730285 0.0515066 0.0198698 0.0000000 0.0049332 0.0562684 0.0621022 0.0564477 0.0512386 0.2553228 0.2965975 0.2562050 0.2634503 0.2697058 0.2581837 0.2497693 0.2424211 0.2424211 0.2700101 0.2908069 
taxon4     0.0677406 0.0463080 0.0148856 0.0049332 0.0000000 0.0564508 0.0623062 0.0566327 0.0514065 0.2621299 0.3037038 0.2499216 0.2571229 0.2766330 0.2650559 0.2565659 0.2491541 0.2491541 0.2636636 0.2978951 
taxon5     0.0612130 0.0561774 0.0617357 0.0562684 0.0564508 0.0000000 0.0350475 0.0147681 0.0197703 0.2628316 0.3040721 0.2872295 0.2653899 0.2904257 0.2921549 0.2834152 0.2918158 0.2918158 0.2841322 0.2716733 
taxon6     0.0669781 0.0672859 0.0676678 0.0621022 0.0623062 0.0350475 0.0000000 0.0298768 0.0248567 0.2790936 0.3358774 0.3109966 0.2749666 0.2985330 0.3021377 0.2932266 0.3018101 0.3018101 0.2861381 0.2936463 
taxon7     0.0666105 0.0615515 0.0619338 0.0564477 0.0566327 0.0147681 0.0298768 0.0000000 0.0048916 0.2565886 0.2976310 0.2808018 0.2590838 0.2691282 0.2857557 0.2770718 0.2854077 0.2854077 0.2629527 0.2506603 
taxon8     0.0613835 0.0563342 0.0566863 0.0512386 0.0514065 0.0197703 0.0248567 0.0048916 0.0000000 0.2501963 0.3050999 0.2742183 0.2526265 0.2626899 0.2792008 0.2705749 0.2788442 0.2788442 0.2701320 0.2577769 
taxon9     0.2906221 0.2907568 0.2688716 0.2553228 0.2621299 0.2628316 0.2790936 0.2565886 0.2501963 0.0000000 0.0398678 0.0505209 0.0247052 0.0296677 0.0299342 0.0246461 0.0297985 0.0297985 0.0297564 0.0348343 
taxon10    0.3053585 0.3194310 0.3113786 0.2965975 0.3037038 0.3040721 0.3358774 0.2976310 0.3050999 0.0398678 0.0000000 0.0611103 0.0656451 0.0707407 0.0609726 0.0552514 0.0607331 0.0607331 0.0604692 0.0657332 
taxon11    0.2666489 0.2522714 0.2699233 0.2562050 0.2499216 0.2872295 0.3109966 0.2808018 0.2742183 0.0505209 0.0611103 0.0000000 0.0456538 0.0611415 0.0616595 0.0558686 0.0505056 0.0505056 0.0612169 0.0666892 
taxon12    0.2860432 0.2861764 0.2638753 0.2634503 0.2571229 0.2653899 0.2749666 0.2590838 0.2526265 0.0247052 0.0656451 0.0456538 0.0000000 0.0449850 0.0351513 0.0297698 0.0349952 0.0349952 0.0348850 0.0401276 
taxon13    0.3189975 0.3057618 0.2834863 0.2697058 0.2766330 0.2904257 0.2985330 0.2691282 0.2626899 0.0296677 0.0707407 0.0611415 0.0449850 0.0000000 0.0300597 0.0247483 0.0299229 0.0299229 0.0397036 0.0448630 
taxon14    0.3208231 0.3075488 0.2590331 0.2581837 0.2650559 0.2921549 0.3021377 0.2857557 0.2792008 0.0299342 0.0609726 0.0616595 0.0351513 0.0300597 0.0000000 0.0049627 0.0100005 0.0100005 0.0402789 0.0558460 
taxon15    0.3117850 0.2986233 0.2505844 0.2497693 0.2565659 0.2834152 0.2932266 0.2770718 0.2705749 0.0246461 0.0552514 0.0558686 0.0297698 0.0247483 0.0049627 0.0000000 0.0049377 0.0049377 0.0348271 0.0501827 
taxon16    0.3205266 0.3072307 0.2432067 0.2424211 0.2491541 0.2918158 0.3018101 0.2854077 0.2788442 0.0297985 0.0607331 0.0505056 0.0349952 0.0299229 0.0100005 0.0049377 0.0000000 0.0000010 0.0401043 0.0556209 
taxon17    0.3205266 0.3072307 0.2432067 0.2424211 0.2491541 0.2918158 0.3018101 0.2854077 0.2788442 0.0297985 0.0607331 0.0505056 0.0349952 0.0299229 0.0100005 0.0049377 0.0000010 0.0000000 0.0401043 0.0556209 
taxon18    0.3192578 0.3060203 0.2704455 0.2700101 0.2636636 0.2841322 0.2861381 0.2629527 0.2701320 0.0297564 0.0604692 0.0612169 0.0348850 0.0397036 0.0402789 0.0348271 0.0401043 0.0401043 0.0000000 0.0345307 
taxon19    0.3141494 0.3142985 0.3048961 0.2908069 0.2978951 0.2716733 0.2936463 0.2506603 0.2577769 0.0348343 0.0657332 0.0666892 0.0401276 0.0448630 0.0558460 0.0501827 0.0556209 0.0556209 0.0345307 0.0000000 
