20
taxon0     0.0000000 0.1106111 0.1419407 0.1358388 0.2444120 0.2771093 0.3411418 0.4096144 0.3373258 0.4324950 0.3868980 0.3555943 0.4045576 0.3788456 0.3770209 0.3727800 0.4347663 0.4055880 0.4808973 0.4238803 
taxon1     0.1106111 0.0000000 0.0755435 0.1170577 0.2580653 0.2889617 0.3162010 0.3888015 0.3151321 0.4073552 0.3585671 0.3940085 0.4071926 0.3883825 0.3928878 0.4212779 0.4852556 0.4744233 0.5310171 0.4563437 
taxon2     0.1419407 0.0755435 0.0000000 0.1091627 0.2835952 0.3022488 0.2851355 0.3626653 0.3299434 0.4124616 0.3631262 0.3884224 0.4169692 0.3999365 0.4046241 0.4176382 0.4652749 0.4395554 0.4768020 0.4176720 
taxon3     0.1358388 0.1170577 0.1091627 0.0000000 0.2798106 0.3195075 0.3598729 0.4202365 0.3592459 0.4545517 0.4183092 0.3956130 0.4223846 0.4174031 0.4223210 0.4258040 0.4811979 0.4749310 0.5457793 0.4927204 
taxon4     0.2444120 0.2580653 0.2835952 0.2798106 0.0000000 0.0892825 0.1314175 0.2053059 0.1623897 0.2466366 0.2107698 0.3330665 0.3669140 0.3428995 0.3450525 0.3824515 0.4032090 0.3548802 0.4504544 0.4185020 
taxon5     0.2771093 0.2889617 0.3022488 0.3195075 0.0892825 0.0000000 0.1426045 0.1723880 0.1365002 0.2141812 0.1767300 0.3844105 0.4318606 0.3962236 0.4059733 0.4346748 0.4550535 0.4173429 0.4986886 0.4682849 
taxon6     0.3411418 0.3162010 0.2851355 0.3598729 0.1314175 0.1426045 0.0000000 0.1272858 0.1385110 0.1884772 0.1537016 0.4168075 0.4301673 0.3801401 0.3889897 0.4671249 0.4451260 0.4191518 0.4884358 0.4160284 
taxon7     0.4096144 0.3888015 0.3626653 0.4202365 0.2053059 0.1723880 0.1272858 0.0000000 0.1041896 0.1447831 0.1385610 0.4614075 0.4765057 0.4463915 0.4561123 0.4738127 0.5027880 0.5113934 0.5593800 0.5201668 
taxon8     0.3373258 0.3151321 0.3299434 0.3592459 0.1623897 0.1365002 0.1385110 0.1041896 0.0000000 0.1191105 0.0987409 0.4328085 0.4515368 0.4271191 0.4299485 0.4728979 0.4764526 0.4717953 0.5319151 0.4979267 
taxon9     0.4324950 0.4073552 0.4124616 0.4545517 0.2466366 0.2141812 0.1884772 0.1447831 0.1191105 0.0000000 0.0859948 0.5083338 0.5380037 0.5056059 0.5161650 0.5225845 0.5422768 0.5442686 0.5651710 0.5257720 
taxon10    0.3868980 0.3585671 0.3631262 0.4183092 0.2107698 0.1767300 0.1537016 0.1385610 0.0987409 0.0859948 0.0000000 0.4683806 0.5073569 0.4738396 0.4865491 0.5088198 0.5238767 0.5147000 0.5319253 0.5032065 
taxon11    0.3555943 0.3940085 0.3884224 0.3956130 0.3330665 0.3844105 0.4168075 0.4614075 0.4328085 0.5083338 0.4683806 0.0000000 0.1456060 0.1336900 0.1344449 0.1772958 0.3184532 0.3027358 0.3258199 0.3102940 
taxon12    0.4045576 0.4071926 0.4169692 0.4223846 0.3669140 0.4318606 0.4301673 0.4765057 0.4515368 0.5380037 0.5073569 0.1456060 0.0000000 0.0903244 0.0785239 0.1950037 0.3116545 0.3416478 0.3526411 0.3144300 
taxon13    0.3788456 0.3883825 0.3999365 0.4174031 0.3428995 0.3962236 0.3801401 0.4463915 0.4271191 0.5056059 0.4738396 0.1336900 0.0903244 0.0000000 0.0352793 0.2014484 0.3106830 0.2987249 0.3241131 0.2939452 
taxon14    0.3770209 0.3928878 0.4046241 0.4223210 0.3450525 0.4059733 0.3889897 0.4561123 0.4299485 0.5161650 0.4865491 0.1344449 0.0785239 0.0352793 0.0000000 0.1937267 0.3042823 0.3026006 0.3269811 0.2827915 
taxon15    0.3727800 0.4212779 0.4176382 0.4258040 0.3824515 0.4346748 0.4671249 0.4738127 0.4728979 0.5225845 0.5088198 0.1772958 0.1950037 0.2014484 0.1937267 0.0000000 0.2847975 0.3129944 0.3126912 0.2780833 
taxon16    0.4347663 0.4852556 0.4652749 0.4811979 0.4032090 0.4550535 0.4451260 0.5027880 0.4764526 0.5422768 0.5238767 0.3184532 0.3116545 0.3106830 0.3042823 0.2847975 0.0000000 0.1087780 0.2052292 0.1656857 
taxon17    0.4055880 0.4744233 0.4395554 0.4749310 0.3548802 0.4173429 0.4191518 0.5113934 0.4717953 0.5442686 0.5147000 0.3027358 0.3416478 0.2987249 0.3026006 0.3129944 0.1087780 0.0000000 0.2114709 0.1706054 
taxon18    0.4808973 0.5310171 0.4768020 0.5457793 0.4504544 0.4986886 0.4884358 0.5593800 0.5319151 0.5651710 0.5319253 0.3258199 0.3526411 0.3241131 0.3269811 0.3126912 0.2052292 0.2114709 0.0000000 0.1200357 
taxon19    0.4238803 0.4563437 0.4176720 0.4927204 0.4185020 0.4682849 0.4160284 0.5201668 0.4979267 0.5257720 0.5032065 0.3102940 0.3144300 0.2939452 0.2827915 0.2780833 0.1656857 0.1706054 0.1200357 0.0000000 
