20
taxon0     0.0000000 0.1330070 0.2609918 0.3269061 0.2751523 0.2887796 0.2697385 0.3221694 0.2578781 0.2670663 0.2527423 0.3063789 0.2959064 0.2968157 0.3301608 0.3408702 0.3503004 0.3342255 0.3296176 0.3208450 
taxon1     0.1330070 0.0000000 0.2681813 0.3149757 0.2685167 0.2797378 0.2763213 0.2751246 0.2501008 0.2345273 0.2842904 0.2882079 0.2864311 0.2846098 0.3011642 0.3243969 0.3360326 0.3154458 0.3437086 0.3448249 
taxon2     0.2609918 0.2681813 0.0000000 0.1821587 0.1292127 0.2412962 0.2222213 0.2550721 0.2258525 0.1961977 0.2418726 0.2732433 0.2535792 0.2276061 0.2419617 0.2795337 0.2730766 0.2574279 0.2382363 0.2328805 
taxon3     0.3269061 0.3149757 0.1821587 0.0000000 0.0822778 0.2372470 0.2606479 0.2994934 0.2874241 0.2901607 0.3020660 0.2763227 0.2860724 0.2979675 0.2909759 0.2987587 0.3122211 0.3227230 0.2914069 0.3005353 
taxon4     0.2751523 0.2685167 0.1292127 0.0822778 0.0000000 0.1999245 0.2368487 0.2742574 0.2380936 0.2305032 0.2634471 0.2402029 0.2497097 0.2513299 0.2719283 0.2859456 0.3006028 0.3021358 0.2683414 0.2830859 
taxon5     0.2887796 0.2797378 0.2412962 0.2372470 0.1999245 0.0000000 0.0669651 0.1224043 0.1427998 0.1313603 0.1661506 0.1861828 0.1784221 0.1757818 0.1717770 0.1847809 0.2037137 0.1904200 0.1705567 0.1757158 
taxon6     0.2697385 0.2763213 0.2222213 0.2606479 0.2368487 0.0669651 0.0000000 0.0681315 0.1450575 0.1162538 0.1485950 0.1749482 0.1681389 0.1608370 0.1600761 0.1790444 0.1790346 0.1673278 0.1419505 0.1418772 
taxon7     0.3221694 0.2751246 0.2550721 0.2994934 0.2742574 0.1224043 0.0681315 0.0000000 0.1812458 0.1447103 0.1869321 0.2000370 0.1882499 0.1857731 0.1849764 0.2044221 0.1916836 0.1845142 0.1788537 0.1875015 
taxon8     0.2578781 0.2501008 0.2258525 0.2874241 0.2380936 0.1427998 0.1450575 0.1812458 0.0000000 0.0616764 0.1286907 0.1485365 0.1541279 0.1391745 0.1440974 0.1553522 0.1750011 0.1560382 0.1494914 0.1473031 
taxon9     0.2670663 0.2345273 0.1961977 0.2901607 0.2305032 0.1313603 0.1162538 0.1447103 0.0616764 0.0000000 0.1289025 0.1296758 0.1434672 0.1209756 0.1312185 0.1496255 0.1576008 0.1384276 0.1277905 0.1316246 
taxon10    0.2527423 0.2842904 0.2418726 0.3020660 0.2634471 0.1661506 0.1485950 0.1869321 0.1286907 0.1289025 0.0000000 0.0729043 0.0783889 0.1057003 0.1130724 0.1363635 0.1537584 0.1369822 0.1230523 0.1003586 
taxon11    0.3063789 0.2882079 0.2732433 0.2763227 0.2402029 0.1861828 0.1749482 0.2000370 0.1485365 0.1296758 0.0729043 0.0000000 0.0728443 0.1386298 0.1316993 0.1433461 0.1746837 0.1626515 0.1432428 0.1554930 
taxon12    0.2959064 0.2864311 0.2535792 0.2860724 0.2497097 0.1784221 0.1681389 0.1882499 0.1541279 0.1434672 0.0783889 0.0728443 0.0000000 0.1386051 0.1369127 0.1544602 0.1631043 0.1566501 0.1510347 0.1571371 
taxon13    0.2968157 0.2846098 0.2276061 0.2979675 0.2513299 0.1757818 0.1608370 0.1857731 0.1391745 0.1209756 0.1057003 0.1386298 0.1386051 0.0000000 0.0586896 0.0809597 0.0919918 0.0757478 0.0802491 0.0851144 
taxon14    0.3301608 0.3011642 0.2419617 0.2909759 0.2719283 0.1717770 0.1600761 0.1849764 0.1440974 0.1312185 0.1130724 0.1316993 0.1369127 0.0586896 0.0000000 0.0461394 0.0736899 0.0516435 0.0918858 0.0914384 
taxon15    0.3408702 0.3243969 0.2795337 0.2987587 0.2859456 0.1847809 0.1790444 0.2044221 0.1553522 0.1496255 0.1363635 0.1433461 0.1544602 0.0809597 0.0461394 0.0000000 0.0404580 0.0302055 0.1025268 0.1020313 
taxon16    0.3503004 0.3360326 0.2730766 0.3122211 0.3006028 0.2037137 0.1790346 0.1916836 0.1750011 0.1576008 0.1537584 0.1746837 0.1631043 0.0919918 0.0736899 0.0404580 0.0000000 0.0250966 0.1080405 0.1075189 
taxon17    0.3342255 0.3154458 0.2574279 0.3227230 0.3021358 0.1904200 0.1673278 0.1845142 0.1560382 0.1384276 0.1369822 0.1626515 0.1566501 0.0757478 0.0516435 0.0302055 0.0250966 0.0000000 0.0917534 0.0913078 
taxon18    0.3296176 0.3437086 0.2382363 0.2914069 0.2683414 0.1705567 0.1419505 0.1788537 0.1494914 0.1277905 0.1230523 0.1432428 0.1510347 0.0802491 0.0918858 0.1025268 0.1080405 0.0917534 0.0000000 0.0458165 
taxon19    0.3208450 0.3448249 0.2328805 0.3005353 0.2830859 0.1757158 0.1418772 0.1875015 0.1473031 0.1316246 0.1003586 0.1554930 0.1571371 0.0851144 0.0914384 0.1020313 0.1075189 0.0913078 0.0458165 0.0000000 
