20
taxon0     0.0000000 0.1753619 0.2498237 0.4048101 0.4281970 0.4868717 0.4894921 0.5881171 0.5583347 0.5654316 0.5805693 0.6323727 0.6446519 0.6127990 0.6399235 0.5988658 0.5258217 0.5742791 0.5863406 0.5753181 
taxon1     0.1753619 0.0000000 0.2231076 0.4062569 0.3945679 0.4379025 0.4459820 0.5295656 0.5138756 0.5223315 0.5807650 0.6638414 0.6412361 0.6502934 0.6535339 0.6066133 0.4581737 0.5347943 0.5457137 0.5212137 
taxon2     0.2498237 0.2231076 0.0000000 0.3394684 0.3600042 0.4232589 0.4345492 0.5415655 0.4856867 0.5309727 0.5848837 0.6520060 0.6796652 0.6537269 0.6774424 0.6257260 0.4777299 0.5350796 0.5564783 0.5217325 
taxon3     0.4048101 0.4062569 0.3394684 0.0000000 0.2496359 0.3505041 0.3590672 0.5492056 0.5444589 0.5749456 0.5865543 0.5996498 0.6480356 0.6635551 0.6612408 0.6039083 0.5278051 0.5484792 0.5762447 0.5683063 
taxon4     0.4281970 0.3945679 0.3600042 0.2496359 0.0000000 0.2892025 0.2630708 0.6059305 0.5472027 0.5996304 0.6573610 0.6528441 0.6750869 0.6481918 0.6566966 0.6018873 0.5531937 0.5874081 0.6059006 0.5751648 
taxon5     0.4868717 0.4379025 0.4232589 0.3505041 0.2892025 0.0000000 0.2248947 0.6592184 0.6231125 0.6621579 0.6381727 0.6841801 0.7225466 0.7036585 0.6918335 0.6722127 0.5883734 0.6419701 0.6568320 0.6291632 
taxon6     0.4894921 0.4459820 0.4345492 0.3590672 0.2630708 0.2248947 0.0000000 0.6053399 0.6036416 0.5912507 0.6325121 0.7053809 0.6724249 0.7101045 0.6937085 0.6547351 0.5475013 0.5969280 0.5942780 0.5667295 
taxon7     0.5881171 0.5295656 0.5415655 0.5492056 0.6059305 0.6592184 0.6053399 0.0000000 0.2724641 0.3497439 0.4217115 0.4980216 0.4704199 0.4990626 0.5370722 0.4769496 0.3801184 0.3902524 0.4380755 0.4148596 
taxon8     0.5583347 0.5138756 0.4856867 0.5444589 0.5472027 0.6231125 0.6036416 0.2724641 0.0000000 0.3430273 0.3978024 0.4734172 0.4443435 0.4304050 0.5036292 0.4302203 0.3365216 0.3865999 0.4275618 0.3904473 
taxon9     0.5654316 0.5223315 0.5309727 0.5749456 0.5996304 0.6621579 0.5912507 0.3497439 0.3430273 0.0000000 0.2279461 0.3198873 0.3332629 0.3257638 0.3819320 0.3583318 0.2869259 0.3181901 0.3285037 0.3427385 
taxon10    0.5805693 0.5807650 0.5848837 0.5865543 0.6573610 0.6381727 0.6325121 0.4217115 0.3978024 0.2279461 0.0000000 0.2613661 0.2695174 0.2752581 0.3405978 0.3200924 0.3451821 0.4167264 0.4416137 0.4492414 
taxon11    0.6323727 0.6638414 0.6520060 0.5996498 0.6528441 0.6841801 0.7053809 0.4980216 0.4734172 0.3198873 0.2613661 0.0000000 0.2614328 0.2381167 0.2907322 0.2855829 0.4033421 0.4885689 0.5196701 0.5062932 
taxon12    0.6446519 0.6412361 0.6796652 0.6480356 0.6750869 0.7225466 0.6724249 0.4704199 0.4443435 0.3332629 0.2695174 0.2614328 0.0000000 0.1997679 0.2899187 0.2364323 0.4385086 0.4740397 0.5058228 0.5024788 
taxon13    0.6127990 0.6502934 0.6537269 0.6635551 0.6481918 0.7036585 0.7101045 0.4990626 0.4304050 0.3257638 0.2752581 0.2381167 0.1997679 0.0000000 0.2108338 0.1951273 0.4495265 0.4654965 0.4408495 0.4866318 
taxon14    0.6399235 0.6535339 0.6774424 0.6612408 0.6566966 0.6918335 0.6937085 0.5370722 0.5036292 0.3819320 0.3405978 0.2907322 0.2899187 0.2108338 0.0000000 0.1677957 0.4459173 0.5268748 0.5441445 0.5109041 
taxon15    0.5988658 0.6066133 0.6257260 0.6039083 0.6018873 0.6722127 0.6547351 0.4769496 0.4302203 0.3583318 0.3200924 0.2855829 0.2364323 0.1951273 0.1677957 0.0000000 0.4165019 0.4734402 0.4917424 0.4618177 
taxon16    0.5258217 0.4581737 0.4777299 0.5278051 0.5531937 0.5883734 0.5475013 0.3801184 0.3365216 0.2869259 0.3451821 0.4033421 0.4385086 0.4495265 0.4459173 0.4165019 0.0000000 0.2647402 0.2716901 0.2618803 
taxon17    0.5742791 0.5347943 0.5350796 0.5484792 0.5874081 0.6419701 0.5969280 0.3902524 0.3865999 0.3181901 0.4167264 0.4885689 0.4740397 0.4654965 0.5268748 0.4734402 0.2647402 0.0000000 0.2306536 0.2359753 
taxon18    0.5863406 0.5457137 0.5564783 0.5762447 0.6059006 0.6568320 0.5942780 0.4380755 0.4275618 0.3285037 0.4416137 0.5196701 0.5058228 0.4408495 0.5441445 0.4917424 0.2716901 0.2306536 0.0000000 0.1345553 
taxon19    0.5753181 0.5212137 0.5217325 0.5683063 0.5751648 0.6291632 0.5667295 0.4148596 0.3904473 0.3427385 0.4492414 0.5062932 0.5024788 0.4866318 0.5109041 0.4618177 0.2618803 0.2359753 0.1345553 0.0000000 
