20
taxon0     0.0000000 0.0295488 0.0297452 0.0346301 0.0301022 0.0409577 0.0349269 0.0500762 0.0502011 0.0297769 0.0347153 0.0398043 0.0550025 0.1921755 0.1922367 0.2003031 0.2062540 0.2046899 0.1825310 0.1770887 
taxon1     0.0295488 0.0000000 0.0097341 0.0145699 0.0505421 0.0458337 0.0499830 0.0498100 0.0549775 0.0447425 0.0394828 0.0548284 0.0597399 0.2169403 0.1981193 0.2181623 0.2181920 0.2224529 0.1872484 0.1943943 
taxon2     0.0297452 0.0097341 0.0000000 0.0146670 0.0508792 0.0399728 0.0503130 0.0501378 0.0553386 0.0450379 0.0397430 0.0551876 0.0601290 0.2183561 0.1994241 0.2195913 0.2041687 0.2084772 0.1884639 0.1956571 
taxon3     0.0346301 0.0145699 0.0146670 0.0000000 0.0558494 0.0511454 0.0552314 0.0550387 0.0602470 0.0499393 0.0446192 0.0600838 0.0650102 0.2237639 0.2048174 0.2126819 0.2250576 0.2292903 0.1819252 0.2009661 
taxon4     0.0301022 0.0505421 0.0508792 0.0558494 0.0000000 0.0408794 0.0401185 0.0610495 0.0560712 0.0352748 0.0453466 0.0561305 0.0717932 0.1920724 0.1921335 0.2073553 0.2125377 0.2098485 0.2046393 0.1992639 
taxon5     0.0409577 0.0458337 0.0399728 0.0511454 0.0408794 0.0000000 0.0301848 0.0509630 0.0567520 0.0357353 0.0356093 0.0460383 0.0616443 0.1923108 0.2004352 0.2095176 0.1908597 0.2083605 0.2005236 0.1873045 
taxon6     0.0349269 0.0499830 0.0503130 0.0552314 0.0401185 0.0301848 0.0000000 0.0612848 0.0452023 0.0248249 0.0348649 0.0348443 0.0500255 0.1967078 0.1967715 0.1944780 0.1906962 0.2089602 0.1905498 0.1656452 
taxon7     0.0500762 0.0498100 0.0501378 0.0550387 0.0610495 0.0509630 0.0612848 0.0000000 0.0613911 0.0612590 0.0299948 0.0612223 0.0559392 0.2114632 0.2190896 0.2292927 0.2321284 0.2242273 0.2143719 0.2172614 
taxon8     0.0502011 0.0549775 0.0553386 0.0602470 0.0560712 0.0567520 0.0452023 0.0613911 0.0000000 0.0195993 0.0400067 0.0247126 0.0296195 0.1919318 0.1913057 0.2143603 0.2142312 0.2273608 0.1965007 0.1838463 
taxon9     0.0297769 0.0447425 0.0450379 0.0499393 0.0352748 0.0357353 0.0248249 0.0612590 0.0195993 0.0000000 0.0297583 0.0196188 0.0345009 0.1787958 0.1788487 0.1885383 0.2006353 0.2135856 0.1840455 0.1591295 
taxon10    0.0347153 0.0394828 0.0397430 0.0446192 0.0453466 0.0356093 0.0348649 0.0299948 0.0400067 0.0297583 0.0000000 0.0297398 0.0347919 0.2060762 0.2125578 0.2068610 0.1996801 0.1921474 0.1956219 0.1842286 
taxon11    0.0398043 0.0548284 0.0551876 0.0600838 0.0561305 0.0460383 0.0348443 0.0612223 0.0247126 0.0196188 0.0297398 0.0000000 0.0145514 0.1921687 0.2044324 0.2006871 0.2005356 0.2134827 0.1959764 0.1708412 
taxon12    0.0550025 0.0597399 0.0601290 0.0650102 0.0717932 0.0616443 0.0500255 0.0559392 0.0296195 0.0345009 0.0347919 0.0145514 0.0000000 0.2105439 0.2098543 0.2192492 0.2191298 0.2200754 0.2013472 0.1887141 
taxon13    0.1921755 0.2169403 0.2183561 0.2237639 0.1920724 0.1923108 0.1967078 0.2114632 0.1919318 0.1787958 0.2060762 0.1921687 0.2105439 0.0000000 0.0247744 0.0733220 0.0620864 0.0673986 0.0662324 0.0504251 
taxon14    0.1922367 0.1981193 0.1994241 0.2048174 0.1921335 0.2004352 0.1967715 0.2190896 0.1913057 0.1788487 0.2125578 0.2044324 0.2098543 0.0247744 0.0000000 0.0794318 0.0671997 0.0840954 0.0614321 0.0560716 
taxon15    0.2003031 0.2181623 0.2195913 0.2126819 0.2073553 0.2095176 0.1944780 0.2292927 0.2143603 0.1885383 0.2068610 0.2006871 0.2192492 0.0733220 0.0794318 0.0000000 0.0619499 0.0727419 0.0454932 0.0408027 
taxon16    0.2062540 0.2181920 0.2041687 0.2250576 0.2125377 0.1908597 0.1906962 0.2321284 0.2142312 0.2006353 0.1996801 0.2005356 0.2191298 0.0620864 0.0671997 0.0619499 0.0000000 0.0246158 0.0608070 0.0507803 
taxon17    0.2046899 0.2224529 0.2084772 0.2292903 0.2098485 0.2083605 0.2089602 0.2242273 0.2273608 0.2135856 0.1921474 0.2134827 0.2200754 0.0673986 0.0840954 0.0727419 0.0246158 0.0000000 0.0656543 0.0613219 
taxon18    0.1825310 0.1872484 0.1884639 0.1819252 0.2046393 0.2005236 0.1905498 0.2143719 0.1965007 0.1840455 0.1956219 0.1959764 0.2013472 0.0662324 0.0614321 0.0454932 0.0608070 0.0656543 0.0000000 0.0245254 
taxon19    0.1770887 0.1943943 0.1956571 0.2009661 0.1992639 0.1873045 0.1656452 0.2172614 0.1838463 0.1591295 0.1842286 0.1708412 0.1887141 0.0504251 0.0560716 0.0408027 0.0507803 0.0613219 0.0245254 0.0000000 
