20
taxon0     0.0000000 0.0634383 0.1012913 0.1013284 0.0792811 0.0959087 0.0956652 0.2277787 0.2745315 0.3029060 0.2975125 0.2660039 0.2736110 0.2489917 0.2493961 0.2651916 0.2651916 0.2745405 0.2685303 0.2768809 
taxon1     0.0634383 0.0000000 0.0607815 0.0505416 0.0401605 0.0454440 0.0453333 0.2824544 0.2524944 0.2802968 0.2748993 0.2704359 0.2780439 0.2401493 0.2395999 0.2748257 0.2748257 0.2654321 0.2463344 0.2676796 
taxon2     0.1012913 0.0607815 0.0000000 0.0197591 0.0197892 0.0248320 0.0247723 0.3348159 0.2841826 0.3110800 0.2912388 0.2957407 0.2890498 0.2647745 0.2641590 0.2728032 0.2728032 0.2634901 0.2708448 0.2791358 
taxon3     0.1013284 0.0505416 0.0197591 0.0000000 0.0197961 0.0148684 0.0148326 0.3215513 0.2713948 0.2981182 0.2783923 0.2958652 0.2891709 0.2648831 0.2642670 0.2729158 0.2729158 0.2635976 0.2709560 0.2792515 
taxon4     0.0792811 0.0401605 0.0197892 0.0197961 0.0000000 0.0148341 0.0147985 0.3065692 0.2572101 0.2835993 0.2782554 0.2685585 0.2761116 0.2384943 0.2379525 0.2463064 0.2463064 0.2373497 0.2444811 0.2524806 
taxon5     0.0959087 0.0454440 0.0248320 0.0148684 0.0148341 0.0000000 0.0098799 0.3148533 0.2649657 0.2915869 0.2862301 0.2893505 0.2970721 0.2585654 0.2579669 0.2665519 0.2665519 0.2573129 0.2646220 0.2728527 
taxon6     0.0956652 0.0453333 0.0247723 0.0148326 0.0147985 0.0098799 0.0000000 0.3139463 0.2642193 0.2907607 0.2854166 0.2885322 0.2962284 0.2578480 0.2572530 0.2658092 0.2658092 0.2566023 0.2638876 0.2720901 
taxon7     0.2277787 0.2824544 0.3348159 0.3215513 0.3065692 0.3148533 0.3139463 0.0000000 0.0959726 0.1185667 0.1198366 0.1002569 0.1061186 0.0880489 0.0881748 0.1027921 0.1027921 0.1092995 0.1040799 0.1101284 
taxon8     0.2745315 0.2524944 0.2841826 0.2713948 0.2572101 0.2649657 0.2642193 0.0959726 0.0000000 0.0295580 0.0298664 0.0675368 0.0731316 0.0560964 0.0666620 0.0777438 0.0777438 0.0716441 0.0611959 0.0667894 
taxon9     0.3029060 0.2802968 0.3110800 0.2981182 0.2835993 0.2915869 0.2907607 0.1185667 0.0295580 0.0000000 0.0197353 0.0571833 0.0627266 0.0459212 0.0564303 0.0671011 0.0671011 0.0611526 0.0456881 0.0511401 
taxon10    0.2975125 0.2748993 0.2912388 0.2783923 0.2782554 0.2862301 0.2854166 0.1198366 0.0298664 0.0197353 0.0000000 0.0683986 0.0631286 0.0568063 0.0675021 0.0783590 0.0783590 0.0722085 0.0565166 0.0621145 
taxon11    0.2660039 0.2704359 0.2957407 0.2958652 0.2685585 0.2893505 0.2885322 0.1002569 0.0675368 0.0571833 0.0683986 0.0000000 0.0150233 0.0199291 0.0199567 0.0456564 0.0456564 0.0400510 0.0249161 0.0197676 
taxon12    0.2736110 0.2780439 0.2890498 0.2891709 0.2761116 0.2970721 0.2962284 0.1061186 0.0731316 0.0627266 0.0631286 0.0150233 0.0000000 0.0250620 0.0250969 0.0510251 0.0510251 0.0453227 0.0300788 0.0248583 
taxon13    0.2489917 0.2401493 0.2647745 0.2648831 0.2384943 0.2585654 0.2578480 0.0880489 0.0560964 0.0459212 0.0568063 0.0199291 0.0250620 0.0000000 0.0097880 0.0247769 0.0247769 0.0195592 0.0146643 0.0197013 
taxon14    0.2493961 0.2395999 0.2641590 0.2642670 0.2379525 0.2579669 0.2572530 0.0881748 0.0666620 0.0564303 0.0675021 0.0199567 0.0250969 0.0097880 0.0000000 0.0348916 0.0348916 0.0295137 0.0245861 0.0297289 
taxon15    0.2651916 0.2748257 0.2728032 0.2729158 0.2463064 0.2665519 0.2658092 0.1027921 0.0777438 0.0671011 0.0783590 0.0456564 0.0510251 0.0247769 0.0348916 0.0000000 0.0000010 0.0048799 0.0297349 0.0349544 
taxon16    0.2651916 0.2748257 0.2728032 0.2729158 0.2463064 0.2665519 0.2658092 0.1027921 0.0777438 0.0671011 0.0783590 0.0456564 0.0510251 0.0247769 0.0348916 0.0000010 0.0000000 0.0048799 0.0297349 0.0349544 
taxon17    0.2745405 0.2654321 0.2634901 0.2635976 0.2373497 0.2573129 0.2566023 0.1092995 0.0716441 0.0611526 0.0722085 0.0400510 0.0453227 0.0195592 0.0295137 0.0048799 0.0048799 0.0000000 0.0244529 0.0295665 
taxon18    0.2685303 0.2463344 0.2708448 0.2709560 0.2444811 0.2646220 0.2638876 0.1040799 0.0611959 0.0456881 0.0565166 0.0249161 0.0300788 0.0146643 0.0245861 0.0297349 0.0297349 0.0244529 0.0000000 0.0147126 
taxon19    0.2768809 0.2676796 0.2791358 0.2792515 0.2524806 0.2728527 0.2720901 0.1101284 0.0667894 0.0511401 0.0621145 0.0197676 0.0248583 0.0197013 0.0297289 0.0349544 0.0349544 0.0295665 0.0147126 0.0000000 
