20
taxon0     0.0000000 0.1627094 0.2968952 0.3249737 0.3148906 0.3354847 0.3603808 0.4336451 0.4570877 0.4503210 0.3758626 0.4447509 0.4402084 0.3898161 0.3183724 0.3668536 0.3893551 0.4211639 0.5454039 0.5653435 
taxon1     0.1627094 0.0000000 0.2793901 0.3085728 0.3215500 0.3554443 0.3789587 0.4504401 0.5015071 0.4709648 0.3889939 0.4609136 0.4515435 0.3989370 0.3774976 0.4339440 0.4120393 0.4270810 0.5266874 0.5475011 
taxon2     0.2968952 0.2793901 0.0000000 0.1676522 0.1811516 0.3534214 0.3425121 0.4213167 0.4255251 0.3975902 0.3332229 0.3884039 0.3988411 0.3542541 0.4266344 0.4882308 0.4654903 0.4645282 0.5808753 0.6043445 
taxon3     0.3249737 0.3085728 0.1676522 0.0000000 0.0946841 0.3293396 0.3216783 0.4030213 0.4263180 0.3931845 0.3296928 0.4074172 0.3791977 0.3723863 0.4069618 0.4470135 0.4736693 0.4528041 0.5489864 0.5463305 
taxon4     0.3148906 0.3215500 0.1811516 0.0946841 0.0000000 0.3284189 0.3279980 0.3791132 0.4160254 0.3746465 0.2987878 0.4078007 0.3927763 0.3532009 0.3992160 0.4446994 0.4847947 0.5059194 0.6085208 0.6278978 
taxon5     0.3354847 0.3554443 0.3534214 0.3293396 0.3284189 0.0000000 0.0641544 0.2349110 0.2768945 0.2719382 0.2066057 0.2723342 0.2821969 0.2626414 0.4468791 0.4833111 0.5169984 0.5232589 0.5865582 0.6103597 
taxon6     0.3603808 0.3789587 0.3425121 0.3216783 0.3279980 0.0641544 0.0000000 0.2493844 0.2912934 0.2709195 0.2082561 0.2843537 0.2736209 0.2810965 0.4671110 0.5214841 0.5080950 0.5025611 0.5567978 0.5856590 
taxon7     0.4336451 0.4504401 0.4213167 0.4030213 0.3791132 0.2349110 0.2493844 0.0000000 0.1378673 0.1378157 0.2028212 0.2773319 0.2701065 0.2667722 0.5309621 0.5880821 0.5787882 0.5830836 0.6461105 0.6331366 
taxon8     0.4570877 0.5015071 0.4255251 0.4263180 0.4160254 0.2768945 0.2912934 0.1378673 0.0000000 0.0453028 0.2498111 0.3102031 0.3023265 0.2728589 0.5396989 0.6044368 0.6297948 0.6219979 0.6515575 0.6673559 
taxon9     0.4503210 0.4709648 0.3975902 0.3931845 0.3746465 0.2719382 0.2709195 0.1378157 0.0453028 0.0000000 0.2047914 0.2797828 0.2600700 0.2425433 0.5132086 0.5761709 0.5848088 0.5670138 0.6101070 0.6454038 
taxon10    0.3758626 0.3889939 0.3332229 0.3296928 0.2987878 0.2066057 0.2082561 0.2028212 0.2498111 0.2047914 0.0000000 0.1705004 0.1521166 0.1490825 0.4951190 0.5235135 0.5361240 0.5124462 0.5844437 0.5986209 
taxon11    0.4447509 0.4609136 0.3884039 0.4074172 0.4078007 0.2723342 0.2843537 0.2773319 0.3102031 0.2797828 0.1705004 0.0000000 0.1273229 0.1501133 0.5699833 0.5789654 0.5967901 0.5697886 0.6701223 0.6487935 
taxon12    0.4402084 0.4515435 0.3988411 0.3791977 0.3927763 0.2821969 0.2736209 0.2701065 0.3023265 0.2600700 0.1521166 0.1273229 0.0000000 0.1040342 0.5751437 0.5763323 0.5697026 0.5270769 0.6266978 0.6106433 
taxon13    0.3898161 0.3989370 0.3542541 0.3723863 0.3532009 0.2626414 0.2810965 0.2667722 0.2728589 0.2425433 0.1490825 0.1501133 0.1040342 0.0000000 0.5132762 0.5574831 0.5549567 0.5387606 0.6364418 0.6156463 
taxon14    0.3183724 0.3774976 0.4266344 0.4069618 0.3992160 0.4468791 0.4671110 0.5309621 0.5396989 0.5132086 0.4951190 0.5699833 0.5751437 0.5132762 0.0000000 0.1522750 0.2843607 0.3085721 0.4210020 0.4286078 
taxon15    0.3668536 0.4339440 0.4882308 0.4470135 0.4446994 0.4833111 0.5214841 0.5880821 0.6044368 0.5761709 0.5235135 0.5789654 0.5763323 0.5574831 0.1522750 0.0000000 0.2819789 0.3258226 0.4693771 0.4652945 
taxon16    0.3893551 0.4120393 0.4654903 0.4736693 0.4847947 0.5169984 0.5080950 0.5787882 0.6297948 0.5848088 0.5361240 0.5967901 0.5697026 0.5549567 0.2843607 0.2819789 0.0000000 0.1620528 0.2898961 0.3030575 
taxon17    0.4211639 0.4270810 0.4645282 0.4528041 0.5059194 0.5232589 0.5025611 0.5830836 0.6219979 0.5670138 0.5124462 0.5697886 0.5270769 0.5387606 0.3085721 0.3258226 0.1620528 0.0000000 0.1694181 0.1799320 
taxon18    0.5454039 0.5266874 0.5808753 0.5489864 0.6085208 0.5865582 0.5567978 0.6461105 0.6515575 0.6101070 0.5844437 0.6701223 0.6266978 0.6364418 0.4210020 0.4693771 0.2898961 0.1694181 0.0000000 0.0842396 
taxon19    0.5653435 0.5475011 0.6043445 0.5463305 0.6278978 0.6103597 0.5856590 0.6331366 0.6673559 0.6454038 0.5986209 0.6487935 0.6106433 0.6156463 0.4286078 0.4652945 0.3030575 0.1799320 0.0842396 0.0000000 
