20
taxon0     0.0000000 0.0491061 0.0823380 0.0875028 0.0820293 0.2409558 0.2555543 0.2443847 0.2289967 0.2468923 0.2351773 0.2630379 0.3011928 0.2817884 0.2875397 0.3229624 0.3162466 0.3222119 0.2674794 0.2503724 
taxon1     0.0491061 0.0000000 0.1142799 0.0976352 0.0921308 0.2457447 0.2603336 0.2691866 0.2399589 0.2448297 0.2461447 0.2741221 0.3058585 0.2994958 0.2982879 0.3204563 0.3137970 0.3197172 0.2521943 0.2618529 
taxon2     0.0823380 0.1142799 0.0000000 0.0549496 0.0497549 0.2614993 0.2700596 0.2587672 0.2493582 0.2761194 0.2561263 0.2305692 0.2890470 0.3037239 0.3162083 0.3241322 0.3129053 0.3189067 0.3067031 0.3046488 
taxon3     0.0875028 0.0976352 0.0549496 0.0000000 0.0048389 0.2536177 0.2684160 0.2710452 0.2415947 0.2680290 0.2482782 0.2425216 0.3012910 0.3018128 0.3005884 0.3229637 0.3011935 0.3071034 0.2981550 0.3105759 
taxon4     0.0820293 0.0921308 0.0497549 0.0048389 0.0000000 0.2467049 0.2613678 0.2639344 0.2347363 0.2609935 0.2413719 0.2356349 0.2940291 0.2945394 0.2933426 0.3155218 0.2939253 0.2998119 0.2908545 0.3031215 
taxon5     0.2409558 0.2457447 0.2614993 0.2536177 0.2467049 0.0000000 0.0098121 0.0350816 0.0196066 0.0499208 0.0447815 0.0552606 0.0809361 0.0758072 0.0807757 0.0970618 0.0917909 0.0968704 0.0715986 0.0678675 
taxon6     0.2555543 0.2603336 0.2700596 0.2684160 0.2613678 0.0098121 0.0000000 0.0349444 0.0297166 0.0605378 0.0450489 0.0550473 0.0806276 0.0755174 0.0918469 0.1031179 0.0979233 0.1030521 0.0827043 0.0791043 
taxon7     0.2443847 0.2691866 0.2587672 0.2710452 0.2639344 0.0350816 0.0349444 0.0000000 0.0199269 0.0611714 0.0455024 0.0556232 0.0920313 0.0868395 0.1035445 0.1150920 0.1098157 0.1150110 0.0778387 0.0632045 
taxon8     0.2289967 0.2399589 0.2493582 0.2415947 0.2347363 0.0196066 0.0297166 0.0199269 0.0000000 0.0398839 0.0247210 0.0451525 0.0811806 0.0760359 0.0810192 0.0973585 0.0920707 0.0971659 0.0664036 0.0625931 
taxon9     0.2468923 0.2448297 0.2761194 0.2680290 0.2609935 0.0499208 0.0605378 0.0611714 0.0398839 0.0000000 0.0449016 0.0554081 0.0706245 0.0655222 0.0809186 0.0972286 0.0813583 0.0761055 0.0559740 0.0625749 
taxon10    0.2351773 0.2461447 0.2561263 0.2482782 0.2413719 0.0447815 0.0450489 0.0455024 0.0247210 0.0449016 0.0000000 0.0399923 0.0810233 0.0811638 0.0861464 0.1025587 0.0972580 0.1023557 0.0823438 0.0899292 
taxon11    0.2630379 0.2741221 0.2305692 0.2425216 0.2356349 0.0552606 0.0550473 0.0556232 0.0451525 0.0554081 0.0399923 0.0000000 0.0497674 0.0601624 0.0762171 0.0872763 0.0712233 0.0762910 0.0935489 0.1014560 
taxon12    0.3011928 0.3058585 0.2890470 0.3012910 0.2940291 0.0809361 0.0806276 0.0920313 0.0811806 0.0706245 0.0810233 0.0497674 0.0000000 0.0145976 0.0396114 0.0500132 0.0348536 0.0398209 0.0983781 0.1173855 
taxon13    0.2817884 0.2994958 0.3037239 0.3018128 0.2945394 0.0758072 0.0755174 0.0868395 0.0760359 0.0655222 0.0811638 0.0601624 0.0145976 0.0000000 0.0246597 0.0449729 0.0298506 0.0348150 0.0931148 0.1119699 
taxon14    0.2875397 0.2982879 0.3162083 0.3005884 0.2933426 0.0807757 0.0918469 0.1035445 0.0810192 0.0809186 0.0861464 0.0762171 0.0396114 0.0246597 0.0000000 0.0345257 0.0295450 0.0344598 0.1090198 0.1283460 
taxon15    0.3229624 0.3204563 0.3241322 0.3229637 0.3155218 0.0970618 0.1031179 0.1150920 0.0973585 0.0972286 0.1025587 0.0872763 0.0500132 0.0449729 0.0345257 0.0000000 0.0402855 0.0351405 0.1261045 0.1460851 
taxon16    0.3162466 0.3137970 0.3129053 0.3011935 0.2939253 0.0917909 0.0979233 0.1098157 0.0920707 0.0813583 0.0972580 0.0712233 0.0348536 0.0298506 0.0295450 0.0402855 0.0000000 0.0146651 0.1096275 0.1290787 
taxon17    0.3222119 0.3197172 0.3189067 0.3071034 0.2998119 0.0968704 0.1030521 0.1150110 0.0971659 0.0761055 0.1023557 0.0762910 0.0398209 0.0348150 0.0344598 0.0351405 0.0146651 0.0000000 0.1148186 0.1343916 
taxon18    0.2674794 0.2521943 0.3067031 0.2981550 0.2908545 0.0715986 0.0827043 0.0778387 0.0664036 0.0559740 0.0823438 0.0935489 0.0983781 0.0931148 0.1090198 0.1261045 0.1096275 0.1148186 0.0000000 0.0516110 
taxon19    0.2503724 0.2618529 0.3046488 0.3105759 0.3031215 0.0678675 0.0791043 0.0632045 0.0625931 0.0625749 0.0899292 0.1014560 0.1173855 0.1119699 0.1283460 0.1460851 0.1290787 0.1343916 0.0516110 0.0000000 
