20
taxon0     0.0000000 0.0257832 0.0424681 0.0535344 0.0478912 0.0535344 0.0478004 0.0478004 0.0694974 0.0590445 0.0534661 0.0525024 0.0691315 0.0687231 0.0752878 0.1361682 0.1065712 0.1126013 0.1185485 0.1066728 
taxon1     0.0257832 0.0000000 0.0481804 0.0593743 0.0536566 0.0593743 0.0535540 0.0535540 0.0754370 0.0649333 0.0582791 0.0695879 0.0750515 0.0746066 0.0685350 0.1489053 0.1316822 0.1266641 0.1120444 0.1079765 
taxon2     0.0424681 0.0481804 0.0000000 0.0253013 0.0200637 0.0253013 0.0200809 0.0200809 0.0404674 0.0304597 0.0708407 0.0699910 0.0754821 0.0802706 0.0814202 0.1294935 0.1192817 0.1027974 0.1222173 0.1157009 
taxon3     0.0535344 0.0593743 0.0253013 0.0000000 0.0201274 0.0000010 0.0049875 0.0049875 0.0353333 0.0253300 0.0709163 0.0644841 0.0584018 0.0804813 0.0820288 0.1538660 0.1372291 0.1087603 0.1160377 0.1088924 
taxon4     0.0478912 0.0536566 0.0200637 0.0201274 0.0000000 0.0201274 0.0149774 0.0149774 0.0250272 0.0252424 0.0651196 0.0532899 0.0587003 0.0636808 0.0648488 0.1411610 0.1367186 0.1202086 0.1276042 0.1215248 
taxon5     0.0535344 0.0593743 0.0253013 0.0000010 0.0201274 0.0000000 0.0049875 0.0049875 0.0353333 0.0253300 0.0709163 0.0644841 0.0584018 0.0804813 0.0820288 0.1538660 0.1372291 0.1087603 0.1160377 0.1088924 
taxon6     0.0478004 0.0535540 0.0200809 0.0049875 0.0149774 0.0049875 0.0000000 0.0000010 0.0300471 0.0201048 0.0649354 0.0586341 0.0640545 0.0745093 0.0759432 0.1469380 0.1304244 0.1022055 0.1093569 0.1152313 
taxon7     0.0478004 0.0535540 0.0200809 0.0049875 0.0149774 0.0049875 0.0000010 0.0000000 0.0300471 0.0201048 0.0649354 0.0586341 0.0640545 0.0745093 0.0759432 0.1469380 0.1304244 0.1022055 0.1093569 0.1152313 
taxon8     0.0694974 0.0754370 0.0404674 0.0353333 0.0250272 0.0353333 0.0300471 0.0300471 0.0000000 0.0201026 0.0871628 0.0694507 0.0749001 0.0743211 0.0757481 0.1585929 0.1541680 0.1376268 0.1452062 0.1391174 
taxon9     0.0590445 0.0649333 0.0304597 0.0253300 0.0252424 0.0253300 0.0201048 0.0201048 0.0201026 0.0000000 0.0765627 0.0700442 0.0755359 0.0860635 0.0877073 0.1598442 0.1432105 0.1266378 0.1341271 0.1280233 
taxon10    0.0534661 0.0582791 0.0708407 0.0709163 0.0651196 0.0709163 0.0649354 0.0649354 0.0871628 0.0765627 0.0000000 0.0152670 0.0309145 0.0360698 0.0253226 0.1504332 0.1186351 0.1259511 0.1247790 0.1396898 
taxon11    0.0525024 0.0695879 0.0699910 0.0644841 0.0532899 0.0644841 0.0586341 0.0586341 0.0694507 0.0700442 0.0152670 0.0000000 0.0151446 0.0251768 0.0256751 0.1485842 0.1113746 0.1185129 0.1320621 0.1319637 
taxon12    0.0691315 0.0750515 0.0754821 0.0584018 0.0587003 0.0584018 0.0640545 0.0640545 0.0749001 0.0755359 0.0309145 0.0151446 0.0000000 0.0302606 0.0308542 0.1545061 0.1296945 0.1243274 0.1379853 0.1246474 
taxon13    0.0687231 0.0746066 0.0802706 0.0804813 0.0636808 0.0804813 0.0745093 0.0745093 0.0743211 0.0860635 0.0360698 0.0251768 0.0302606 0.0000000 0.0253893 0.1472277 0.1405384 0.1351999 0.1489873 0.1489218 
taxon14    0.0752878 0.0685350 0.0814202 0.0820288 0.0648488 0.0820288 0.0759432 0.0759432 0.0757481 0.0877073 0.0253226 0.0256751 0.0308542 0.0253893 0.0000000 0.1497727 0.1431364 0.1377209 0.1364687 0.1516950 
taxon15    0.1361682 0.1489053 0.1294935 0.1538660 0.1411610 0.1538660 0.1469380 0.1469380 0.1585929 0.1598442 0.1504332 0.1485842 0.1545061 0.1472277 0.1497727 0.0000000 0.0403836 0.0725030 0.0843666 0.0789455 
taxon16    0.1065712 0.1316822 0.1192817 0.1372291 0.1367186 0.1372291 0.1304244 0.1304244 0.1541680 0.1432105 0.1186351 0.1113746 0.1296945 0.1405384 0.1431364 0.0403836 0.0000000 0.0516443 0.0574968 0.0571741 
taxon17    0.1126013 0.1266641 0.1027974 0.1087603 0.1202086 0.1087603 0.1022055 0.1022055 0.1376268 0.1266378 0.1259511 0.1185129 0.1243274 0.1351999 0.1377209 0.0725030 0.0516443 0.0000000 0.0362617 0.0415438 
taxon18    0.1185485 0.1120444 0.1222173 0.1160377 0.1276042 0.1160377 0.1093569 0.1093569 0.1452062 0.1341271 0.1247790 0.1320621 0.1379853 0.1489873 0.1364687 0.0843666 0.0574968 0.0362617 0.0000000 0.0414549 
taxon19    0.1066728 0.1079765 0.1157009 0.1088924 0.1215248 0.1088924 0.1152313 0.1152313 0.1391174 0.1280233 0.1396898 0.1319637 0.1246474 0.1489218 0.1516950 0.0789455 0.0571741 0.0415438 0.0414549 0.0000000 
