20
taxon0     0.0000000 0.0000010 0.0145372 0.0244091 0.0342535 0.0293586 0.0343093 0.0360395 0.0577760 0.0517298 0.0625145 0.0572265 0.1820940 0.1834702 0.1827753 0.1827753 0.1834749 0.1769702 0.1706404 0.1706380 
taxon1     0.0000010 0.0000000 0.0145372 0.0244091 0.0342535 0.0293586 0.0343093 0.0360395 0.0577760 0.0517298 0.0625145 0.0572265 0.1820940 0.1834702 0.1827753 0.1827753 0.1834749 0.1769702 0.1706404 0.1706380 
taxon2     0.0145372 0.0145372 0.0000000 0.0242874 0.0242752 0.0242518 0.0291506 0.0360923 0.0578627 0.0518062 0.0626078 0.0573116 0.1881454 0.1952331 0.1828587 0.1828587 0.1892306 0.1826972 0.1822801 0.1822759 
taxon3     0.0244091 0.0244091 0.0242874 0.0000000 0.0095701 0.0047849 0.0095854 0.0575018 0.0688356 0.0625805 0.0735309 0.0681835 0.2059542 0.2014536 0.1951397 0.1951397 0.1964870 0.2031895 0.2016388 0.2016307 
taxon4     0.0342535 0.0342535 0.0242752 0.0095701 0.0000000 0.0095563 0.0143579 0.0574713 0.0687987 0.0625475 0.0734918 0.0681473 0.2112381 0.2067748 0.2004551 0.2004551 0.2018210 0.2085366 0.2069650 0.2069558 
taxon5     0.0293586 0.0293586 0.0242518 0.0047849 0.0095563 0.0000000 0.0047680 0.0574121 0.0687269 0.0624832 0.0734157 0.0680768 0.1990935 0.1945821 0.1883281 0.1883281 0.1896378 0.1962671 0.1947594 0.1947528 
taxon6     0.0343093 0.0343093 0.0291506 0.0095854 0.0143579 0.0047680 0.0000000 0.0626766 0.0740704 0.0677417 0.0787274 0.0733728 0.2050666 0.2005813 0.1942986 0.1942986 0.1956354 0.2023035 0.2007649 0.2007570 
taxon7     0.0360395 0.0360395 0.0360923 0.0575018 0.0574713 0.0574121 0.0626766 0.0000000 0.0301209 0.0403299 0.0508472 0.0456646 0.1806661 0.1819476 0.1752994 0.1752994 0.1694338 0.1630268 0.1759088 0.1691105 
taxon8     0.0577760 0.0577760 0.0578627 0.0688356 0.0687987 0.0687269 0.0740704 0.0301209 0.0000000 0.0299130 0.0300380 0.0249777 0.1956329 0.1713962 0.1769841 0.1769841 0.1589224 0.1653859 0.1784457 0.1715493 
taxon9     0.0517298 0.0517298 0.0518062 0.0625805 0.0625475 0.0624832 0.0677417 0.0403299 0.0299130 0.0000000 0.0296202 0.0246295 0.1746209 0.1805156 0.1739302 0.1739302 0.1681148 0.1745517 0.1816751 0.1806743 
taxon10    0.0625145 0.0625145 0.0626078 0.0735309 0.0734918 0.0734157 0.0787274 0.0508472 0.0300380 0.0296202 0.0000000 0.0048905 0.1995434 0.1813164 0.1868637 0.1868637 0.1688592 0.1753262 0.1824854 0.1814763 
taxon11    0.0572265 0.0572265 0.0573116 0.0681835 0.0681473 0.0680768 0.0733728 0.0456646 0.0249777 0.0246295 0.0048905 0.0000000 0.1933717 0.1752335 0.1807680 0.1807680 0.1628501 0.1692715 0.1763625 0.1753882 
taxon12    0.1820940 0.1820940 0.1881454 0.2059542 0.2112381 0.1990935 0.2050666 0.1806661 0.1956329 0.1746209 0.1995434 0.1933717 0.0000000 0.0306623 0.0254612 0.0254612 0.0305245 0.0253201 0.0251816 0.0253736 
taxon13    0.1834702 0.1834702 0.1952331 0.2014536 0.2067748 0.1945821 0.2005813 0.1819476 0.1713962 0.1805156 0.1813164 0.1752335 0.0306623 0.0000000 0.0100490 0.0100490 0.0101006 0.0152210 0.0203281 0.0101092 
taxon14    0.1827753 0.1827753 0.1828587 0.1951397 0.2004551 0.1883281 0.1942986 0.1752994 0.1769841 0.1739302 0.1868637 0.1807680 0.0254612 0.0100490 0.0000000 0.0000010 0.0151425 0.0202837 0.0305285 0.0202426 
taxon15    0.1827753 0.1827753 0.1828587 0.1951397 0.2004551 0.1883281 0.1942986 0.1752994 0.1769841 0.1739302 0.1868637 0.1807680 0.0254612 0.0100490 0.0000010 0.0000000 0.0151425 0.0202837 0.0305285 0.0202426 
taxon16    0.1834749 0.1834749 0.1892306 0.1964870 0.2018210 0.1896378 0.1956354 0.1694338 0.1589224 0.1681148 0.1688592 0.1628501 0.0305245 0.0101006 0.0151425 0.0151425 0.0000000 0.0050415 0.0203285 0.0101095 
taxon17    0.1769702 0.1769702 0.1826972 0.2031895 0.2085366 0.1962671 0.2023035 0.1630268 0.1653859 0.1745517 0.1753262 0.1692715 0.0253201 0.0152210 0.0202837 0.0202837 0.0050415 0.0000000 0.0151765 0.0050316 
taxon18    0.1706404 0.1706404 0.1822801 0.2016388 0.2069650 0.1947594 0.2007649 0.1759088 0.1784457 0.1816751 0.1824854 0.1763625 0.0251816 0.0203281 0.0305285 0.0305285 0.0203285 0.0151765 0.0000000 0.0100798 
taxon19    0.1706380 0.1706380 0.1822759 0.2016307 0.2069558 0.1947528 0.2007570 0.1691105 0.1715493 0.1806743 0.1814763 0.1753882 0.0253736 0.0101092 0.0202426 0.0202426 0.0101095 0.0050316 0.0100798 0.0000000 
