20
taxon0     0.0000000 0.0734769 0.0689304 0.0628677 0.0861345 0.1044493 0.1236840 0.1482824 0.1552306 0.1503101 0.1765655 0.1742148 0.1258212 0.1747287 0.1840866 0.3755144 0.3825840 0.4185374 0.4096586 0.4288950 
taxon1     0.0734769 0.0000000 0.0639688 0.0687576 0.0880940 0.1171851 0.1408237 0.1681172 0.1752972 0.1729548 0.1802607 0.1786507 0.1484462 0.1934434 0.2089273 0.3874489 0.3788026 0.4239760 0.4044130 0.4256056 
taxon2     0.0689304 0.0639688 0.0000000 0.0302821 0.0879266 0.1127653 0.1458183 0.1635358 0.1706707 0.1757212 0.1966509 0.1758021 0.1447916 0.1841577 0.1997658 0.3835422 0.3842715 0.4201155 0.4104381 0.4227402 
taxon3     0.0628677 0.0687576 0.0302821 0.0000000 0.0931750 0.1053626 0.1324570 0.1423522 0.1492017 0.1629418 0.1697511 0.1690855 0.1323161 0.1619394 0.1772840 0.3640706 0.3710336 0.4260689 0.4239138 0.4294624 
taxon4     0.0861345 0.0880940 0.0879266 0.0931750 0.0000000 0.0580760 0.0933846 0.1102278 0.1166700 0.1487515 0.1441536 0.1476985 0.1121486 0.1610078 0.1762929 0.3316695 0.3235010 0.3766694 0.3674100 0.3877599 
taxon5     0.1044493 0.1171851 0.1127653 0.1053626 0.0580760 0.0000000 0.0637956 0.0800130 0.0860185 0.1625030 0.1766690 0.1666628 0.1314300 0.1801685 0.1956344 0.3212865 0.3280371 0.3704411 0.3699188 0.3900993 
taxon6     0.1236840 0.1408237 0.1458183 0.1324570 0.0933846 0.0637956 0.0000000 0.0480839 0.0538445 0.1695494 0.1960630 0.1926631 0.1497826 0.1893119 0.1891442 0.3549644 0.3619478 0.4063134 0.4057211 0.4125469 
taxon7     0.1482824 0.1681172 0.1635358 0.1423522 0.1102278 0.0800130 0.0480839 0.0000000 0.0207967 0.1983468 0.2114445 0.2097939 0.1777776 0.2009285 0.1980630 0.3457929 0.3526600 0.4120833 0.4038294 0.4248352 
taxon8     0.1552306 0.1752972 0.1706707 0.1492017 0.1166700 0.0860185 0.0538445 0.0207967 0.0000000 0.2047000 0.2177689 0.2078225 0.1838373 0.1986494 0.1958078 0.3483837 0.3442586 0.4258070 0.4173646 0.4388251 
taxon9     0.1503101 0.1729548 0.1757212 0.1629418 0.1487515 0.1625030 0.1695494 0.1983468 0.2047000 0.0000000 0.0801800 0.1309538 0.0681427 0.1172863 0.1206767 0.3641071 0.3783533 0.3921080 0.3827025 0.3920144 
taxon10    0.1765655 0.1802607 0.1966509 0.1697511 0.1441536 0.1766690 0.1960630 0.2114445 0.2177689 0.0801800 0.0000000 0.1141540 0.0520886 0.0994159 0.1139612 0.3329454 0.3398682 0.3792394 0.3730114 0.3823640 
taxon11    0.1742148 0.1786507 0.1758021 0.1690855 0.1476985 0.1666628 0.1926631 0.2097939 0.2078225 0.1309538 0.1141540 0.0000000 0.0683505 0.0722031 0.0869140 0.3419119 0.3239503 0.3771435 0.3495939 0.3576769 
taxon12    0.1258212 0.1484462 0.1447916 0.1323161 0.1121486 0.1314300 0.1497826 0.1777776 0.1838373 0.0681427 0.0520886 0.0683505 0.0000000 0.0542904 0.0689066 0.3245757 0.3314313 0.3518131 0.3434452 0.3523662 
taxon13    0.1747287 0.1934434 0.1841577 0.1619394 0.1610078 0.1801685 0.1893119 0.2009285 0.1986494 0.1172863 0.0994159 0.0722031 0.0542904 0.0000000 0.0202106 0.3291105 0.3105463 0.3914110 0.3836863 0.3930396 
taxon14    0.1840866 0.2089273 0.1997658 0.1772840 0.1762929 0.1956344 0.1891442 0.1980630 0.1958078 0.1206767 0.1139612 0.0869140 0.0689066 0.0202106 0.0000000 0.3520261 0.3329373 0.4157874 0.4078152 0.4174067 
taxon15    0.3755144 0.3874489 0.3835422 0.3640706 0.3316695 0.3212865 0.3549644 0.3457929 0.3483837 0.3641071 0.3329454 0.3419119 0.3245757 0.3291105 0.3520261 0.0000000 0.0256506 0.0979637 0.1101825 0.1226440 
taxon16    0.3825840 0.3788026 0.3842715 0.3710336 0.3235010 0.3280371 0.3619478 0.3526600 0.3442586 0.3783533 0.3398682 0.3239503 0.3314313 0.3105463 0.3329373 0.0256506 0.0000000 0.0865432 0.0981001 0.1102810 
taxon17    0.4185374 0.4239760 0.4201155 0.4260689 0.3766694 0.3704411 0.4063134 0.4120833 0.4258070 0.3921080 0.3792394 0.3771435 0.3518131 0.3914110 0.4157874 0.0979637 0.0865432 0.0000000 0.0462641 0.0572012 
taxon18    0.4096586 0.4044130 0.4104381 0.4239138 0.3674100 0.3699188 0.4057211 0.4038294 0.4173646 0.3827025 0.3730114 0.3495939 0.3434452 0.3836863 0.4078152 0.1101825 0.0981001 0.0462641 0.0000000 0.0203142 
taxon19    0.4288950 0.4256056 0.4227402 0.4294624 0.3877599 0.3900993 0.4125469 0.4248352 0.4388251 0.3920144 0.3823640 0.3576769 0.3523662 0.3930396 0.4174067 0.1226440 0.1102810 0.0572012 0.0203142 0.0000000 
