20
taxon0     0.0000000 0.1003248 0.0853716 0.0801287 0.3216592 0.3310501 0.3441677 0.3502698 0.3620647 0.3691334 0.3395884 0.3318512 0.3610335 0.3221866 0.3559467 0.3682173 0.3372919 0.3756147 0.3631869 0.3380005 
taxon1     0.1003248 0.0000000 0.0744552 0.0638347 0.2799880 0.2998418 0.3138951 0.3119095 0.3043241 0.3109888 0.3041680 0.3092634 0.3100314 0.3197262 0.2584126 0.2771035 0.2691869 0.3111134 0.2871020 0.2707161 
taxon2     0.0853716 0.0744552 0.0000000 0.0191321 0.3096709 0.3318949 0.3288739 0.3529192 0.3501239 0.3570997 0.3442948 0.3365679 0.3503226 0.3184942 0.2981300 0.2659966 0.3223919 0.3246670 0.2880972 0.3089069 
taxon3     0.0801287 0.0638347 0.0191321 0.0000000 0.3096837 0.3298608 0.3446896 0.3507676 0.3479952 0.3549385 0.3422097 0.3345234 0.3482146 0.3119114 0.2759022 0.2749064 0.2996463 0.3169930 0.2973387 0.2864906 
taxon4     0.3216592 0.2799880 0.3096709 0.3096837 0.0000000 0.0336556 0.0339433 0.0494370 0.0591556 0.0642347 0.0433709 0.0480963 0.0482225 0.0332993 0.0741525 0.0726949 0.0678541 0.0953316 0.0838080 0.0836842 
taxon5     0.3310501 0.2998418 0.3318949 0.3298608 0.0336556 0.0000000 0.0238182 0.0285590 0.0379853 0.0428395 0.0286001 0.0333031 0.0234912 0.0431273 0.0894879 0.0885998 0.0828667 0.0895404 0.0899306 0.0990407 
taxon6     0.3441677 0.3138951 0.3288739 0.3446896 0.0339433 0.0238182 0.0000000 0.0238217 0.0332632 0.0381090 0.0392727 0.0540771 0.0437003 0.0484482 0.1021446 0.0892632 0.0951379 0.1128336 0.0906094 0.1118799 
taxon7     0.3502698 0.3119095 0.3529192 0.3507676 0.0494370 0.0285590 0.0238217 0.0000000 0.0139900 0.0186995 0.0435897 0.0483323 0.0381898 0.0591026 0.0954271 0.1061051 0.0944506 0.1059521 0.1018603 0.1110794 
taxon8     0.3620647 0.3043241 0.3501239 0.3479952 0.0591556 0.0379853 0.0332632 0.0139900 0.0000000 0.0046307 0.0585111 0.0632581 0.0528616 0.0687699 0.1005571 0.1052308 0.0995239 0.1219023 0.0963036 0.1054943 
taxon9     0.3691334 0.3109888 0.3570997 0.3549385 0.0642347 0.0428395 0.0381090 0.0186995 0.0046307 0.0000000 0.0635377 0.0682863 0.0578029 0.0738564 0.1058418 0.1105066 0.1047561 0.1272757 0.1015946 0.1107915 
taxon10    0.3395884 0.3041680 0.3442948 0.3422097 0.0433709 0.0286001 0.0392727 0.0435897 0.0585111 0.0635377 0.0000000 0.0232588 0.0234372 0.0531898 0.0833247 0.0937178 0.0721405 0.0729693 0.0788978 0.0879339 
taxon11    0.3318512 0.3092634 0.3365679 0.3345234 0.0480963 0.0333031 0.0540771 0.0483323 0.0632581 0.0682863 0.0232588 0.0000000 0.0186650 0.0481327 0.0929647 0.1033918 0.0816263 0.0825236 0.0785364 0.0922630 
taxon12    0.3610335 0.3100314 0.3503226 0.3482146 0.0482225 0.0234912 0.0437003 0.0381898 0.0528616 0.0578029 0.0234372 0.0186650 0.0000000 0.0576790 0.0882889 0.0987147 0.0873971 0.0883439 0.0945224 0.1035809 
taxon13    0.3221866 0.3197262 0.3184942 0.3119114 0.0332993 0.0431273 0.0484482 0.0591026 0.0687699 0.0738564 0.0531898 0.0481327 0.0576790 0.0000000 0.0950924 0.0882634 0.0778304 0.0953510 0.0788972 0.0885533 
taxon14    0.3559467 0.2584126 0.2981300 0.2759022 0.0741525 0.0894879 0.1021446 0.0954271 0.1005571 0.1058418 0.0833247 0.0929647 0.0882889 0.0950924 0.0000000 0.0238738 0.0335016 0.0487668 0.0540797 0.0383353 
taxon15    0.3682173 0.2771035 0.2659966 0.2749064 0.0726949 0.0885998 0.0892632 0.1061051 0.1052308 0.1105066 0.0937178 0.1033918 0.0987147 0.0882634 0.0238738 0.0000000 0.0481848 0.0489249 0.0383301 0.0530719 
taxon16    0.3372919 0.2691869 0.3223919 0.2996463 0.0678541 0.0828667 0.0951379 0.0944506 0.0995239 0.1047561 0.0721405 0.0816263 0.0873971 0.0778304 0.0335016 0.0481848 0.0000000 0.0483225 0.0586870 0.0429153 
taxon17    0.3756147 0.3111134 0.3246670 0.3169930 0.0953316 0.0895404 0.1128336 0.1059521 0.1219023 0.1272757 0.0729693 0.0825236 0.0883439 0.0953510 0.0487668 0.0489249 0.0483225 0.0000000 0.0524516 0.0683849 
taxon18    0.3631869 0.2871020 0.2880972 0.2973387 0.0838080 0.0899306 0.0906094 0.1018603 0.0963036 0.1015946 0.0788978 0.0785364 0.0945224 0.0788972 0.0540797 0.0383301 0.0586870 0.0524516 0.0000000 0.0436526 
taxon19    0.3380005 0.2707161 0.3089069 0.2864906 0.0836842 0.0990407 0.1118799 0.1110794 0.1054943 0.1107915 0.0879339 0.0922630 0.1035809 0.0885533 0.0383353 0.0530719 0.0429153 0.0683849 0.0436526 0.0000000 
