20
taxon0     0.0000000 0.0700645 0.0580230 0.0411859 0.0467402 0.0469376 0.0580237 0.0639423 0.0750008 0.2504137 0.2515068 0.2439749 0.2510113 0.2540006 0.2466727 0.2490725 0.2586923 0.2614583 0.2166024 0.2300394 
taxon1     0.0700645 0.0000000 0.0305403 0.0698028 0.0806979 0.0753976 0.0681026 0.0684687 0.0794451 0.2499988 0.2419279 0.2345302 0.2414431 0.2495964 0.2422844 0.2267799 0.2543082 0.2570317 0.2317481 0.2621439 
taxon2     0.0580230 0.0305403 0.0000000 0.0685419 0.0684589 0.0632497 0.0678917 0.0682561 0.0679557 0.2396395 0.2317247 0.2244663 0.2312517 0.2392500 0.2320799 0.2168938 0.2439438 0.2465304 0.2199054 0.2494992 
taxon3     0.0411859 0.0698028 0.0685419 0.0000000 0.0252193 0.0303178 0.0521552 0.0524151 0.0526108 0.2617163 0.2722091 0.2645131 0.2717011 0.2613032 0.2538949 0.2563488 0.2659955 0.2533922 0.2359780 0.2340590 
taxon4     0.0467402 0.0806979 0.0684589 0.0252193 0.0000000 0.0251207 0.0466738 0.0469071 0.0576460 0.2741769 0.2848373 0.2770746 0.2843252 0.2737546 0.2662708 0.2687950 0.2784093 0.2657549 0.2358807 0.2339615 
taxon5     0.0469376 0.0753976 0.0632497 0.0303178 0.0251207 0.0000000 0.0519466 0.0413890 0.0520198 0.2480573 0.2661980 0.2585388 0.2656926 0.2553839 0.2480155 0.2504338 0.2600918 0.2475197 0.2306029 0.2285097 
taxon6     0.0580237 0.0681026 0.0678917 0.0521552 0.0466738 0.0519466 0.0000000 0.0405674 0.0510017 0.2891896 0.2807969 0.2731203 0.2802903 0.2887550 0.2811399 0.2649473 0.2933900 0.2965512 0.2487222 0.2506007 
taxon7     0.0639423 0.0684687 0.0682561 0.0524151 0.0469071 0.0413890 0.0405674 0.0000000 0.0098898 0.2754043 0.2615655 0.2595689 0.2666370 0.2617850 0.2543853 0.2515581 0.2664682 0.2770203 0.2353722 0.2516160 
taxon8     0.0750008 0.0794451 0.0679557 0.0526108 0.0576460 0.0520198 0.0510017 0.0098898 0.0000000 0.2615529 0.2478551 0.2459423 0.2529137 0.2480857 0.2407969 0.2380879 0.2527938 0.2630705 0.2487616 0.2652637 
taxon9     0.2504137 0.2499988 0.2396395 0.2617163 0.2741769 0.2480573 0.2891896 0.2754043 0.2615529 0.0000000 0.0364554 0.0310453 0.0363378 0.0505766 0.0452461 0.0458577 0.0553122 0.0558410 0.0679181 0.0779429 
taxon10    0.2515068 0.2419279 0.2317247 0.2722091 0.2848373 0.2661980 0.2807969 0.2615655 0.2478551 0.0364554 0.0000000 0.0149029 0.0199428 0.0464390 0.0409705 0.0353316 0.0512087 0.0462739 0.0628079 0.0917326 
taxon11    0.2439749 0.2345302 0.2244663 0.2645131 0.2770746 0.2585388 0.2731203 0.2595689 0.2459423 0.0310453 0.0149029 0.0000000 0.0148538 0.0460358 0.0406147 0.0300809 0.0507706 0.0512608 0.0572003 0.0857921 
taxon12    0.2510113 0.2414431 0.2312517 0.2717011 0.2843252 0.2656926 0.2802903 0.2666370 0.2529137 0.0363378 0.0199428 0.0148538 0.0000000 0.0513327 0.0458560 0.0352205 0.0560495 0.0565920 0.0626194 0.0914728 
taxon13    0.2540006 0.2495964 0.2392500 0.2613032 0.2737546 0.2553839 0.2887550 0.2617850 0.2480857 0.0505766 0.0464390 0.0460358 0.0513327 0.0000000 0.0098407 0.0303304 0.0196364 0.0249147 0.0567999 0.0724749 
taxon14    0.2466727 0.2422844 0.2320799 0.2538949 0.2662708 0.2480155 0.2811399 0.2543853 0.2407969 0.0452461 0.0409705 0.0406147 0.0458560 0.0098407 0.0000000 0.0250061 0.0196456 0.0249267 0.0619398 0.0776376 
taxon15    0.2490725 0.2267799 0.2168938 0.2563488 0.2687950 0.2504338 0.2649473 0.2515581 0.2380879 0.0458577 0.0353316 0.0300809 0.0352205 0.0303304 0.0250061 0.0000000 0.0249003 0.0353433 0.0508051 0.0786441 
taxon16    0.2586923 0.2543082 0.2439438 0.2659955 0.2784093 0.2600918 0.2933900 0.2664682 0.2527938 0.0553122 0.0512087 0.0507706 0.0560495 0.0196364 0.0196456 0.0249003 0.0000000 0.0247907 0.0615922 0.0772009 
taxon17    0.2614583 0.2570317 0.2465304 0.2533922 0.2657549 0.2475197 0.2965512 0.2770203 0.2630705 0.0558410 0.0462739 0.0512608 0.0565920 0.0249147 0.0249267 0.0353433 0.0247907 0.0000000 0.0621906 0.0779513 
taxon18    0.2166024 0.2317481 0.2199054 0.2359780 0.2358807 0.2306029 0.2487222 0.2353722 0.2487616 0.0679181 0.0628079 0.0572003 0.0626194 0.0567999 0.0619398 0.0508051 0.0615922 0.0621906 0.0000000 0.0254891 
taxon19    0.2300394 0.2621439 0.2494992 0.2340590 0.2339615 0.2285097 0.2506007 0.2516160 0.2652637 0.0779429 0.0917326 0.0857921 0.0914728 0.0724749 0.0776376 0.0786441 0.0772009 0.0779513 0.0254891 0.0000000 
