20
taxon0     0.0000000 0.1940603 0.1451682 0.3445002 0.3012049 0.3029201 0.2524569 0.3073180 0.2973635 0.4372094 0.4780910 0.5853694 0.5045703 0.6282579 0.6033219 0.6251212 0.6368665 0.6000010 0.6272704 0.6080189 
taxon1     0.1940603 0.0000000 0.1126261 0.3710048 0.3499050 0.3585608 0.3102251 0.3478044 0.3075759 0.4748793 0.4757142 0.6134806 0.5303920 0.6700660 0.6529789 0.6871303 0.6735956 0.6025232 0.6329773 0.6265582 
taxon2     0.1451682 0.1126261 0.0000000 0.3495303 0.3156686 0.3200359 0.2702688 0.2961258 0.2597250 0.4276899 0.4515857 0.5829774 0.4949241 0.6722025 0.6674183 0.6809614 0.6973764 0.6105060 0.6392957 0.6507289 
taxon3     0.3445002 0.3710048 0.3495303 0.0000000 0.0769270 0.2011593 0.3832703 0.3977277 0.3730584 0.5625850 0.5958939 0.6540515 0.5713917 0.7028706 0.6700886 0.6419563 0.6694733 0.6153885 0.6467909 0.6364431 
taxon4     0.3012049 0.3499050 0.3156686 0.0769270 0.0000000 0.1230451 0.3468583 0.3691699 0.3538273 0.5352133 0.5564303 0.6277963 0.5366228 0.6961531 0.6620971 0.6321816 0.6534883 0.6108313 0.6282350 0.6176329 
taxon5     0.3029201 0.3585608 0.3200359 0.2011593 0.1230451 0.0000000 0.3310138 0.4177785 0.3484139 0.5519340 0.5708007 0.6614915 0.5525420 0.6875898 0.6613195 0.6433927 0.6777690 0.6279509 0.6576548 0.6522958 
taxon6     0.2524569 0.3102251 0.2702688 0.3832703 0.3468583 0.3310138 0.0000000 0.2057939 0.1480449 0.3996699 0.4251135 0.5921198 0.4591848 0.6043580 0.6070053 0.6184398 0.6304114 0.5734438 0.5848450 0.5643564 
taxon7     0.3073180 0.3478044 0.2961258 0.3977277 0.3691699 0.4177785 0.2057939 0.0000000 0.1681512 0.4171246 0.4460326 0.5960845 0.4897527 0.6743461 0.6649193 0.6287321 0.6367860 0.6052532 0.6220687 0.6029786 
taxon8     0.2973635 0.3075759 0.2597250 0.3730584 0.3538273 0.3484139 0.1480449 0.1681512 0.0000000 0.3774114 0.4244379 0.5647367 0.4660905 0.5839202 0.5731649 0.5711327 0.5805422 0.5485309 0.5725212 0.5522956 
taxon9     0.4372094 0.4748793 0.4276899 0.5625850 0.5352133 0.5519340 0.3996699 0.4171246 0.3774114 0.0000000 0.0933861 0.3244278 0.2489458 0.4138916 0.4058716 0.4181627 0.4466140 0.3454867 0.3758922 0.3539401 
taxon10    0.4780910 0.4757142 0.4515857 0.5958939 0.5564303 0.5708007 0.4251135 0.4460326 0.4244379 0.0933861 0.0000000 0.3487889 0.2505244 0.4427153 0.4141389 0.4606889 0.4925705 0.3885208 0.4178767 0.4096781 
taxon11    0.5853694 0.6134806 0.5829774 0.6540515 0.6277963 0.6614915 0.5921198 0.5960845 0.5647367 0.3244278 0.3487889 0.0000000 0.1252953 0.3245889 0.3299427 0.3162977 0.3217667 0.2559256 0.2868467 0.2561173 
taxon12    0.5045703 0.5303920 0.4949241 0.5713917 0.5366228 0.5525420 0.4591848 0.4897527 0.4660905 0.2489458 0.2505244 0.1252953 0.0000000 0.2511639 0.2394941 0.2685841 0.2886046 0.2072623 0.2340935 0.1925808 
taxon13    0.6282579 0.6700660 0.6722025 0.7028706 0.6961531 0.6875898 0.6043580 0.6743461 0.5839202 0.4138916 0.4427153 0.3245889 0.2511639 0.0000000 0.1260447 0.1271833 0.1535148 0.1352362 0.1862485 0.1589130 
taxon14    0.6033219 0.6529789 0.6674183 0.6700886 0.6620971 0.6613195 0.6070053 0.6649193 0.5731649 0.4058716 0.4141389 0.3299427 0.2394941 0.1260447 0.0000000 0.1177726 0.1437024 0.1715917 0.2008621 0.1776484 
taxon15    0.6251212 0.6871303 0.6809614 0.6419563 0.6321816 0.6433927 0.6184398 0.6287321 0.5711327 0.4181627 0.4606889 0.3162977 0.2685841 0.1271833 0.1177726 0.0000000 0.0787965 0.1707795 0.2125254 0.1887950 
taxon16    0.6368665 0.6735956 0.6973764 0.6694733 0.6534883 0.6777690 0.6304114 0.6367860 0.5805422 0.4466140 0.4925705 0.3217667 0.2886046 0.1535148 0.1437024 0.0787965 0.0000000 0.2001186 0.2301948 0.2049338 
taxon17    0.6000010 0.6025232 0.6105060 0.6153885 0.6108313 0.6279509 0.5734438 0.6052532 0.5485309 0.3454867 0.3885208 0.2559256 0.2072623 0.1352362 0.1715917 0.1707795 0.2001186 0.0000000 0.1092699 0.0772353 
taxon18    0.6272704 0.6329773 0.6392957 0.6467909 0.6282350 0.6576548 0.5848450 0.6220687 0.5725212 0.3758922 0.4178767 0.2868467 0.2340935 0.1862485 0.2008621 0.2125254 0.2301948 0.1092699 0.0000000 0.0558053 
taxon19    0.6080189 0.6265582 0.6507289 0.6364431 0.6176329 0.6522958 0.5643564 0.6029786 0.5522956 0.3539401 0.4096781 0.2561173 0.1925808 0.1589130 0.1776484 0.1887950 0.2049338 0.0772353 0.0558053 0.0000000 
