20
taxon0     0.0000000 0.0858561 0.1277071 0.1487417 0.2016774 0.2007985 0.2028813 0.2124398 0.2164969 0.2399524 0.1991062 0.1872569 0.2943114 0.3241781 0.3164480 0.3504398 0.3482237 0.3203671 0.3253412 0.3187929 
taxon1     0.0858561 0.0000000 0.1464278 0.1645547 0.2063182 0.2396180 0.2306564 0.2246497 0.2528727 0.2545332 0.2303973 0.2000937 0.2963844 0.3341718 0.3164765 0.3637371 0.3727918 0.3436770 0.3426310 0.3202841 
taxon2     0.1277071 0.1464278 0.0000000 0.0748269 0.2017575 0.2324906 0.2152032 0.2322594 0.2408698 0.2624533 0.2073102 0.1982646 0.2726017 0.2796052 0.2856898 0.3014532 0.3354823 0.3091727 0.3101401 0.2934886 
taxon3     0.1487417 0.1645547 0.0748269 0.0000000 0.2258233 0.2261672 0.2137898 0.2363802 0.2350187 0.2645996 0.2016133 0.2000903 0.2825648 0.3016926 0.3099774 0.3212687 0.3490498 0.3223467 0.3276070 0.3142132 
taxon4     0.2016774 0.2063182 0.2017575 0.2258233 0.0000000 0.0908031 0.0870218 0.1595825 0.1656160 0.1759615 0.1325896 0.1153002 0.2578765 0.2887925 0.2993151 0.3174167 0.3449668 0.3122358 0.2808364 0.2701839 
taxon5     0.2007985 0.2396180 0.2324906 0.2261672 0.0908031 0.0000000 0.0755835 0.1614917 0.1544254 0.1674053 0.1261093 0.1328262 0.3179199 0.3439600 0.3611222 0.3756069 0.3984782 0.3525977 0.3285086 0.3106404 
taxon6     0.2028813 0.2306564 0.2152032 0.2137898 0.0870218 0.0755835 0.0000000 0.1899952 0.1765804 0.1944231 0.1599478 0.1419535 0.3091041 0.3264937 0.3578212 0.3523091 0.3775304 0.3523933 0.3248758 0.2958522 
taxon7     0.2124398 0.2246497 0.2322594 0.2363802 0.1595825 0.1614917 0.1899952 0.0000000 0.1043107 0.1035289 0.0983532 0.0869958 0.3117189 0.3322447 0.3161668 0.3328070 0.3544099 0.3265455 0.3070041 0.2744222 
taxon8     0.2164969 0.2528727 0.2408698 0.2350187 0.1656160 0.1544254 0.1765804 0.1043107 0.0000000 0.0523744 0.0957398 0.0845870 0.3203617 0.3199889 0.3197243 0.3391356 0.3551005 0.3132801 0.3171040 0.2882390 
taxon9     0.2399524 0.2545332 0.2624533 0.2645996 0.1759615 0.1674053 0.1944231 0.1035289 0.0523744 0.0000000 0.1139487 0.1018050 0.3016040 0.3089440 0.3088430 0.3315513 0.3516576 0.3102793 0.3167148 0.2996290 
taxon10    0.1991062 0.2303973 0.2073102 0.2016133 0.1325896 0.1261093 0.1599478 0.0983532 0.0957398 0.1139487 0.0000000 0.0255049 0.2780049 0.2959043 0.2812266 0.3155746 0.3271664 0.2911590 0.2679787 0.2239472 
taxon11    0.1872569 0.2000937 0.1982646 0.2000903 0.1153002 0.1328262 0.1419535 0.0869958 0.0845870 0.1018050 0.0255049 0.0000000 0.2668636 0.2842558 0.2622220 0.2954502 0.3163068 0.2810100 0.2709735 0.2230124 
taxon12    0.2943114 0.2963844 0.2726017 0.2825648 0.2578765 0.3179199 0.3091041 0.3117189 0.3203617 0.3016040 0.2780049 0.2668636 0.0000000 0.0996498 0.1092348 0.1388459 0.1740127 0.1413117 0.1496962 0.1370933 
taxon13    0.3241781 0.3341718 0.2796052 0.3016926 0.2887925 0.3439600 0.3264937 0.3322447 0.3199889 0.3089440 0.2959043 0.2842558 0.0996498 0.0000000 0.0583495 0.0739935 0.1187183 0.0811230 0.1680704 0.1475602 
taxon14    0.3164480 0.3164765 0.2856898 0.3099774 0.2993151 0.3611222 0.3578212 0.3161668 0.3197243 0.3088430 0.2812266 0.2622220 0.1092348 0.0583495 0.0000000 0.0687240 0.0947198 0.0641845 0.1860950 0.1652361 
taxon15    0.3504398 0.3637371 0.3014532 0.3212687 0.3174167 0.3756069 0.3523091 0.3328070 0.3391356 0.3315513 0.3155746 0.2954502 0.1388459 0.0739935 0.0687240 0.0000000 0.0884112 0.0579801 0.2121717 0.1831332 
taxon16    0.3482237 0.3727918 0.3354823 0.3490498 0.3449668 0.3984782 0.3775304 0.3544099 0.3551005 0.3516576 0.3271664 0.3163068 0.1740127 0.1187183 0.0947198 0.0884112 0.0000000 0.0419261 0.2250242 0.1970234 
taxon17    0.3203671 0.3436770 0.3091727 0.3223467 0.3122358 0.3525977 0.3523933 0.3265455 0.3132801 0.3102793 0.2911590 0.2810100 0.1413117 0.0811230 0.0641845 0.0579801 0.0419261 0.0000000 0.1788139 0.1527814 
taxon18    0.3253412 0.3426310 0.3101401 0.3276070 0.2808364 0.3285086 0.3248758 0.3070041 0.3171040 0.3167148 0.2679787 0.2709735 0.1496962 0.1680704 0.1860950 0.2121717 0.2250242 0.1788139 0.0000000 0.0467981 
taxon19    0.3187929 0.3202841 0.2934886 0.3142132 0.2701839 0.3106404 0.2958522 0.2744222 0.2882390 0.2996290 0.2239472 0.2230124 0.1370933 0.1475602 0.1652361 0.1831332 0.1970234 0.1527814 0.0467981 0.0000000 
