20
taxon0     0.0000000 0.0301558 0.0302059 0.0563944 0.0405239 0.3624277 0.3596098 0.3318616 0.3479840 0.3850492 0.3862363 0.3705192 0.3682607 0.3921361 0.3913220 0.3964361 0.4052136 0.3940138 0.3703359 0.3779911 
taxon1     0.0301558 0.0000000 0.0098917 0.0352555 0.0199034 0.3520127 0.3669439 0.3390304 0.3377437 0.3743803 0.3755215 0.3600142 0.3756598 0.3997229 0.3988886 0.4040938 0.3941952 0.3832049 0.3598311 0.3673916 
taxon2     0.0302059 0.0098917 0.0000000 0.0251298 0.0099298 0.3527519 0.3677186 0.3397411 0.3239527 0.3603063 0.3613963 0.3607718 0.3615362 0.3853502 0.3845504 0.3896062 0.3798102 0.3840195 0.3458631 0.3533567 
taxon3     0.0563944 0.0352555 0.0251298 0.0000000 0.0150142 0.3660582 0.3811511 0.3529767 0.3370347 0.3431234 0.3747909 0.3741341 0.3749293 0.3989802 0.3832933 0.3883325 0.3785523 0.3827639 0.3446704 0.3521510 
taxon4     0.0405239 0.0199034 0.0099298 0.0150142 0.0000000 0.3685933 0.3837773 0.3554394 0.3393959 0.3455130 0.3773816 0.3767156 0.3775204 0.4017227 0.4008798 0.4061287 0.3961724 0.4003316 0.3616021 0.3692043 
taxon5     0.3624277 0.3520127 0.3527519 0.3660582 0.3685933 0.0000000 0.0147448 0.0249034 0.0248178 0.0501220 0.0453897 0.0400792 0.0401261 0.0450522 0.0449852 0.0456164 0.0502729 0.0506770 0.0399535 0.0450518 
taxon6     0.3596098 0.3669439 0.3677186 0.3811511 0.3837773 0.0147448 0.0000000 0.0299008 0.0401822 0.0659449 0.0509098 0.0455130 0.0451694 0.0399663 0.0500148 0.0507126 0.0661464 0.0605104 0.0453690 0.0505278 
taxon7     0.3318616 0.3390304 0.3397411 0.3529767 0.3554394 0.0249034 0.0299008 0.0000000 0.0098341 0.0347533 0.0400476 0.0348108 0.0246159 0.0397264 0.0396678 0.0402239 0.0452976 0.0456693 0.0247352 0.0297503 
taxon8     0.3479840 0.3377437 0.3239527 0.3370347 0.3393959 0.0248178 0.0401822 0.0098341 0.0000000 0.0246445 0.0298178 0.0346919 0.0247138 0.0398847 0.0398256 0.0403860 0.0349736 0.0455112 0.0147342 0.0196903 
taxon9     0.3850492 0.3743803 0.3603063 0.3431234 0.3455130 0.0501220 0.0659449 0.0347533 0.0246445 0.0000000 0.0500678 0.0549134 0.0448065 0.0551140 0.0601760 0.0610070 0.0553624 0.0661882 0.0396746 0.0345725 
taxon10    0.3862363 0.3755215 0.3613963 0.3747909 0.3773816 0.0453897 0.0509098 0.0400476 0.0298178 0.0500678 0.0000000 0.0196809 0.0348225 0.0298941 0.0501050 0.0508051 0.0554351 0.0662738 0.0247038 0.0247030 
taxon11    0.3705192 0.3600142 0.3607718 0.3741341 0.3767156 0.0400792 0.0455130 0.0348108 0.0346919 0.0549134 0.0196809 0.0000000 0.0296415 0.0347909 0.0447817 0.0454074 0.0500446 0.0504455 0.0295632 0.0345694 
taxon12    0.3682607 0.3756598 0.3615362 0.3749293 0.3775204 0.0401261 0.0451694 0.0246159 0.0247138 0.0448065 0.0348225 0.0296415 0.0000000 0.0146706 0.0146494 0.0148586 0.0297971 0.0402139 0.0295604 0.0345659 
taxon13    0.3921361 0.3997229 0.3853502 0.3989802 0.4017227 0.0450522 0.0399663 0.0397264 0.0398847 0.0551140 0.0298941 0.0347909 0.0146706 0.0000000 0.0194943 0.0197702 0.0346944 0.0451439 0.0346951 0.0346942 
taxon14    0.3913220 0.3988886 0.3845504 0.3832933 0.4008798 0.0449852 0.0500148 0.0396678 0.0398256 0.0601760 0.0501050 0.0447817 0.0146494 0.0194943 0.0000000 0.0098381 0.0246591 0.0349468 0.0346121 0.0396476 
taxon15    0.3964361 0.4040938 0.3896062 0.3883325 0.4061287 0.0456164 0.0507126 0.0402239 0.0403860 0.0610070 0.0508051 0.0454074 0.0148586 0.0197702 0.0098381 0.0000000 0.0250098 0.0354425 0.0350991 0.0402031 
taxon16    0.4052136 0.3941952 0.3798102 0.3785523 0.3961724 0.0502729 0.0661464 0.0452976 0.0349736 0.0553624 0.0554351 0.0500446 0.0297971 0.0346944 0.0246591 0.0250098 0.0000000 0.0300681 0.0297743 0.0348167 
taxon17    0.3940138 0.3832049 0.3840195 0.3827639 0.4003316 0.0506770 0.0605104 0.0456693 0.0455112 0.0661882 0.0662738 0.0504455 0.0402139 0.0451439 0.0349468 0.0354425 0.0300681 0.0000000 0.0401835 0.0453049 
taxon18    0.3703359 0.3598311 0.3458631 0.3446704 0.3616021 0.0399535 0.0453690 0.0247352 0.0147342 0.0396746 0.0247038 0.0295632 0.0295604 0.0346951 0.0346121 0.0350991 0.0297743 0.0401835 0.0000000 0.0048774 
taxon19    0.3779911 0.3673916 0.3533567 0.3521510 0.3692043 0.0450518 0.0505278 0.0297503 0.0196903 0.0345725 0.0247030 0.0345694 0.0345659 0.0346942 0.0396476 0.0402031 0.0348167 0.0453049 0.0048774 0.0000000 
