20
taxon0     0.0000000 0.1506557 0.1857656 0.1848206 0.2239839 0.2485633 0.5702727 0.5284966 0.5312971 0.5279664 0.5084199 0.6131163 0.5720896 0.5905774 0.5821529 0.6906030 0.7343902 0.7164760 0.6338268 0.6113233 
taxon1     0.1506557 0.0000000 0.1400857 0.1453000 0.2739014 0.2860846 0.5780839 0.5360101 0.5393547 0.5134715 0.4973133 0.5973476 0.5720053 0.5924883 0.5841202 0.6954683 0.7267734 0.7296508 0.6358793 0.6170597 
taxon2     0.1857656 0.1400857 0.0000000 0.0783816 0.3111639 0.3039972 0.5749460 0.5250121 0.5370706 0.5589550 0.5473618 0.6364827 0.6175815 0.6034251 0.5917246 0.7432073 0.7580454 0.7487295 0.6562032 0.6743149 
taxon3     0.1848206 0.1453000 0.0783816 0.0000000 0.2959251 0.3121945 0.5538981 0.5047633 0.5168082 0.5317934 0.5143889 0.6133508 0.5818115 0.5716948 0.5630993 0.7166997 0.7254901 0.7074049 0.6215142 0.6212831 
taxon4     0.2239839 0.2739014 0.3111639 0.2959251 0.0000000 0.1281289 0.5233501 0.4931883 0.5026450 0.5289145 0.5282889 0.6210773 0.5400511 0.5613684 0.5565608 0.6848068 0.7030453 0.6857181 0.6153657 0.6126219 
taxon5     0.2485633 0.2860846 0.3039972 0.3121945 0.1281289 0.0000000 0.5048046 0.4712023 0.4828810 0.5064133 0.5046745 0.5865258 0.5586176 0.5475297 0.5312903 0.6512055 0.6859983 0.6606410 0.5860445 0.5946050 
taxon6     0.5702727 0.5780839 0.5749460 0.5538981 0.5233501 0.5048046 0.0000000 0.0340202 0.0493871 0.1583838 0.1666996 0.1893548 0.2195035 0.1926353 0.1866949 0.3301664 0.3010335 0.3114673 0.2362167 0.2285609 
taxon7     0.5284966 0.5360101 0.5250121 0.5047633 0.4931883 0.4712023 0.0340202 0.0000000 0.0293371 0.1467554 0.1498925 0.1786928 0.2086669 0.1747715 0.1632609 0.3222835 0.2995534 0.2963290 0.2294385 0.2218690 
taxon8     0.5312971 0.5393547 0.5370706 0.5168082 0.5026450 0.4828810 0.0493871 0.0293371 0.0000000 0.1345259 0.1378753 0.1659771 0.1884750 0.1671633 0.1679804 0.3135280 0.2911403 0.2879937 0.2281916 0.2207237 
taxon9     0.5279664 0.5134715 0.5589550 0.5317934 0.5289145 0.5064133 0.1583838 0.1467554 0.1345259 0.0000000 0.0585885 0.1133776 0.1377664 0.1514507 0.1452862 0.2830781 0.2749059 0.2950252 0.1976615 0.2026228 
taxon10    0.5084199 0.4973133 0.5473618 0.5143889 0.5282889 0.5046745 0.1666996 0.1498925 0.1378753 0.0585885 0.0000000 0.0682234 0.0909524 0.1620249 0.1558698 0.2786671 0.2693162 0.2803160 0.2069952 0.1986755 
taxon11    0.6131163 0.5973476 0.6364827 0.6133508 0.6210773 0.5865258 0.1893548 0.1786928 0.1659771 0.1133776 0.0682234 0.0000000 0.0717061 0.1835853 0.1877837 0.3233040 0.3044740 0.3178716 0.2553533 0.2459312 
taxon12    0.5720896 0.5720053 0.6175815 0.5818115 0.5400511 0.5586176 0.2195035 0.2086669 0.1884750 0.1377664 0.0909524 0.0717061 0.0000000 0.2176136 0.2296043 0.3496929 0.3381818 0.3523950 0.2922778 0.2820481 
taxon13    0.5905774 0.5924883 0.6034251 0.5716948 0.5613684 0.5475297 0.1926353 0.1747715 0.1671633 0.1514507 0.1620249 0.1835853 0.2176136 0.0000000 0.0550202 0.2368559 0.2530691 0.2563161 0.1785780 0.1849066 
taxon14    0.5821529 0.5841202 0.5917246 0.5630993 0.5565608 0.5312903 0.1866949 0.1632609 0.1679804 0.1452862 0.1558698 0.1877837 0.2296043 0.0550202 0.0000000 0.2265976 0.2311898 0.2419967 0.1658633 0.1721110 
taxon15    0.6906030 0.6954683 0.7432073 0.7166997 0.6848068 0.6512055 0.3301664 0.3222835 0.3135280 0.2830781 0.2786671 0.3233040 0.3496929 0.2368559 0.2265976 0.0000000 0.1099855 0.1237444 0.1353362 0.1474754 
taxon16    0.7343902 0.7267734 0.7580454 0.7254901 0.7030453 0.6859983 0.3010335 0.2995534 0.2911403 0.2749059 0.2693162 0.3044740 0.3381818 0.2530691 0.2311898 0.1099855 0.0000000 0.0599480 0.1370862 0.1490376 
taxon17    0.7164760 0.7296508 0.7487295 0.7074049 0.6857181 0.6606410 0.3114673 0.2963290 0.2879937 0.2950252 0.2803160 0.3178716 0.3523950 0.2563161 0.2419967 0.1237444 0.0599480 0.0000000 0.1517396 0.1641123 
taxon18    0.6338268 0.6358793 0.6562032 0.6215142 0.6153657 0.5860445 0.2362167 0.2294385 0.2281916 0.1976615 0.2069952 0.2553533 0.2922778 0.1785780 0.1658633 0.1353362 0.1370862 0.1517396 0.0000000 0.0585103 
taxon19    0.6113233 0.6170597 0.6743149 0.6212831 0.6126219 0.5946050 0.2285609 0.2218690 0.2207237 0.2026228 0.1986755 0.2459312 0.2820481 0.1849066 0.1721110 0.1474754 0.1490376 0.1641123 0.0585103 0.0000000 
