20
taxon0     0.0000000 0.0582599 0.0575605 0.0699754 0.0812251 0.0865862 0.0870445 0.0758117 0.0757944 0.1554588 0.1617493 0.1487964 0.1439714 0.1476440 0.1540704 0.1672197 0.1617932 0.1546405 0.1606395 0.1432719 
taxon1     0.0582599 0.0000000 0.0907017 0.0790842 0.1015067 0.0954647 0.0959605 0.0848735 0.0902125 0.1290456 0.1351028 0.1416940 0.1352557 0.1340442 0.1459720 0.1521334 0.1353068 0.1399210 0.1408960 0.1418508 
taxon2     0.0575605 0.0907017 0.0000000 0.0311068 0.0472860 0.0363088 0.0364961 0.0259469 0.0311436 0.1671171 0.1734611 0.1603711 0.1554496 0.1551160 0.1674642 0.1879613 0.1688475 0.1750095 0.1741785 0.1634158 
taxon3     0.0699754 0.0790842 0.0311068 0.0000000 0.0305608 0.0252790 0.0254065 0.0151714 0.0202352 0.1517287 0.1460213 0.1585322 0.1403611 0.1283548 0.1520490 0.1718325 0.1532984 0.1592812 0.1585312 0.1479666 
taxon4     0.0812251 0.1015067 0.0472860 0.0305608 0.0000000 0.0202239 0.0411984 0.0307516 0.0307447 0.1650273 0.1712953 0.1720169 0.1537664 0.1588911 0.1512933 0.1786284 0.1469386 0.1659675 0.1577450 0.1406600 
taxon5     0.0865862 0.0954647 0.0363088 0.0252790 0.0202239 0.0000000 0.0305054 0.0202402 0.0253084 0.1573872 0.1635574 0.1642367 0.1460025 0.1456886 0.1577148 0.1775968 0.1460775 0.1588863 0.1642291 0.1536780 
taxon6     0.0870445 0.0959605 0.0364961 0.0254065 0.0411984 0.0305054 0.0000000 0.0100483 0.0150772 0.1455288 0.1516286 0.1522544 0.1467862 0.1464697 0.1585614 0.1654318 0.1598620 0.1658951 0.1522602 0.1545110 
taxon7     0.0758117 0.0848735 0.0259469 0.0151714 0.0307516 0.0202402 0.0100483 0.0000000 0.0050020 0.1462521 0.1523850 0.1530170 0.1348903 0.1345918 0.1465653 0.1662695 0.1477780 0.1537515 0.1530220 0.1424345 
taxon8     0.0757944 0.0902125 0.0311436 0.0202352 0.0307447 0.0253084 0.0150772 0.0050020 0.0000000 0.1400118 0.1460957 0.1466984 0.1343839 0.1402114 0.1403151 0.1662324 0.1477448 0.1537170 0.1467100 0.1424023 
taxon9     0.1554588 0.1290456 0.1671171 0.1517287 0.1650273 0.1573872 0.1455288 0.1462521 0.1400118 0.0000000 0.0049773 0.0100204 0.0254362 0.0302902 0.0355025 0.0405221 0.0357636 0.0406143 0.0151070 0.0304734 
taxon10    0.1617493 0.1351028 0.1734611 0.1460213 0.1712953 0.1635574 0.1516286 0.1523850 0.1460957 0.0049773 0.0000000 0.0150815 0.0306260 0.0252198 0.0407121 0.0457433 0.0410138 0.0458482 0.0202104 0.0356733 
taxon11    0.1487964 0.1416940 0.1603711 0.1585322 0.1720169 0.1642367 0.1522544 0.1530170 0.1466984 0.0100204 0.0150815 0.0000000 0.0307404 0.0355899 0.0408636 0.0459122 0.0464519 0.0460184 0.0254296 0.0358051 
taxon12    0.1439714 0.1352557 0.1554496 0.1403611 0.1537664 0.1460025 0.1467862 0.1348903 0.1343839 0.0254362 0.0306260 0.0307404 0.0000000 0.0200515 0.0302310 0.0412008 0.0361125 0.0306910 0.0252134 0.0204773 
taxon13    0.1476440 0.1340442 0.1551160 0.1283548 0.1588911 0.1456886 0.1464697 0.1345918 0.1402114 0.0302902 0.0252198 0.0355899 0.0200515 0.0000000 0.0302787 0.0405830 0.0355647 0.0302247 0.0303456 0.0201598 
taxon14    0.1540704 0.1459720 0.1674642 0.1520490 0.1512933 0.1577148 0.1585614 0.1465653 0.1403151 0.0355025 0.0407121 0.0408636 0.0302310 0.0302787 0.0000000 0.0411458 0.0465288 0.0410056 0.0249496 0.0201514 
taxon15    0.1672197 0.1521334 0.1879613 0.1718325 0.1786284 0.1775968 0.1654318 0.1662695 0.1662324 0.0405221 0.0457433 0.0459122 0.0412008 0.0405830 0.0411458 0.0000000 0.0353554 0.0199727 0.0410824 0.0304494 
taxon16    0.1617932 0.1353068 0.1688475 0.1532984 0.1469386 0.1460775 0.1598620 0.1477780 0.1477448 0.0357636 0.0410138 0.0464519 0.0361125 0.0355647 0.0465288 0.0353554 0.0000000 0.0250782 0.0362673 0.0254147 
taxon17    0.1546405 0.1399210 0.1750095 0.1592812 0.1659675 0.1588863 0.1658951 0.1537515 0.1537170 0.0406143 0.0458482 0.0460184 0.0306910 0.0302247 0.0410056 0.0199727 0.0250782 0.0000000 0.0411770 0.0201591 
taxon18    0.1606395 0.1408960 0.1741785 0.1585312 0.1577450 0.1642291 0.1522602 0.1530220 0.1467100 0.0151070 0.0202104 0.0254296 0.0252134 0.0303456 0.0249496 0.0410824 0.0362673 0.0411770 0.0000000 0.0202364 
taxon19    0.1432719 0.1418508 0.1634158 0.1479666 0.1406600 0.1536780 0.1545110 0.1424345 0.1424023 0.0304734 0.0356733 0.0358051 0.0204773 0.0201598 0.0201514 0.0304494 0.0254147 0.0201591 0.0202364 0.0000000 
