20
taxon0     0.0000000 0.0197363 0.0510479 0.1977828 0.2038193 0.2098245 0.2523097 0.2430305 0.2228104 0.2293518 0.2003000 0.1957871 0.1969172 0.2467998 0.2392923 0.2312623 0.2223259 0.2103656 0.2291010 0.2291010 
taxon1     0.0197363 0.0000000 0.0406215 0.1975102 0.1914858 0.1974701 0.2394911 0.2303757 0.2103692 0.2168338 0.2044206 0.1836116 0.1966455 0.2339867 0.2323526 0.2310030 0.2220638 0.2100975 0.2288420 0.2288420 
taxon2     0.0510479 0.0406215 0.0000000 0.2015642 0.1955661 0.1926738 0.2144977 0.2059069 0.2143724 0.2208244 0.2084490 0.1876896 0.2006859 0.2222462 0.2207235 0.2349581 0.2260182 0.2141023 0.2327813 0.2327813 
taxon3     0.1977828 0.1975102 0.2015642 0.0000000 0.0048734 0.0197810 0.0402992 0.0347623 0.0454345 0.0505486 0.0511225 0.0350818 0.0248718 0.0506078 0.0452848 0.0505244 0.0502593 0.0606099 0.0555041 0.0555041 
taxon4     0.2038193 0.1914858 0.1955661 0.0048734 0.0000000 0.0148145 0.0352130 0.0297532 0.0403316 0.0454289 0.0459487 0.0300274 0.0298867 0.0454818 0.0452095 0.0556546 0.0553632 0.0657544 0.0606359 0.0606359 
taxon5     0.2098245 0.1974701 0.1926738 0.0197810 0.0148145 0.0000000 0.0451991 0.0396109 0.0562652 0.0614683 0.0511398 0.0350969 0.0454901 0.0555052 0.0449215 0.0608211 0.0605032 0.0709357 0.0554088 0.0554088 
taxon6     0.2523097 0.2394911 0.2144977 0.0402992 0.0352130 0.0451991 0.0000000 0.0148114 0.0556491 0.0674140 0.0735965 0.0567050 0.0564309 0.0613747 0.0610026 0.0724448 0.0720613 0.0937616 0.0884691 0.0884691 
taxon7     0.2430305 0.2303757 0.2059069 0.0347623 0.0297532 0.0396109 0.0148114 0.0000000 0.0614163 0.0666345 0.0673783 0.0508195 0.0505778 0.0554690 0.0551372 0.0559517 0.0556573 0.0873267 0.0821079 0.0821079 
taxon8     0.2228104 0.2103692 0.2143724 0.0454345 0.0403316 0.0562652 0.0556491 0.0614163 0.0000000 0.0352503 0.0356610 0.0300191 0.0298785 0.0568798 0.0565323 0.0672863 0.0612288 0.0717818 0.0665926 0.0665926 
taxon9     0.2293518 0.2168338 0.2208244 0.0505486 0.0454289 0.0614683 0.0674140 0.0666345 0.0352503 0.0000000 0.0200760 0.0248880 0.0247719 0.0407574 0.0511470 0.0618182 0.0558580 0.0663419 0.0611786 0.0611786 
taxon10    0.2003000 0.2044206 0.2084490 0.0511225 0.0459487 0.0511398 0.0735965 0.0673783 0.0356610 0.0200760 0.0000000 0.0149190 0.0250624 0.0412330 0.0517344 0.0514351 0.0456302 0.0560339 0.0508957 0.0508957 
taxon11    0.1957871 0.1836116 0.1876896 0.0350818 0.0300274 0.0350969 0.0567050 0.0508195 0.0300191 0.0248880 0.0149190 0.0000000 0.0098235 0.0357188 0.0355025 0.0352992 0.0298210 0.0399546 0.0349266 0.0349266 
taxon12    0.1969172 0.1966455 0.2006859 0.0248718 0.0298867 0.0454901 0.0564309 0.0505778 0.0298785 0.0247719 0.0250624 0.0098235 0.0000000 0.0355479 0.0302966 0.0354874 0.0299787 0.0401664 0.0351118 0.0351118 
taxon13    0.2467998 0.2339867 0.2222462 0.0506078 0.0454818 0.0555052 0.0613747 0.0554690 0.0568798 0.0407574 0.0412330 0.0357188 0.0355479 0.0000000 0.0196830 0.0506225 0.0503564 0.0607293 0.0556126 0.0556126 
taxon14    0.2392923 0.2323526 0.2207235 0.0452848 0.0452095 0.0449215 0.0610026 0.0551372 0.0565323 0.0511470 0.0517344 0.0355025 0.0302966 0.0196830 0.0000000 0.0452966 0.0450591 0.0553449 0.0400139 0.0400139 
taxon15    0.2312623 0.2310030 0.2349581 0.0505244 0.0556546 0.0608211 0.0724448 0.0559517 0.0672863 0.0618182 0.0514351 0.0352992 0.0354874 0.0506225 0.0452966 0.0000000 0.0097930 0.0397588 0.0347545 0.0347545 
taxon16    0.2223259 0.2220638 0.2260182 0.0502593 0.0553632 0.0605032 0.0720613 0.0556573 0.0612288 0.0558580 0.0456302 0.0298210 0.0299787 0.0503564 0.0450591 0.0097930 0.0000000 0.0295196 0.0245753 0.0245753 
taxon17    0.2103656 0.2100975 0.2141023 0.0606099 0.0657544 0.0709357 0.0937616 0.0873267 0.0717818 0.0663419 0.0560339 0.0399546 0.0401664 0.0607293 0.0553449 0.0397588 0.0295196 0.0000000 0.0146236 0.0146236 
taxon18    0.2291010 0.2288420 0.2327813 0.0555041 0.0606359 0.0554088 0.0884691 0.0821079 0.0665926 0.0611786 0.0508957 0.0349266 0.0351118 0.0556126 0.0400139 0.0347545 0.0245753 0.0146236 0.0000000 0.0000010 
taxon19    0.2291010 0.2288420 0.2327813 0.0555041 0.0606359 0.0554088 0.0884691 0.0821079 0.0665926 0.0611786 0.0508957 0.0349266 0.0351118 0.0556126 0.0400139 0.0347545 0.0245753 0.0146236 0.0000010 0.0000000 
