17
taxon0     0.0000000 0.0148307 0.0195959 0.0252246 0.0252743 0.0201537 0.0201537 0.0252246 0.0354813 0.0303908 0.0355021 0.0511642 0.0354993 0.0354858 0.0355353 0.0406329 0.0409448 
taxon1     0.0148307 0.0000000 0.0247949 0.0409981 0.0307037 0.0358277 0.0358277 0.0409981 0.0514888 0.0358923 0.0410713 0.0513841 0.0459884 0.0514711 0.0515435 0.0567254 0.0571529 
taxon2     0.0195959 0.0247949 0.0000000 0.0301907 0.0302201 0.0352679 0.0352679 0.0301907 0.0404478 0.0353297 0.0302437 0.0407605 0.0457081 0.0354564 0.0457540 0.0405981 0.0512470 
taxon3     0.0252246 0.0409981 0.0301907 0.0000000 0.0097540 0.0048608 0.0048608 0.0000010 0.0097558 0.0146625 0.0097614 0.0513413 0.0459064 0.0356144 0.0459531 0.0407768 0.0403316 
taxon4     0.0252743 0.0307037 0.0302201 0.0097540 0.0000000 0.0048700 0.0048700 0.0097540 0.0196043 0.0048784 0.0097708 0.0513914 0.0459976 0.0459797 0.0460443 0.0511839 0.0404104 
taxon5     0.0201537 0.0358277 0.0352679 0.0048608 0.0048700 0.0000000 0.0000010 0.0048608 0.0146541 0.0097609 0.0146625 0.0565379 0.0407604 0.0407446 0.0408016 0.0459224 0.0352487 
taxon6     0.0201537 0.0358277 0.0352679 0.0048608 0.0048700 0.0000010 0.0000000 0.0048608 0.0146541 0.0097609 0.0146625 0.0565379 0.0407604 0.0407446 0.0408016 0.0459224 0.0352487 
taxon7     0.0252246 0.0409981 0.0301907 0.0000010 0.0097540 0.0048608 0.0048608 0.0000000 0.0097558 0.0146625 0.0097614 0.0513413 0.0459064 0.0356144 0.0459531 0.0407768 0.0403316 
taxon11    0.0354813 0.0514888 0.0404478 0.0097558 0.0196043 0.0146541 0.0146541 0.0097558 0.0000000 0.0146885 0.0097787 0.0568320 0.0563580 0.0459894 0.0459055 0.0408526 0.0404056 
taxon12    0.0303908 0.0358923 0.0353297 0.0146625 0.0048784 0.0097609 0.0097609 0.0146625 0.0146885 0.0000000 0.0048806 0.0515831 0.0512041 0.0511839 0.0512562 0.0460348 0.0353336 
taxon13    0.0355021 0.0410713 0.0302437 0.0097614 0.0097708 0.0146625 0.0146625 0.0097614 0.0097787 0.0048806 0.0000000 0.0463757 0.0563901 0.0460160 0.0564464 0.0408763 0.0404288 
taxon14    0.0511642 0.0513841 0.0407605 0.0513413 0.0513914 0.0565379 0.0565379 0.0513413 0.0568320 0.0515831 0.0463757 0.0000000 0.0146269 0.0146606 0.0245368 0.0147145 0.0247835 
taxon15    0.0354993 0.0459884 0.0457081 0.0459064 0.0459976 0.0407604 0.0407604 0.0459064 0.0563580 0.0512041 0.0563901 0.0146269 0.0000000 0.0097097 0.0097224 0.0145958 0.0147096 
taxon16    0.0354858 0.0514711 0.0354564 0.0356144 0.0459797 0.0407446 0.0407446 0.0356144 0.0459894 0.0511839 0.0460160 0.0146606 0.0097097 0.0000000 0.0097191 0.0048499 0.0147044 
taxon17    0.0355353 0.0515435 0.0457540 0.0459531 0.0460443 0.0408016 0.0408016 0.0459531 0.0459055 0.0512562 0.0564464 0.0245368 0.0097224 0.0097191 0.0000000 0.0146100 0.0147239 
taxon18    0.0406329 0.0567254 0.0405981 0.0407768 0.0511839 0.0459224 0.0459224 0.0407768 0.0408526 0.0460348 0.0408763 0.0147145 0.0145958 0.0048499 0.0146100 0.0000000 0.0097940 
taxon19    0.0409448 0.0571529 0.0512470 0.0403316 0.0404104 0.0352487 0.0352487 0.0403316 0.0404056 0.0353336 0.0404288 0.0247835 0.0147096 0.0147044 0.0147239 0.0097940 0.0000000 
