20
taxon0     0.0000000 0.0400240 0.0456063 0.0513537 0.0460370 0.0461745 0.2115125 0.2334683 0.2057247 0.2123542 0.2268306 0.2243829 0.2231068 0.2320532 0.2391248 0.2463895 0.1930288 0.2046995 0.2271785 0.2291641 
taxon1     0.0400240 0.0000000 0.0451864 0.0508867 0.0567878 0.0743854 0.2313592 0.2265726 0.2273218 0.2213511 0.2360686 0.2243186 0.2473781 0.2374801 0.2473391 0.2546522 0.2251063 0.2323895 0.2405571 0.2508348 
taxon2     0.0456063 0.0451864 0.0000000 0.0246951 0.0401953 0.0522535 0.2316886 0.2308699 0.2316243 0.2256765 0.2403779 0.2276656 0.2330778 0.2322550 0.2187310 0.2403033 0.2235187 0.2215756 0.2417886 0.2219337 
taxon3     0.0513537 0.0508867 0.0246951 0.0000000 0.0147205 0.0465882 0.2406491 0.2398010 0.2405802 0.2345679 0.2328839 0.2490936 0.2546579 0.2536948 0.2545998 0.2619175 0.2162521 0.2176452 0.2503879 0.2176497 
taxon4     0.0460370 0.0567878 0.0401953 0.0147205 0.0000000 0.0412573 0.2210710 0.2364085 0.2210109 0.2150436 0.2134645 0.2589444 0.2478632 0.2635885 0.2645401 0.2719528 0.2097395 0.2111014 0.2471090 0.2141377 
taxon5     0.0461745 0.0743854 0.0522535 0.0465882 0.0412573 0.0000000 0.2437659 0.2738829 0.2576554 0.2515481 0.2497603 0.2739759 0.2552383 0.2711617 0.2568457 0.2740132 0.2287514 0.2431506 0.2334451 0.2258698 
taxon6     0.2115125 0.2313592 0.2316886 0.2406491 0.2210710 0.2437659 0.0000000 0.0408624 0.0200288 0.0150166 0.0253606 0.0565749 0.0619174 0.0566752 0.0675003 0.0734376 0.0768702 0.0815814 0.1096809 0.0879434 
taxon7     0.2334683 0.2265726 0.2308699 0.2398010 0.2364085 0.2738829 0.0408624 0.0000000 0.0305146 0.0254222 0.0360613 0.0517141 0.0625337 0.0564276 0.0566058 0.0624163 0.0949402 0.0939985 0.1049686 0.0990989 
taxon8     0.2057247 0.2273218 0.2316243 0.2405802 0.2210109 0.2576554 0.0200288 0.0305146 0.0000000 0.0049840 0.0151523 0.0519571 0.0513727 0.0566894 0.0568674 0.0627043 0.0826382 0.0818137 0.1170827 0.0995458 
taxon9     0.2123542 0.2213511 0.2256765 0.2345679 0.2150436 0.2515481 0.0150166 0.0254222 0.0049840 0.0000000 0.0100993 0.0467564 0.0462227 0.0515226 0.0516857 0.0574804 0.0771566 0.0763795 0.1115158 0.0940401 
taxon10    0.2268306 0.2360686 0.2403779 0.2328839 0.2134645 0.2497603 0.0253606 0.0360613 0.0151523 0.0100993 0.0000000 0.0578786 0.0572305 0.0626272 0.0628271 0.0636056 0.0764999 0.0883500 0.1241756 0.1063692 
taxon11    0.2243829 0.2243186 0.2276656 0.2490936 0.2589444 0.2739759 0.0565749 0.0517141 0.0519571 0.0467564 0.0578786 0.0000000 0.0203290 0.0098571 0.0150545 0.0310474 0.0838315 0.0899296 0.1029075 0.0993106 
taxon12    0.2231068 0.2473781 0.2330778 0.2546579 0.2478632 0.2552383 0.0619174 0.0625337 0.0513727 0.0462227 0.0572305 0.0203290 0.0000000 0.0150490 0.0150956 0.0416718 0.0830101 0.0821791 0.1216347 0.1041382 
taxon13    0.2320532 0.2374801 0.2322550 0.2536948 0.2635885 0.2711617 0.0566752 0.0564276 0.0566894 0.0515226 0.0626272 0.0098571 0.0150490 0.0000000 0.0099058 0.0358987 0.0900370 0.0947347 0.1143536 0.1040044 
taxon14    0.2391248 0.2473391 0.2187310 0.2545998 0.2645401 0.2568457 0.0675003 0.0566058 0.0568674 0.0516857 0.0628271 0.0150545 0.0150956 0.0099058 0.0000000 0.0360113 0.0960084 0.0950528 0.1096218 0.0924492 
taxon15    0.2463895 0.2546522 0.2403033 0.2619175 0.2719528 0.2740132 0.0734376 0.0624163 0.0627043 0.0574804 0.0636056 0.0310474 0.0416718 0.0358987 0.0360113 0.0000000 0.0879331 0.0870657 0.1091622 0.0962553 
taxon16    0.1930288 0.2251063 0.2235187 0.2162521 0.2097395 0.2287514 0.0768702 0.0949402 0.0826382 0.0771566 0.0764999 0.0838315 0.0830101 0.0900370 0.0960084 0.0879331 0.0000000 0.0202416 0.0689502 0.0526788 
taxon17    0.2046995 0.2323895 0.2215756 0.2176452 0.2111014 0.2431506 0.0815814 0.0939985 0.0818137 0.0763795 0.0883500 0.0899296 0.0821791 0.0947347 0.0950528 0.0870657 0.0202416 0.0000000 0.0634223 0.0308898 
taxon18    0.2271785 0.2405571 0.2417886 0.2503879 0.2471090 0.2334451 0.1096809 0.1049686 0.1170827 0.1115158 0.1241756 0.1029075 0.1216347 0.1143536 0.1096218 0.1091622 0.0689502 0.0634223 0.0000000 0.0404506 
taxon19    0.2291641 0.2508348 0.2219337 0.2176497 0.2141377 0.2258698 0.0879434 0.0990989 0.0995458 0.0940401 0.1063692 0.0993106 0.1041382 0.1040044 0.0924492 0.0962553 0.0526788 0.0308898 0.0404506 0.0000000 
