14
taxon0     0.0000000 0.0145325 0.0191915 0.0143381 0.0143381 0.0047649 0.0047649 0.0143307 0.0095448 0.2152962 0.2143046 0.2144658 0.2137251 0.2144658 
taxon1     0.0145325 0.0000000 0.0195834 0.0193268 0.0193268 0.0096353 0.0096353 0.0292229 0.0144749 0.2137637 0.2098366 0.2099952 0.2216427 0.2099952 
taxon2     0.0191915 0.0195834 0.0000000 0.0142802 0.0142802 0.0143145 0.0143145 0.0142349 0.0095063 0.2067247 0.2132704 0.2134301 0.2126963 0.2134301 
taxon3     0.0143381 0.0193268 0.0142802 0.0000000 0.0000010 0.0095064 0.0095064 0.0191195 0.0047350 0.2075997 0.2066406 0.2067948 0.2060864 0.2067948 
taxon4     0.0143381 0.0193268 0.0142802 0.0000010 0.0000000 0.0095064 0.0095064 0.0191195 0.0047350 0.2075997 0.2066406 0.2067948 0.2060864 0.2067948 
taxon8     0.0047649 0.0096353 0.0143145 0.0095064 0.0095064 0.0000000 0.0000010 0.0191657 0.0047463 0.2082444 0.2072803 0.2074354 0.2067225 0.2074354 
taxon9     0.0047649 0.0096353 0.0143145 0.0095064 0.0095064 0.0000010 0.0000000 0.0191657 0.0047463 0.2082444 0.2072803 0.2074354 0.2067225 0.2074354 
taxon10    0.0143307 0.0292229 0.0142349 0.0191195 0.0191195 0.0191657 0.0191657 0.0000000 0.0143188 0.2210319 0.2200230 0.2201884 0.2071576 0.2201884 
taxon11    0.0095448 0.0144749 0.0095063 0.0047350 0.0047350 0.0047463 0.0047463 0.0143188 0.0000000 0.2016193 0.2006802 0.2008299 0.2001422 0.2008299 
taxon14    0.2152962 0.2137637 0.2067247 0.2075997 0.2075997 0.2082444 0.2082444 0.2210319 0.2016193 0.0000000 0.0096765 0.0194206 0.0193624 0.0194206 
taxon15    0.2143046 0.2098366 0.2132704 0.2066406 0.2066406 0.2072803 0.2072803 0.2200230 0.2006802 0.0096765 0.0000000 0.0096221 0.0192579 0.0096221 
taxon16    0.2144658 0.2099952 0.2134301 0.2067948 0.2067948 0.2074354 0.2074354 0.2201884 0.2008299 0.0194206 0.0096221 0.0000000 0.0096096 0.0000010 
taxon17    0.2137251 0.2216427 0.2126963 0.2060864 0.2060864 0.2067225 0.2067225 0.2071576 0.2001422 0.0193624 0.0192579 0.0096096 0.0000000 0.0096096 
taxon18    0.2144658 0.2099952 0.2134301 0.2067948 0.2067948 0.2074354 0.2074354 0.2201884 0.2008299 0.0194206 0.0096221 0.0000010 0.0096096 0.0000000 
