19
taxon0     0.0000000 0.0439002 0.0591205 0.0694333 0.0586785 0.0586196 0.0586196 0.0640956 0.0697884 0.2330807 0.2382139 0.2376130 0.2536185 0.2723397 0.2590512 0.2236651 0.2439592 0.2476928 0.2106553 
taxon1     0.0439002 0.0000000 0.0385388 0.0484911 0.0382513 0.0382142 0.0382142 0.0433879 0.0487467 0.2181307 0.2177938 0.2172371 0.2381538 0.2565532 0.2435634 0.2152836 0.2350678 0.2203712 0.2024856 
taxon2     0.0591205 0.0385388 0.0000000 0.0093541 0.0189311 0.0189132 0.0189132 0.0141126 0.0190309 0.2113172 0.2212317 0.2206754 0.2404002 0.2591304 0.2615039 0.2183022 0.2379474 0.2351711 0.2056411 
taxon3     0.0694333 0.0484911 0.0093541 0.0000000 0.0285810 0.0285536 0.0285536 0.0236737 0.0287293 0.2243282 0.2342624 0.2336790 0.2537677 0.2726946 0.2751732 0.2314276 0.2516312 0.2363594 0.2186306 
taxon4     0.0586785 0.0382513 0.0189311 0.0285810 0.0000000 0.0093619 0.0093619 0.0236801 0.0287367 0.2292076 0.2391134 0.2385222 0.2473071 0.2726086 0.2595676 0.2313747 0.2515611 0.2483626 0.2185866 
taxon5     0.0586196 0.0382142 0.0189132 0.0285536 0.0093619 0.0000000 0.0000010 0.0236576 0.0287090 0.2289135 0.2388062 0.2382164 0.2410765 0.2722458 0.2592267 0.2310760 0.2512230 0.2480390 0.2183071 
taxon6     0.0586196 0.0382142 0.0189132 0.0285536 0.0093619 0.0000010 0.0000000 0.0236576 0.0287090 0.2289135 0.2388062 0.2382164 0.2410765 0.2722458 0.2592267 0.2310760 0.2512230 0.2480390 0.2183071 
taxon8     0.0640956 0.0433879 0.0141126 0.0236737 0.0236801 0.0236576 0.0236576 0.0000000 0.0141751 0.2221410 0.2320239 0.2314479 0.2552731 0.2652184 0.2676355 0.2242616 0.2441248 0.2411607 0.2115612 
taxon9     0.0697884 0.0487467 0.0190309 0.0287293 0.0287367 0.0287090 0.0287090 0.0141751 0.0000000 0.2146199 0.2401393 0.2395447 0.2637765 0.2685544 0.2710153 0.2323866 0.2361879 0.2494247 0.2195569 
taxon10    0.2330807 0.2181307 0.2113172 0.2243282 0.2292076 0.2289135 0.2289135 0.2221410 0.2146199 0.0000000 0.0243538 0.0242862 0.0610445 0.0647672 0.0603951 0.0714647 0.0773182 0.0975930 0.0666355 
taxon11    0.2382139 0.2177938 0.2212317 0.2342624 0.2391134 0.2388062 0.2388062 0.2320239 0.2401393 0.0243538 0.0000000 0.0095917 0.0603314 0.0588654 0.0545063 0.0653256 0.0828636 0.0924915 0.0605435 
taxon12    0.2376130 0.2172371 0.2206754 0.2336790 0.2385222 0.2382164 0.2382164 0.2314479 0.2395447 0.0242862 0.0095917 0.0000000 0.0710283 0.0692985 0.0649894 0.0760669 0.0940759 0.0922418 0.0712824 
taxon13    0.2536185 0.2381538 0.2404002 0.2537677 0.2473071 0.2410765 0.2410765 0.2552731 0.2637765 0.0610445 0.0603314 0.0710283 0.0000000 0.0606870 0.0612319 0.0951593 0.1144475 0.1346085 0.0902587 
taxon14    0.2723397 0.2565532 0.2591304 0.2726946 0.2726086 0.2722458 0.2722458 0.2652184 0.2685544 0.0647672 0.0588654 0.0692985 0.0606870 0.0000000 0.0195288 0.0814698 0.0997011 0.1193025 0.0766875 
taxon15    0.2590512 0.2435634 0.2615039 0.2751732 0.2595676 0.2592267 0.2592267 0.2676355 0.2710153 0.0603951 0.0545063 0.0649894 0.0612319 0.0195288 0.0000000 0.0758662 0.0938236 0.1133561 0.0710929 
taxon16    0.2236651 0.2152836 0.2183022 0.2314276 0.2313747 0.2310760 0.2310760 0.2242616 0.2323866 0.0714647 0.0653256 0.0760669 0.0951593 0.0814698 0.0758662 0.0000000 0.0249440 0.0547171 0.0194084 
taxon17    0.2439592 0.2350678 0.2379474 0.2516312 0.2515611 0.2512230 0.2512230 0.2441248 0.2361879 0.0773182 0.0828636 0.0940759 0.1144475 0.0997011 0.0938236 0.0249440 0.0000000 0.0724079 0.0353324 
taxon18    0.2476928 0.2203712 0.2351711 0.2363594 0.2483626 0.2480390 0.2480390 0.2411607 0.2494247 0.0975930 0.0924915 0.0922418 0.1346085 0.1193025 0.1133561 0.0547171 0.0724079 0.0000000 0.0500667 
taxon19    0.2106553 0.2024856 0.2056411 0.2186306 0.2185866 0.2183071 0.2183071 0.2115612 0.2195569 0.0666355 0.0605435 0.0712824 0.0902587 0.0766875 0.0710929 0.0194084 0.0353324 0.0500667 0.0000000 
