20
taxon0     0.0000000 0.1674387 0.1746830 0.2475734 0.3030577 0.3029686 0.5713106 0.5155964 0.5415711 0.5764299 0.5899834 0.6700796 0.6493048 0.4784136 0.5266345 0.5405951 0.5417549 0.5697447 0.5792576 0.5455657 
taxon1     0.1674387 0.0000000 0.1204974 0.2397850 0.2729672 0.2537958 0.5028287 0.5065597 0.5359543 0.5365052 0.5763405 0.6251025 0.6133695 0.4832949 0.4562642 0.4502821 0.4764108 0.4774416 0.5643677 0.5060521 
taxon2     0.1746830 0.1204974 0.0000000 0.2724339 0.3098626 0.2878261 0.5240066 0.4728733 0.5183436 0.5411365 0.5511464 0.6246334 0.6024906 0.4904908 0.4843545 0.4945946 0.5039058 0.5337856 0.5845118 0.5632400 
taxon3     0.2475734 0.2397850 0.2724339 0.0000000 0.1383044 0.1316943 0.5011190 0.5082034 0.5061503 0.5385352 0.5303348 0.6070275 0.5869557 0.4765532 0.4937791 0.4920899 0.5178258 0.5431735 0.5461354 0.5104686 
taxon4     0.3030577 0.2729672 0.3098626 0.1383044 0.0000000 0.1009037 0.5396417 0.5305075 0.5297552 0.5549508 0.5589391 0.6475354 0.6346896 0.5134326 0.4838250 0.4781467 0.5341904 0.5503636 0.5977967 0.5475607 
taxon5     0.3029686 0.2537958 0.2878261 0.1316943 0.1009037 0.0000000 0.5145899 0.5140902 0.4989835 0.5380033 0.5334606 0.6261102 0.6093433 0.5012944 0.4503722 0.4774077 0.5147180 0.5231961 0.5888693 0.5322604 
taxon6     0.5713106 0.5028287 0.5240066 0.5011190 0.5396417 0.5145899 0.0000000 0.1147388 0.1617766 0.1556537 0.2150272 0.2467260 0.2237053 0.2082229 0.4119477 0.4195751 0.4530577 0.4595964 0.4324552 0.4694009 
taxon7     0.5155964 0.5065597 0.4728733 0.5082034 0.5305075 0.5140902 0.1147388 0.0000000 0.0760528 0.0693908 0.1133819 0.1643421 0.1374111 0.2184139 0.3843060 0.3803794 0.3934512 0.4018577 0.4426238 0.4757283 
taxon8     0.5415711 0.5359543 0.5183436 0.5061503 0.5297552 0.4989835 0.1617766 0.0760528 0.0000000 0.0698369 0.1373718 0.1756393 0.1540671 0.2625728 0.3991258 0.4393382 0.4552422 0.4434484 0.4226916 0.4470544 
taxon9     0.5764299 0.5365052 0.5411365 0.5385352 0.5549508 0.5380033 0.1556537 0.0693908 0.0698369 0.0000000 0.1230406 0.1547223 0.1417434 0.2700130 0.4161051 0.4449425 0.4468868 0.4503141 0.4498867 0.4658582 
taxon10    0.5899834 0.5763405 0.5511464 0.5303348 0.5589391 0.5334606 0.2150272 0.1133819 0.1373718 0.1230406 0.0000000 0.1262373 0.1118563 0.3167844 0.4404815 0.4873196 0.4811829 0.4933263 0.5275380 0.5538088 
taxon11    0.6700796 0.6251025 0.6246334 0.6070275 0.6475354 0.6261102 0.2467260 0.1643421 0.1756393 0.1547223 0.1262373 0.0000000 0.0758765 0.3613415 0.4982097 0.5533473 0.5510457 0.5398201 0.5404893 0.5689828 
taxon12    0.6493048 0.6133695 0.6024906 0.5869557 0.6346896 0.6093433 0.2237053 0.1374111 0.1540671 0.1417434 0.1118563 0.0758765 0.0000000 0.3392564 0.4885724 0.5137476 0.5009750 0.4925622 0.4915985 0.5182019 
taxon13    0.4784136 0.4832949 0.4904908 0.4765532 0.5134326 0.5012944 0.2082229 0.2184139 0.2625728 0.2700130 0.3167844 0.3613415 0.3392564 0.0000000 0.3725089 0.3842669 0.3873270 0.3905607 0.3503873 0.3811860 
taxon14    0.5266345 0.4562642 0.4843545 0.4937791 0.4838250 0.4503722 0.4119477 0.3843060 0.3991258 0.4161051 0.4404815 0.4982097 0.4885724 0.3725089 0.0000000 0.1558636 0.2128382 0.2020607 0.3049653 0.2804679 
taxon15    0.5405951 0.4502821 0.4945946 0.4920899 0.4781467 0.4774077 0.4195751 0.3803794 0.4393382 0.4449425 0.4873196 0.5533473 0.5137476 0.3842669 0.1558636 0.0000000 0.1414628 0.1323058 0.2877676 0.2743086 
taxon16    0.5417549 0.4764108 0.5039058 0.5178258 0.5341904 0.5147180 0.4530577 0.3934512 0.4552422 0.4468868 0.4811829 0.5510457 0.5009750 0.3873270 0.2128382 0.1414628 0.0000000 0.0894131 0.3221742 0.3135314 
taxon17    0.5697447 0.4774416 0.5337856 0.5431735 0.5503636 0.5231961 0.4595964 0.4018577 0.4434484 0.4503141 0.4933263 0.5398201 0.4925622 0.3905607 0.2020607 0.1323058 0.0894131 0.0000000 0.3213291 0.2898118 
taxon18    0.5792576 0.5643677 0.5845118 0.5461354 0.5977967 0.5888693 0.4324552 0.4426238 0.4226916 0.4498867 0.5275380 0.5404893 0.4915985 0.3503873 0.3049653 0.2877676 0.3221742 0.3213291 0.0000000 0.1220645 
taxon19    0.5455657 0.5060521 0.5632400 0.5104686 0.5475607 0.5322604 0.4694009 0.4757283 0.4470544 0.4658582 0.5538088 0.5689828 0.5182019 0.3811860 0.2804679 0.2743086 0.3135314 0.2898118 0.1220645 0.0000000 
