20
taxon0     0.0000000 0.2709751 0.4160520 0.4398125 0.7590877 0.7294437 0.8949434 0.8785093 0.6992069 0.9331321 0.8930617 0.9361060 0.7436523 0.9908880 0.9333091 0.8637438 1.1042104 1.0077501 0.7899724 0.8499062 
taxon1     0.2709751 0.0000000 0.5313874 0.5912212 1.0059173 1.0891535 1.2092311 1.1332395 1.0030887 1.2000830 1.1233941 1.1505199 1.0323701 1.2446725 1.2392520 1.0352850 1.3059401 1.3063759 1.0054187 1.0335953 
taxon2     0.4160520 0.5313874 0.0000000 0.1540424 0.5874719 0.7337092 0.8908030 0.8583122 0.7019710 0.7812183 0.6067065 0.7320835 0.6658444 0.9018758 1.0123871 0.8078146 1.1104129 0.9936292 0.9535051 0.9807584 
taxon3     0.4398125 0.5912212 0.1540424 0.0000000 0.6184709 0.7154783 0.8690352 0.9388965 0.6800579 0.7916455 0.6444594 0.6956899 0.6420276 0.8231300 0.8711894 0.7546464 1.0803002 0.9430555 0.8925647 0.8936994 
taxon4     0.7590877 1.0059173 0.5874719 0.6184709 0.0000000 0.3046462 0.3468824 0.4483043 0.3541222 0.5724325 0.4908056 0.4879539 0.4588077 0.7160730 0.7254022 0.6361202 1.2627469 1.1411305 0.9780104 1.0719411 
taxon5     0.7294437 1.0891535 0.7337092 0.7154783 0.3046462 0.0000000 0.2175205 0.4764679 0.4042518 0.6717895 0.7080004 0.6617309 0.6240860 0.9300763 0.8669875 0.7851271 1.3045147 1.1108626 0.9133363 0.9198186 
taxon6     0.8949434 1.2092311 0.8908030 0.8690352 0.3468824 0.2175205 0.0000000 0.5848527 0.4554966 0.9237272 0.8811022 0.7977659 0.7441954 0.9996380 0.9232589 0.8641778 1.5084764 1.3156000 1.1923859 1.1799802 
taxon7     0.8785093 1.1332395 0.8583122 0.9388965 0.4483043 0.4764679 0.5848527 0.0000000 0.2091250 1.0345524 0.8699694 0.8894118 0.8298222 0.9914774 0.9970385 0.8879439 1.4485409 1.3115530 1.1233924 1.1619540 
taxon8     0.6992069 1.0030887 0.7019710 0.6800579 0.3541222 0.4042518 0.4554966 0.2091250 0.0000000 0.7541096 0.6271954 0.6037342 0.5610321 0.7347732 0.6963228 0.6295815 1.1627321 1.0397750 0.9228225 0.9778211 
taxon9     0.9331321 1.2000830 0.7812183 0.7916455 0.5724325 0.6717895 0.9237272 1.0345524 0.7541096 0.0000000 0.1458738 0.3741724 0.3274255 0.7046710 0.7712202 0.6778398 1.5851497 1.3474098 1.1605013 1.0844401 
taxon10    0.8930617 1.1233941 0.6067065 0.6444594 0.4908056 0.7080004 0.8811022 0.8699694 0.6271954 0.1458738 0.0000000 0.3167220 0.2806051 0.6051607 0.6440341 0.5280573 1.4182345 1.2369530 1.2127313 1.1200080 
taxon11    0.9361060 1.1505199 0.7320835 0.6956899 0.4879539 0.6617309 0.7977659 0.8894118 0.6037342 0.3741724 0.3167220 0.0000000 0.1219905 0.6136319 0.6201608 0.5316558 1.3148897 1.1621573 1.1065670 0.9939506 
taxon12    0.7436523 1.0323701 0.6658444 0.6420276 0.4588077 0.6240860 0.7441954 0.8298222 0.5610321 0.3274255 0.2806051 0.1219905 0.0000000 0.5991162 0.5421162 0.4798725 1.1892488 1.1142371 1.0364245 0.9625048 
taxon13    0.9908880 1.2446725 0.9018758 0.8231300 0.7160730 0.9300763 0.9996380 0.9914774 0.7347732 0.7046710 0.6051607 0.6136319 0.5991162 0.0000000 0.2621548 0.2126500 1.5455064 1.3343724 1.2542090 1.1644946 
taxon14    0.9333091 1.2392520 1.0123871 0.8711894 0.7254022 0.8669875 0.9232589 0.9970385 0.6963228 0.7712202 0.6440341 0.6201608 0.5421162 0.2621548 0.0000000 0.1332584 1.4246446 1.3083148 1.1587363 1.0431430 
taxon15    0.8637438 1.0352850 0.8078146 0.7546464 0.6361202 0.7851271 0.8641778 0.8879439 0.6295815 0.6778398 0.5280573 0.5316558 0.4798725 0.2126500 0.1332584 0.0000000 1.4917419 1.3887841 1.1899681 1.1248521 
taxon16    1.1042104 1.3059401 1.1104129 1.0803002 1.2627469 1.3045147 1.5084764 1.4485409 1.1627321 1.5851497 1.4182345 1.3148897 1.1892488 1.5455064 1.4246446 1.4917419 0.0000000 0.2015959 0.4324476 0.5282535 
taxon17    1.0077501 1.3063759 0.9936292 0.9430555 1.1411305 1.1108626 1.3156000 1.3115530 1.0397750 1.3474098 1.2369530 1.1621573 1.1142371 1.3343724 1.3083148 1.3887841 0.2015959 0.0000000 0.3496379 0.4116167 
taxon18    0.7899724 1.0054187 0.9535051 0.8925647 0.9780104 0.9133363 1.1923859 1.1233924 0.9228225 1.1605013 1.2127313 1.1065670 1.0364245 1.2542090 1.1587363 1.1899681 0.4324476 0.3496379 0.0000000 0.1728863 
taxon19    0.8499062 1.0335953 0.9807584 0.8936994 1.0719411 0.9198186 1.1799802 1.1619540 0.9778211 1.0844401 1.1200080 0.9939506 0.9625048 1.1644946 1.0431430 1.1248521 0.5282535 0.4116167 0.1728863 0.0000000 
