20
taxon0     0.0000000 0.0350246 0.0561404 0.0454065 0.0732978 0.0784924 0.0561941 0.0669779 0.0753993 0.0982531 0.0809708 0.2455970 0.2550928 0.2454177 0.2461723 0.2304099 0.2426897 0.2435875 0.2274752 0.2210066 
taxon1     0.0350246 0.0000000 0.0404107 0.0451882 0.0733559 0.0731498 0.0351016 0.0455114 0.0640933 0.0865769 0.0695857 0.2459698 0.2704762 0.2313640 0.2465469 0.2450821 0.2575735 0.2439540 0.2277775 0.2338957 
taxon2     0.0561404 0.0404107 0.0000000 0.0299446 0.0566952 0.0457562 0.0198628 0.0300442 0.0477299 0.0697982 0.0531379 0.2204871 0.2441633 0.2186686 0.2194865 0.2196876 0.2319659 0.2186825 0.2025588 0.2085781 
taxon3     0.0454065 0.0451882 0.0299446 0.0000000 0.0672742 0.0670866 0.0400327 0.0504624 0.0692195 0.0917189 0.0747108 0.2247983 0.2484277 0.2246179 0.2114530 0.2239900 0.2362093 0.2229720 0.2209890 0.2006766 
taxon4     0.0732978 0.0733559 0.0566952 0.0672742 0.0000000 0.0200939 0.0461716 0.0512595 0.0471266 0.0635731 0.0524718 0.2594752 0.2424015 0.2443336 0.2512558 0.2436716 0.2431663 0.2573044 0.2386856 0.2598643 
taxon5     0.0784924 0.0731498 0.0457562 0.0670866 0.0200939 0.0000000 0.0460446 0.0567501 0.0526580 0.0692702 0.0580476 0.2504596 0.2566643 0.2225680 0.2424017 0.2495449 0.2490272 0.2483801 0.2445748 0.2508308 
taxon6     0.0561941 0.0351016 0.0198628 0.0400327 0.0461716 0.0460446 0.0000000 0.0098694 0.0262501 0.0477802 0.0315513 0.2349314 0.2592332 0.2329835 0.2397328 0.2340767 0.2335971 0.2329955 0.2167414 0.2228547 
taxon7     0.0669779 0.0455114 0.0300442 0.0504624 0.0512595 0.0567501 0.0098694 0.0000000 0.0260867 0.0474832 0.0313552 0.2488931 0.2575523 0.2468240 0.2536821 0.2479861 0.2474740 0.2468336 0.2305012 0.2366879 
taxon8     0.0753993 0.0640933 0.0477299 0.0692195 0.0471266 0.0526580 0.0262501 0.0260867 0.0000000 0.0199347 0.0049208 0.2779931 0.2679663 0.2756490 0.2828103 0.2769706 0.2763827 0.2756522 0.2589732 0.2653853 
taxon9     0.0982531 0.0865769 0.0697982 0.0917189 0.0635731 0.0692702 0.0477802 0.0474832 0.0199347 0.0000000 0.0249912 0.2848539 0.2747273 0.2984897 0.2896563 0.2999296 0.2992845 0.2984862 0.2657701 0.2722069 
taxon10    0.0809708 0.0695857 0.0531379 0.0747108 0.0524718 0.0580476 0.0315513 0.0313552 0.0049208 0.0249912 0.0000000 0.2851242 0.2749777 0.2696620 0.2768031 0.2840761 0.2834710 0.2827201 0.2660080 0.2724556 
taxon11    0.2455970 0.2459698 0.2204871 0.2247983 0.2594752 0.2504596 0.2349314 0.2488931 0.2779931 0.2848539 0.2851242 0.0000000 0.0205871 0.0401715 0.0298732 0.0198615 0.0298768 0.0197797 0.0249569 0.0197831 
taxon12    0.2550928 0.2704762 0.2441633 0.2484277 0.2424015 0.2566643 0.2592332 0.2575523 0.2679663 0.2747273 0.2749777 0.0205871 0.0000000 0.0567048 0.0460006 0.0308636 0.0412453 0.0413927 0.0361916 0.0414023 
taxon13    0.2454177 0.2313640 0.2186686 0.2246179 0.2443336 0.2225680 0.2329835 0.2468240 0.2756490 0.2984897 0.2696620 0.0401715 0.0567048 0.0000000 0.0200053 0.0400320 0.0501878 0.0398666 0.0453610 0.0504477 
taxon14    0.2461723 0.2465469 0.2194865 0.2114530 0.2512558 0.2424017 0.2397328 0.2536821 0.2828103 0.2896563 0.2768031 0.0298732 0.0460006 0.0200053 0.0000000 0.0401708 0.0503601 0.0400044 0.0454352 0.0400133 
taxon15    0.2304099 0.2450821 0.2196876 0.2239900 0.2436716 0.2495449 0.2340767 0.2479861 0.2769706 0.2999296 0.2840761 0.0198615 0.0308636 0.0400320 0.0401708 0.0000000 0.0097937 0.0098275 0.0249066 0.0299262 
taxon16    0.2426897 0.2575735 0.2319659 0.2362093 0.2431663 0.2490272 0.2335971 0.2474740 0.2763827 0.2992845 0.2834710 0.0298768 0.0412453 0.0501878 0.0503601 0.0097937 0.0000000 0.0098147 0.0349699 0.0400164 
taxon17    0.2435875 0.2439540 0.2186825 0.2229720 0.2573044 0.2483801 0.2329955 0.2468336 0.2756522 0.2984862 0.2827201 0.0197797 0.0413927 0.0398666 0.0400044 0.0098275 0.0098147 0.0000000 0.0350916 0.0298028 
taxon18    0.2274752 0.2277775 0.2025588 0.2209890 0.2386856 0.2445748 0.2167414 0.2305012 0.2589732 0.2657701 0.2660080 0.0249569 0.0361916 0.0453610 0.0454352 0.0249066 0.0349699 0.0350916 0.0000000 0.0149515 
taxon19    0.2210066 0.2338957 0.2085781 0.2006766 0.2598643 0.2508308 0.2228547 0.2366879 0.2653853 0.2722069 0.2724556 0.0197831 0.0414023 0.0504477 0.0400133 0.0299262 0.0400164 0.0298028 0.0149515 0.0000000 
