20
taxon0     0.0000000 0.0393902 0.0491295 0.0542422 0.0541115 0.2251151 0.2227364 0.2215948 0.2205712 0.2283954 0.2292980 0.2072938 0.2425852 0.2345999 0.2297717 0.2231931 0.2426999 0.2311190 0.2315762 0.2482509 
taxon1     0.0393902 0.0000000 0.0538252 0.0638427 0.0636893 0.2362960 0.2337977 0.2488013 0.2482377 0.2498923 0.2345635 0.2345115 0.2406184 0.2191413 0.2086330 0.2143164 0.2407239 0.2290533 0.2425408 0.2591932 
taxon2     0.0491295 0.0538252 0.0000000 0.0433818 0.0335531 0.2151788 0.2073823 0.2100461 0.2143694 0.2284556 0.1942040 0.2011913 0.2199863 0.1939817 0.2264451 0.2199586 0.2126559 0.2145969 0.2093178 0.2182980 
taxon3     0.0542422 0.0638427 0.0433818 0.0000000 0.0094416 0.2160318 0.2263100 0.2283086 0.2209777 0.2224245 0.2136562 0.2076938 0.2380856 0.2046027 0.2374569 0.2309337 0.2310142 0.2339728 0.2344307 0.2369531 
taxon4     0.0541115 0.0636893 0.0335531 0.0094416 0.0000000 0.2154381 0.2200859 0.2220360 0.2146320 0.2160331 0.2073645 0.2014328 0.2317254 0.1984697 0.2311131 0.2246293 0.2371405 0.2333196 0.2280402 0.2306232 
taxon5     0.2251151 0.2362960 0.2151788 0.2160318 0.2154381 0.0000000 0.0342637 0.0246569 0.0501815 0.0763453 0.0548887 0.0398441 0.1152563 0.1147298 0.1371493 0.1314820 0.1137543 0.1096726 0.1095703 0.1202313 
taxon6     0.2227364 0.2337977 0.2073823 0.2263100 0.2200859 0.0342637 0.0000000 0.0293169 0.0706888 0.0763101 0.0548636 0.0601337 0.1144480 0.1034016 0.1144667 0.1089492 0.1126452 0.0980977 0.0875245 0.1084815 
taxon7     0.2215948 0.2488013 0.2100461 0.2283086 0.2220360 0.0246569 0.0293169 0.0000000 0.0498260 0.0758183 0.0606759 0.0395593 0.1158072 0.1152759 0.1377854 0.1320956 0.1249942 0.1209284 0.1100969 0.1207998 
taxon8     0.2205712 0.2482377 0.2143694 0.2209777 0.2146320 0.0501815 0.0706888 0.0498260 0.0000000 0.0243549 0.0348427 0.0097317 0.0881942 0.0990459 0.1212429 0.1156344 0.0973978 0.1157806 0.0935759 0.0931711 
taxon9     0.2283954 0.2498923 0.2284556 0.2224245 0.2160331 0.0763453 0.0763101 0.0758183 0.0243549 0.0000000 0.0401148 0.0345422 0.0992683 0.0995937 0.1113102 0.1057042 0.1084710 0.1164285 0.0940917 0.1042577 
taxon10    0.2292980 0.2345635 0.1942040 0.2136562 0.2073645 0.0548887 0.0548636 0.0606759 0.0348427 0.0401148 0.0000000 0.0247018 0.0880834 0.0772565 0.0989356 0.0934610 0.0972832 0.0988376 0.0881779 0.0982884 
taxon11    0.2072938 0.2345115 0.2011913 0.2076938 0.2014328 0.0398441 0.0601337 0.0395593 0.0097317 0.0345422 0.0247018 0.0000000 0.0883749 0.0879837 0.1098855 0.1043535 0.0975979 0.1044846 0.0937691 0.0933625 
taxon12    0.2425852 0.2406184 0.2199863 0.2380856 0.2317254 0.1152563 0.1144480 0.1158072 0.0881942 0.0992683 0.0880834 0.0883749 0.0000000 0.0492800 0.0444213 0.0393691 0.0397726 0.0704244 0.0395421 0.0292335 
taxon13    0.2345999 0.2191413 0.1939817 0.2046027 0.1984697 0.1147298 0.1034016 0.1152759 0.0990459 0.0995937 0.0772565 0.0879837 0.0492800 0.0000000 0.0440702 0.0390582 0.0705428 0.0701449 0.0600923 0.0592844 
taxon14    0.2297717 0.2086330 0.2264451 0.2374569 0.2311131 0.1371493 0.1144667 0.1377854 0.1212429 0.1113102 0.0989356 0.1098855 0.0444213 0.0440702 0.0000000 0.0048299 0.0759635 0.0861200 0.0653125 0.0544984 
taxon15    0.2231931 0.2143164 0.2199586 0.2309337 0.2246293 0.1314820 0.1089492 0.1320956 0.1156344 0.1057042 0.0934610 0.1043535 0.0393691 0.0390582 0.0048299 0.0000000 0.0706887 0.0808112 0.0601113 0.0493966 
taxon16    0.2426999 0.2407239 0.2126559 0.2310142 0.2371405 0.1137543 0.1126452 0.1249942 0.0973978 0.1084710 0.0972832 0.0975979 0.0397726 0.0705428 0.0759635 0.0706887 0.0000000 0.0596226 0.0391392 0.0496821 
taxon17    0.2311190 0.2290533 0.2145969 0.2339728 0.2333196 0.1096726 0.0980977 0.1209284 0.1157806 0.1164285 0.0988376 0.1044846 0.0704244 0.0701449 0.0861200 0.0808112 0.0596226 0.0000000 0.0291884 0.0805721 
taxon18    0.2315762 0.2425408 0.2093178 0.2344307 0.2280402 0.1095703 0.0875245 0.1100969 0.0935759 0.0940917 0.0881779 0.0937691 0.0395421 0.0600923 0.0653125 0.0601113 0.0391392 0.0291884 0.0000000 0.0494758 
taxon19    0.2482509 0.2591932 0.2182980 0.2369531 0.2306232 0.1202313 0.1084815 0.1207998 0.0931711 0.1042577 0.0982884 0.0933625 0.0292335 0.0592844 0.0544984 0.0493966 0.0496821 0.0805721 0.0494758 0.0000000 
