20
taxon0     0.0000000 0.0398090 0.1504893 0.1107468 0.0989143 0.0941902 0.0894957 0.2332221 0.2511286 0.2051103 0.2115257 0.2101214 0.2098298 0.1969007 0.2031827 0.2166768 0.2096780 0.2412496 0.2496184 0.2412496 
taxon1     0.0398090 0.0000000 0.1439050 0.1170788 0.1050623 0.1063056 0.1071971 0.2528301 0.2499419 0.2169540 0.2230566 0.2362125 0.2240674 0.2377033 0.2315413 0.2310555 0.2325012 0.2499311 0.2428992 0.2499311 
taxon2     0.1504893 0.1439050 0.0000000 0.0726232 0.0837855 0.1205109 0.1084772 0.3323132 0.3312931 0.3057189 0.3449730 0.3188082 0.3139176 0.3294528 0.3226608 0.3219065 0.3302856 0.3355486 0.3275964 0.3355486 
taxon3     0.1107468 0.1170788 0.0726232 0.0000000 0.0196718 0.1071607 0.0949761 0.2733022 0.2725129 0.2561475 0.2926563 0.2764768 0.2478449 0.2619712 0.2556459 0.2550933 0.2626119 0.2807310 0.2897633 0.2807310 
taxon4     0.0989143 0.1050623 0.0837855 0.0196718 0.0000000 0.1121891 0.1065127 0.2570751 0.2563449 0.2467018 0.2826111 0.2667154 0.2385669 0.2524632 0.2462187 0.2456940 0.2530762 0.2709904 0.2798307 0.2709904 
taxon5     0.0941902 0.1063056 0.1205109 0.1071607 0.1121891 0.0000000 0.0360065 0.2677451 0.2822830 0.2658491 0.2867812 0.2709112 0.2575036 0.2566828 0.2504623 0.2647637 0.2573022 0.2829387 0.2919147 0.2829387 
taxon6     0.0894957 0.1071971 0.1084772 0.0949761 0.1065127 0.0360065 0.0000000 0.2915775 0.3068352 0.2802416 0.3018722 0.2854173 0.2715542 0.2706663 0.2642625 0.2790731 0.2713331 0.2977614 0.3071223 0.2977614 
taxon7     0.2332221 0.2528301 0.3323132 0.2733022 0.2570751 0.2677451 0.2915775 0.0000000 0.0195745 0.0296405 0.0448962 0.0397266 0.0448644 0.0346782 0.0397285 0.0500825 0.0398464 0.0653077 0.0600092 0.0653077 
taxon8     0.2511286 0.2499419 0.3312931 0.2725129 0.2563449 0.2822830 0.3068352 0.0195745 0.0000000 0.0397217 0.0658401 0.0604969 0.0500731 0.0553238 0.0554289 0.0553370 0.0555933 0.0706413 0.0652981 0.0706413 
taxon9     0.2051103 0.2169540 0.3057189 0.2561475 0.2467018 0.2658491 0.2802416 0.0296405 0.0397217 0.0000000 0.0244582 0.0194790 0.0145198 0.0145746 0.0194796 0.0194490 0.0244296 0.0390890 0.0340476 0.0390890 
taxon10    0.2115257 0.2230566 0.3449730 0.2926563 0.2826111 0.2867812 0.3018722 0.0448962 0.0658401 0.0244582 0.0000000 0.0344199 0.0394873 0.0294328 0.0344214 0.0446300 0.0394685 0.0647894 0.0595339 0.0647894 
taxon11    0.2101214 0.2362125 0.3188082 0.2764768 0.2667154 0.2709112 0.2854173 0.0397266 0.0604969 0.0194790 0.0344199 0.0000000 0.0343955 0.0244175 0.0293715 0.0394916 0.0343794 0.0595324 0.0543239 0.0595324 
taxon12    0.2098298 0.2240674 0.3139176 0.2478449 0.2385669 0.2575036 0.2715542 0.0448644 0.0500731 0.0145198 0.0394873 0.0343955 0.0000000 0.0096339 0.0048118 0.0144657 0.0193810 0.0339195 0.0391252 0.0339195 
taxon13    0.1969007 0.2377033 0.3294528 0.2619712 0.2524632 0.2566828 0.2706663 0.0346782 0.0553238 0.0145746 0.0294328 0.0244175 0.0096339 0.0000000 0.0047992 0.0242848 0.0193298 0.0439306 0.0492669 0.0439306 
taxon14    0.2031827 0.2315413 0.3226608 0.2556459 0.2462187 0.2504623 0.2642625 0.0397285 0.0554289 0.0194796 0.0344214 0.0293715 0.0048118 0.0047992 0.0000000 0.0194068 0.0144818 0.0390062 0.0442913 0.0390062 
taxon15    0.2166768 0.2310555 0.3219065 0.2550933 0.2456940 0.2647637 0.2790731 0.0500825 0.0553370 0.0194490 0.0446300 0.0394916 0.0144657 0.0242848 0.0194068 0.0000000 0.0145026 0.0290072 0.0341558 0.0290072 
taxon16    0.2096780 0.2325012 0.3302856 0.2626119 0.2530762 0.2573022 0.2713331 0.0398464 0.0555933 0.0244296 0.0394685 0.0343794 0.0193810 0.0193298 0.0144818 0.0145026 0.0000000 0.0290198 0.0341706 0.0290198 
taxon17    0.2412496 0.2499311 0.3355486 0.2807310 0.2709904 0.2829387 0.2977614 0.0653077 0.0706413 0.0390890 0.0647894 0.0595324 0.0339195 0.0439306 0.0390062 0.0290072 0.0290198 0.0000000 0.0047826 0.0000010 
taxon18    0.2496184 0.2428992 0.3275964 0.2897633 0.2798307 0.2919147 0.3071223 0.0600092 0.0652981 0.0340476 0.0595339 0.0543239 0.0391252 0.0492669 0.0442913 0.0341558 0.0341706 0.0047826 0.0000000 0.0047826 
taxon19    0.2412496 0.2499311 0.3355486 0.2807310 0.2709904 0.2829387 0.2977614 0.0653077 0.0706413 0.0390890 0.0647894 0.0595324 0.0339195 0.0439306 0.0390062 0.0290072 0.0290198 0.0000010 0.0047826 0.0000000 
