20
taxon0     0.0000000 0.1428489 0.1173997 0.2945514 0.2960554 0.3107690 0.3831897 0.3937159 0.2914944 0.4049050 0.3703100 0.3638754 0.4115851 0.3856264 0.3108636 0.3098484 0.3162994 0.3573737 0.3309977 0.3162994 
taxon1     0.1428489 0.0000000 0.0557052 0.3502431 0.3439362 0.3514451 0.4289842 0.4192676 0.3335272 0.4516658 0.3863247 0.4067390 0.4267122 0.3891227 0.3441978 0.3430813 0.3339885 0.3741091 0.3612612 0.3463707 
taxon2     0.1173997 0.0557052 0.0000000 0.3481362 0.3290397 0.3441942 0.4296503 0.4199244 0.3177454 0.4550896 0.4004306 0.4127472 0.4470330 0.4083830 0.3444911 0.3433724 0.3621716 0.4045104 0.3774130 0.3621716 
taxon3     0.2945514 0.3502431 0.3481362 0.0000000 0.0515667 0.0619612 0.1298175 0.1270357 0.0707478 0.3003077 0.2157717 0.2283278 0.2528248 0.2465209 0.1011122 0.1008138 0.0958555 0.1156515 0.1061067 0.1057461 
taxon4     0.2960554 0.3439362 0.3290397 0.0515667 0.0000000 0.0280278 0.1085957 0.1264996 0.0659630 0.2882801 0.2102578 0.2280205 0.2723226 0.2408465 0.1009985 0.1007008 0.0957487 0.1263021 0.1059867 0.1056269 
taxon5     0.3107690 0.3514451 0.3441942 0.0619612 0.0280278 0.0000000 0.1037595 0.1216099 0.0715970 0.2946160 0.2126622 0.2233167 0.2675977 0.2361301 0.1072199 0.1069002 0.0966741 0.1275387 0.1070168 0.1066502 
taxon6     0.3831897 0.4289842 0.4296503 0.1298175 0.1085957 0.1037595 0.0000000 0.0564159 0.1511514 0.3817547 0.2879669 0.3087355 0.3356788 0.3168936 0.1794171 0.1788661 0.1798344 0.2059932 0.1963777 0.1906765 
taxon7     0.3937159 0.4192676 0.4199244 0.1270357 0.1264996 0.1216099 0.0564159 0.0000000 0.1592170 0.3690241 0.2802929 0.3007773 0.3117818 0.3059343 0.1698368 0.1693170 0.1760865 0.2021610 0.1925650 0.1868910 
taxon8     0.2914944 0.3335272 0.3177454 0.0707478 0.0659630 0.0715970 0.1511514 0.1592170 0.0000000 0.2222594 0.1489170 0.1657068 0.2072553 0.1776601 0.0521627 0.0520093 0.0664609 0.0912146 0.0714319 0.0664609 
taxon9     0.4049050 0.4516658 0.4550896 0.3003077 0.2882801 0.2946160 0.3817547 0.3690241 0.2222594 0.0000000 0.1077611 0.1086105 0.1382984 0.1195007 0.2497425 0.2489600 0.2516028 0.2849973 0.2647226 0.2516028 
taxon10    0.3703100 0.3863247 0.4004306 0.2157717 0.2102578 0.2126622 0.2879669 0.2802929 0.1489170 0.1077611 0.0000000 0.0183843 0.0518215 0.0278145 0.1769459 0.1763981 0.1863500 0.2177311 0.1985257 0.1863500 
taxon11    0.3638754 0.4067390 0.4127472 0.2283278 0.2280205 0.2233167 0.3087355 0.3007773 0.1657068 0.1086105 0.0183843 0.0000000 0.0420672 0.0183987 0.1826922 0.1821259 0.1814014 0.2126997 0.1935446 0.1814014 
taxon12    0.4115851 0.4267122 0.4470330 0.2528248 0.2723226 0.2675977 0.3356788 0.3117818 0.2072553 0.1382984 0.0518215 0.0420672 0.0000000 0.0232360 0.2119668 0.2113052 0.2223330 0.2356649 0.2351205 0.2223330 
taxon13    0.3856264 0.3891227 0.4083830 0.2465209 0.2408465 0.2361301 0.3168936 0.3059343 0.1776601 0.1195007 0.0278145 0.0183987 0.0232360 0.0000000 0.1939858 0.1933837 0.1926080 0.2243136 0.2049093 0.1926080 
taxon14    0.3108636 0.3441978 0.3444911 0.1011122 0.1009985 0.1072199 0.1794171 0.1698368 0.0521627 0.2497425 0.1769459 0.1826922 0.2119668 0.1939858 0.0000000 0.0091691 0.0419129 0.0612254 0.0517021 0.0419129 
taxon15    0.3098484 0.3430813 0.3433724 0.1008138 0.1007008 0.1069002 0.1788661 0.1693170 0.0520093 0.2489600 0.1763981 0.1821259 0.2113052 0.1933837 0.0091691 0.0000000 0.0417915 0.0610470 0.0515514 0.0417915 
taxon16    0.3162994 0.3339885 0.3621716 0.0958555 0.0957487 0.0966741 0.1798344 0.1760865 0.0664609 0.2516028 0.1863500 0.1814014 0.2223330 0.1926080 0.0419129 0.0417915 0.0000000 0.0465877 0.0184418 0.0091361 
taxon17    0.3573737 0.3741091 0.4045104 0.1156515 0.1263021 0.1275387 0.2059932 0.2021610 0.0912146 0.2849973 0.2177311 0.2126997 0.2356649 0.2243136 0.0612254 0.0610470 0.0465877 0.0000000 0.0276004 0.0371697 
taxon18    0.3309977 0.3612612 0.3774130 0.1061067 0.1059867 0.1070168 0.1963777 0.1925650 0.0714319 0.2647226 0.1985257 0.1935446 0.2351205 0.2049093 0.0517021 0.0515514 0.0184418 0.0276004 0.0000000 0.0184418 
taxon19    0.3162994 0.3463707 0.3621716 0.1057461 0.1056269 0.1066502 0.1906765 0.1868910 0.0664609 0.2516028 0.1863500 0.1814014 0.2223330 0.1926080 0.0419129 0.0417915 0.0091361 0.0371697 0.0184418 0.0000000 
