20
taxon0     0.0000000 0.0535645 0.1103194 0.1144929 0.2198989 0.1616342 0.1827666 0.2098997 0.1963037 0.2459101 0.2303938 0.2620417 0.2598026 0.3123323 0.2855455 0.2697826 0.2376985 0.2538597 0.2750305 0.2592397 
taxon1     0.0535645 0.0000000 0.1041530 0.1232241 0.2282108 0.1578717 0.1856016 0.2076744 0.1878043 0.2182718 0.2105317 0.2350252 0.2381679 0.2901455 0.2639732 0.2249303 0.2122716 0.2483894 0.2610383 0.2407322 
taxon2     0.1103194 0.1041530 0.0000000 0.0855923 0.1861416 0.1506648 0.2203000 0.2335112 0.2285015 0.2686127 0.2508315 0.2756104 0.2719666 0.3204518 0.2990885 0.2733367 0.2532134 0.2812012 0.2977496 0.2779033 
taxon3     0.1144929 0.1232241 0.0855923 0.0000000 0.2201603 0.1776623 0.1977505 0.2129489 0.2256294 0.2551942 0.2648791 0.2854711 0.2819942 0.3172447 0.2959411 0.2866956 0.2608908 0.2813282 0.2958006 0.2808769 
taxon4     0.2198989 0.2282108 0.1861416 0.2201603 0.0000000 0.0754687 0.1728572 0.1892676 0.1684502 0.2981776 0.3033655 0.3044981 0.3065545 0.3386439 0.3275331 0.3108839 0.2967969 0.2872524 0.3182114 0.3159330 
taxon5     0.1616342 0.1578717 0.1506648 0.1776623 0.0754687 0.0000000 0.1248746 0.1274812 0.1149210 0.2400218 0.2428726 0.2804082 0.2688035 0.3144951 0.2858521 0.2600523 0.2491371 0.2622282 0.3054323 0.2755134 
taxon6     0.1827666 0.1856016 0.2203000 0.1977505 0.1728572 0.1248746 0.0000000 0.0713708 0.0662624 0.2665537 0.2824987 0.2908645 0.2860549 0.3211690 0.3005453 0.2701428 0.2635124 0.2627581 0.2962925 0.2880801 
taxon7     0.2098997 0.2076744 0.2335112 0.2129489 0.1892676 0.1274812 0.0713708 0.0000000 0.0444660 0.2592854 0.2996096 0.3182226 0.3075125 0.3461701 0.3178504 0.2714510 0.2627085 0.2570202 0.3152606 0.2833717 
taxon8     0.1963037 0.1878043 0.2285015 0.2256294 0.1684502 0.1149210 0.0662624 0.0444660 0.0000000 0.2747906 0.2995135 0.3181448 0.3074227 0.3402379 0.3202530 0.2846808 0.2823656 0.2827108 0.3278049 0.3027042 
taxon9     0.2459101 0.2182718 0.2686127 0.2551942 0.2981776 0.2400218 0.2665537 0.2592854 0.2747906 0.0000000 0.1071009 0.1458035 0.1297377 0.1802678 0.1568802 0.1201338 0.1126494 0.1363763 0.1377726 0.1374872 
taxon10    0.2303938 0.2105317 0.2508315 0.2648791 0.3033655 0.2428726 0.2824987 0.2996096 0.2995135 0.1071009 0.0000000 0.0748532 0.0709598 0.1397820 0.1136925 0.1562705 0.1532298 0.1667013 0.1668868 0.1487501 
taxon11    0.2620417 0.2350252 0.2756104 0.2854711 0.3044981 0.2804082 0.2908645 0.3182226 0.3181448 0.1458035 0.0748532 0.0000000 0.0639921 0.1202689 0.0943503 0.1803407 0.1594084 0.1819760 0.1682631 0.1516795 
taxon12    0.2598026 0.2381679 0.2719666 0.2819942 0.3065545 0.2688035 0.2860549 0.3075125 0.3074227 0.1297377 0.0709598 0.0639921 0.0000000 0.1043688 0.0897704 0.1891331 0.1837844 0.2010356 0.1983140 0.1865337 
taxon13    0.3123323 0.2901455 0.3204518 0.3172447 0.3386439 0.3144951 0.3211690 0.3461701 0.3402379 0.1802678 0.1397820 0.1202689 0.1043688 0.0000000 0.0598655 0.2337800 0.2110132 0.2299429 0.2047898 0.2098234 
taxon14    0.2855455 0.2639732 0.2990885 0.2959411 0.3275331 0.2858521 0.3005453 0.3178504 0.3202530 0.1568802 0.1136925 0.0943503 0.0897704 0.0598655 0.0000000 0.2191888 0.1771258 0.1946413 0.1740475 0.1753363 
taxon15    0.2697826 0.2249303 0.2733367 0.2866956 0.3108839 0.2600523 0.2701428 0.2714510 0.2846808 0.1201338 0.1562705 0.1803407 0.1891331 0.2337800 0.2191888 0.0000000 0.0849557 0.1193509 0.1268891 0.1315839 
taxon16    0.2376985 0.2122716 0.2532134 0.2608908 0.2967969 0.2491371 0.2635124 0.2627085 0.2823656 0.1126494 0.1532298 0.1594084 0.1837844 0.2110132 0.1771258 0.0849557 0.0000000 0.0699758 0.0859963 0.0762324 
taxon17    0.2538597 0.2483894 0.2812012 0.2813282 0.2872524 0.2622282 0.2627581 0.2570202 0.2827108 0.1363763 0.1667013 0.1819760 0.2010356 0.2299429 0.1946413 0.1193509 0.0699758 0.0000000 0.0545353 0.0497081 
taxon18    0.2750305 0.2610383 0.2977496 0.2958006 0.3182114 0.3054323 0.2962925 0.3152606 0.3278049 0.1377726 0.1668868 0.1682631 0.1983140 0.2047898 0.1740475 0.1268891 0.0859963 0.0545353 0.0000000 0.0440310 
taxon19    0.2592397 0.2407322 0.2779033 0.2808769 0.3159330 0.2755134 0.2880801 0.2833717 0.3027042 0.1374872 0.1487501 0.1516795 0.1865337 0.2098234 0.1753363 0.1315839 0.0762324 0.0497081 0.0440310 0.0000000 
