20
taxon0     0.0000000 0.0564193 0.0622542 0.0624226 0.0738004 0.0624226 0.0850824 0.0677041 0.0963602 0.1116080 0.0736350 0.0998515 0.0834185 0.0732249 0.3900571 0.3735399 0.3819536 0.3741085 0.4052981 0.3561452 
taxon1     0.0564193 0.0000000 0.0149135 0.0250081 0.0354832 0.0250081 0.0674574 0.0508072 0.0783624 0.0933505 0.0669496 0.0828212 0.0503713 0.0612893 0.3925249 0.3760753 0.3844563 0.3620191 0.3617936 0.3446951 
taxon2     0.0622542 0.0149135 0.0000000 0.0098908 0.0200515 0.0098908 0.0734771 0.0565314 0.0845397 0.0996549 0.0729250 0.0942884 0.0665262 0.0671569 0.3982228 0.3817126 0.3901290 0.3677123 0.3674629 0.3502987 
taxon3     0.0624226 0.0250081 0.0098908 0.0000000 0.0099655 0.0000010 0.0844952 0.0672342 0.0957010 0.1108630 0.0731237 0.1054468 0.0667039 0.0673384 0.3910543 0.3746484 0.3830058 0.3522743 0.3747170 0.3574267 
taxon4     0.0738004 0.0354832 0.0200515 0.0099655 0.0000000 0.0099655 0.0963163 0.0786215 0.1077383 0.1230340 0.0846898 0.1175366 0.0779950 0.0787413 0.3882004 0.3719061 0.3802044 0.3496371 0.3808446 0.3634542 
taxon5     0.0624226 0.0250081 0.0098908 0.0000010 0.0099655 0.0000000 0.0844952 0.0672342 0.0957010 0.1108630 0.0731237 0.1054468 0.0667039 0.0673384 0.3910543 0.3746484 0.3830058 0.3522743 0.3747170 0.3574267 
taxon6     0.0850824 0.0674574 0.0734771 0.0844952 0.0963163 0.0844952 0.0000000 0.0151123 0.0300752 0.0564692 0.0410096 0.0566792 0.0668801 0.0567811 0.3887448 0.3722708 0.3806611 0.3581200 0.3742736 0.3407887 
taxon7     0.0677041 0.0508072 0.0565314 0.0672342 0.0786215 0.0672342 0.0151123 0.0000000 0.0253537 0.0402096 0.0250880 0.0403555 0.0503795 0.0404281 0.3622303 0.3462802 0.3543841 0.3320871 0.3478147 0.3154314 
taxon8     0.0963602 0.0783624 0.0845397 0.0957010 0.1077383 0.0957010 0.0300752 0.0253537 0.0000000 0.0251152 0.0516015 0.0617206 0.0776890 0.0675555 0.3877868 0.3713815 0.3797365 0.3737228 0.3733623 0.3560344 
taxon9     0.1116080 0.0933505 0.0996549 0.1108630 0.1230340 0.1108630 0.0564692 0.0402096 0.0251152 0.0000000 0.0561947 0.0662220 0.0821064 0.0720592 0.3909752 0.3745990 0.3829415 0.3917694 0.3913282 0.3737819 
taxon10    0.0736350 0.0669496 0.0729250 0.0731237 0.0846898 0.0731237 0.0410096 0.0250880 0.0516015 0.0561947 0.0000000 0.0454772 0.0457056 0.0356642 0.3719172 0.3557647 0.3639787 0.3415749 0.3718772 0.3386154 
taxon11    0.0998515 0.0828212 0.0942884 0.1054468 0.1175366 0.1054468 0.0566792 0.0403555 0.0617206 0.0662220 0.0454772 0.0000000 0.0661274 0.0612592 0.3991896 0.3826466 0.3910805 0.3686360 0.3848182 0.3511832 
taxon12    0.0834185 0.0503713 0.0665262 0.0667039 0.0779950 0.0667039 0.0668801 0.0503795 0.0776890 0.0821064 0.0457056 0.0661274 0.0000000 0.0198392 0.3620654 0.3461391 0.3542310 0.3319636 0.3458899 0.3291309 
taxon13    0.0732249 0.0612893 0.0671569 0.0673384 0.0787413 0.0673384 0.0567811 0.0404281 0.0675555 0.0720592 0.0356642 0.0612592 0.0198392 0.0000000 0.3797102 0.3634089 0.3717044 0.3492372 0.3633529 0.3461815 
taxon14    0.3900571 0.3925249 0.3982228 0.3910543 0.3882004 0.3910543 0.3887448 0.3622303 0.3877868 0.3909752 0.3719172 0.3991896 0.3620654 0.3797102 0.0000000 0.0097947 0.0146351 0.0611791 0.0610047 0.0656040 
taxon15    0.3735399 0.3760753 0.3817126 0.3746484 0.3719061 0.3746484 0.3722708 0.3462802 0.3713815 0.3745990 0.3557647 0.3826466 0.3461391 0.3634089 0.0097947 0.0000000 0.0146662 0.0613130 0.0611378 0.0550475 
taxon16    0.3819536 0.3844563 0.3901290 0.3830058 0.3802044 0.3830058 0.3806611 0.3543841 0.3797365 0.3829415 0.3639787 0.3910805 0.3542310 0.3717044 0.0146351 0.0146662 0.0000000 0.0558559 0.0556997 0.0603159 
taxon17    0.3741085 0.3620191 0.3677123 0.3522743 0.3496371 0.3522743 0.3581200 0.3320871 0.3737228 0.3917694 0.3415749 0.3686360 0.3319636 0.3492372 0.0611791 0.0613130 0.0558559 0.0000000 0.0571295 0.0569079 
taxon18    0.4052981 0.3617936 0.3674629 0.3747170 0.3808446 0.3747170 0.3742736 0.3478147 0.3733623 0.3913282 0.3718772 0.3848182 0.3458899 0.3633529 0.0610047 0.0611378 0.0556997 0.0571295 0.0000000 0.0402754 
taxon19    0.3561452 0.3446951 0.3502987 0.3574267 0.3634542 0.3574267 0.3407887 0.3154314 0.3560344 0.3737819 0.3386154 0.3511832 0.3291309 0.3461815 0.0656040 0.0550475 0.0603159 0.0569079 0.0402754 0.0000000 
