20
taxon0     0.0000000 0.0203599 0.0412154 0.0418736 0.0418107 0.0365296 0.1617414 0.1558269 0.1696801 0.1449401 0.1496436 0.1683321 0.1633380 0.1634010 0.1606784 0.1547953 0.1791333 0.1541688 0.1541464 0.1665683 
taxon1     0.0203599 0.0000000 0.0253174 0.0308622 0.0308167 0.0256414 0.1427725 0.1369447 0.1558780 0.1261347 0.1308863 0.1491876 0.1441925 0.1517280 0.1491201 0.1432516 0.1674790 0.1426708 0.1426486 0.1549900 
taxon2     0.0412154 0.0253174 0.0000000 0.0412002 0.0411393 0.0359415 0.1610582 0.1551687 0.1551133 0.1443256 0.1490129 0.1495488 0.1498415 0.1574166 0.1547426 0.1488739 0.1731261 0.1482715 0.1541920 0.1544673 
taxon3     0.0418736 0.0308622 0.0412002 0.0000000 0.0050022 0.0049941 0.1539482 0.1355825 0.1419704 0.1373335 0.1420218 0.1540149 0.1554617 0.1552474 0.1422522 0.1490376 0.1604231 0.1484337 0.1484114 0.1546476 
taxon4     0.0418107 0.0308167 0.0411393 0.0050022 0.0000000 0.0049869 0.1604703 0.1419499 0.1484053 0.1437786 0.1484568 0.1605423 0.1620460 0.1618218 0.1486942 0.1555626 0.1670044 0.1549298 0.1549073 0.1611976 
taxon5     0.0365296 0.0256414 0.0359415 0.0049941 0.0049869 0.0000000 0.1601993 0.1417101 0.1481540 0.1435333 0.1482055 0.1602710 0.1617703 0.1615469 0.1484424 0.1552981 0.1667223 0.1546674 0.1546449 0.1609245 
taxon6     0.1617414 0.1427725 0.1610582 0.1539482 0.1604703 0.1601993 0.0000000 0.0153353 0.0310142 0.0314560 0.0258890 0.0417521 0.0365341 0.0531418 0.0309467 0.0362685 0.0467501 0.0361320 0.0468994 0.0523393 
taxon7     0.1558269 0.1369447 0.1551687 0.1355825 0.1419499 0.1417101 0.0153353 0.0000000 0.0153650 0.0261901 0.0206913 0.0364967 0.0312854 0.0477897 0.0256991 0.0310556 0.0414105 0.0309388 0.0416455 0.0417217 
taxon8     0.1696801 0.1558780 0.1551133 0.1419704 0.1484053 0.1481540 0.0310142 0.0153650 0.0000000 0.0423685 0.0366155 0.0367201 0.0366327 0.0478568 0.0259218 0.0313238 0.0417612 0.0312050 0.0420001 0.0420775 
taxon9     0.1449401 0.1261347 0.1443256 0.1373335 0.1437786 0.1435333 0.0314560 0.0261901 0.0423685 0.0000000 0.0154662 0.0311730 0.0205388 0.0260463 0.0366892 0.0314131 0.0527767 0.0312936 0.0421197 0.0475905 
taxon10    0.1496436 0.1308863 0.1490129 0.1420218 0.1484568 0.1482055 0.0258890 0.0206913 0.0366155 0.0154662 0.0000000 0.0152932 0.0260461 0.0424452 0.0310603 0.0154102 0.0469218 0.0257557 0.0258296 0.0311305 
taxon11    0.1683321 0.1491876 0.1495488 0.1540149 0.1605423 0.1602710 0.0417521 0.0364967 0.0367201 0.0311730 0.0152932 0.0000000 0.0207784 0.0370406 0.0362537 0.0205557 0.0415881 0.0205456 0.0206045 0.0258676 
taxon12    0.1633380 0.1441925 0.1498415 0.1554617 0.1620460 0.1617703 0.0365341 0.0312854 0.0366327 0.0205388 0.0260461 0.0207784 0.0000000 0.0155001 0.0259557 0.0207415 0.0312617 0.0102993 0.0207912 0.0261006 
taxon13    0.1634010 0.1517280 0.1574166 0.1552474 0.1618218 0.1615469 0.0531418 0.0477897 0.0478568 0.0260463 0.0424452 0.0370406 0.0155001 0.0000000 0.0363325 0.0311074 0.0416758 0.0205946 0.0311814 0.0365349 
taxon14    0.1606784 0.1491201 0.1547426 0.1422522 0.1486942 0.1484424 0.0309467 0.0256991 0.0259218 0.0366892 0.0310603 0.0362537 0.0259557 0.0363325 0.0000000 0.0152653 0.0151808 0.0152082 0.0255861 0.0256328 
taxon15    0.1547953 0.1432516 0.1488739 0.1490376 0.1555626 0.1552981 0.0362685 0.0310556 0.0313238 0.0314131 0.0154102 0.0205557 0.0207415 0.0311074 0.0152653 0.0000000 0.0307455 0.0101266 0.0101559 0.0152993 
taxon16    0.1791333 0.1674790 0.1731261 0.1604231 0.1670044 0.1667223 0.0467501 0.0414105 0.0417612 0.0527767 0.0469218 0.0415881 0.0312617 0.0416758 0.0151808 0.0307455 0.0000000 0.0203527 0.0308178 0.0308740 
taxon17    0.1541688 0.1426708 0.1482715 0.1484337 0.1549298 0.1546674 0.0361320 0.0309388 0.0312050 0.0312936 0.0257557 0.0205456 0.0102993 0.0205946 0.0152082 0.0101266 0.0203527 0.0000000 0.0101500 0.0152919 
taxon18    0.1541464 0.1426486 0.1541920 0.1484114 0.1549073 0.1546449 0.0468994 0.0416455 0.0420001 0.0421197 0.0258296 0.0206045 0.0207912 0.0311814 0.0255861 0.0101559 0.0308178 0.0101500 0.0000000 0.0101414 
taxon19    0.1665683 0.1549900 0.1544673 0.1546476 0.1611976 0.1609245 0.0523393 0.0417217 0.0420775 0.0475905 0.0311305 0.0258676 0.0261006 0.0365349 0.0256328 0.0152993 0.0308740 0.0152919 0.0101414 0.0000000 
