19
taxon0     0.0000000 0.0240164 0.0539854 0.0592850 0.2862588 0.2938547 0.2948004 0.2932488 0.3003894 0.2691474 0.2564621 0.2704163 0.2568827 0.2568501 0.2617722 0.2627135 0.2828845 0.2713301 0.2713301 
taxon1     0.0240164 0.0000000 0.0391123 0.0543106 0.2801911 0.2877456 0.3021502 0.3078853 0.3151634 0.2631939 0.2629857 0.2770417 0.2509556 0.2509211 0.2558537 0.2567747 0.2768698 0.2784334 0.2784334 
taxon2     0.0539854 0.0391123 0.0000000 0.0291024 0.2710101 0.2705258 0.2714740 0.2634536 0.2703090 0.2612508 0.2753152 0.2749944 0.2490953 0.2631794 0.2552813 0.2422136 0.2469348 0.2753205 0.2753205 
taxon3     0.0592850 0.0543106 0.0291024 0.0000000 0.2513728 0.2509284 0.2665597 0.2722002 0.2791723 0.2632954 0.2774890 0.2771625 0.2510413 0.2780192 0.2699096 0.2565880 0.2613210 0.2903228 0.2903228 
taxon4     0.2862588 0.2801911 0.2710101 0.2513728 0.0000000 0.0142347 0.0337648 0.0483441 0.0486431 0.0586424 0.0743310 0.0795211 0.0590431 0.0801200 0.0848603 0.0744319 0.0790812 0.0839983 0.0839983 
taxon5     0.2938547 0.2877456 0.2705258 0.2509284 0.0142347 0.0000000 0.0338511 0.0435739 0.0436139 0.0533134 0.0688528 0.0739888 0.0537169 0.0745422 0.0792633 0.0689455 0.0735811 0.0735676 0.0735676 
taxon6     0.2948004 0.3021502 0.2714740 0.2665597 0.0337648 0.0338511 0.0000000 0.0140997 0.0141868 0.0689153 0.0849020 0.0796976 0.0591800 0.0857513 0.0800978 0.0696761 0.0743527 0.0792999 0.0792999 
taxon7     0.2932488 0.3078853 0.2634536 0.2722002 0.0483441 0.0435739 0.0140997 0.0000000 0.0046651 0.0686215 0.0845335 0.0793530 0.0589281 0.0853756 0.0797499 0.0693761 0.0740332 0.0789586 0.0789586 
taxon8     0.3003894 0.3151634 0.2703090 0.2791723 0.0486431 0.0436139 0.0141868 0.0046651 0.0000000 0.0685731 0.0844743 0.0792972 0.0588859 0.0853153 0.0796936 0.0693267 0.0739810 0.0789043 0.0789043 
taxon9     0.2691474 0.2631939 0.2612508 0.2632954 0.0586424 0.0533134 0.0689153 0.0686215 0.0685731 0.0000000 0.0237329 0.0285635 0.0189379 0.0385305 0.0432129 0.0334153 0.0481961 0.0533041 0.0533041 
taxon10    0.2564621 0.2629857 0.2753152 0.2774890 0.0743310 0.0688528 0.0849020 0.0845335 0.0844743 0.0237329 0.0000000 0.0238486 0.0237891 0.0335771 0.0382554 0.0383795 0.0433282 0.0581367 0.0581367 
taxon11    0.2704163 0.2770417 0.2749944 0.2771625 0.0795211 0.0739888 0.0796976 0.0793530 0.0792972 0.0285635 0.0238486 0.0000000 0.0189840 0.0335692 0.0483777 0.0384781 0.0534161 0.0686153 0.0686153 
taxon12    0.2568827 0.2509556 0.2490953 0.2510413 0.0590431 0.0537169 0.0591800 0.0589281 0.0588859 0.0189379 0.0237891 0.0189840 0.0000000 0.0240250 0.0287394 0.0190499 0.0336569 0.0485245 0.0485245 
taxon13    0.2568501 0.2509211 0.2631794 0.2780192 0.0801200 0.0745422 0.0857513 0.0853756 0.0853153 0.0385305 0.0335771 0.0335692 0.0240250 0.0000000 0.0142223 0.0142684 0.0288113 0.0336185 0.0336185 
taxon14    0.2617722 0.2558537 0.2552813 0.2699096 0.0848603 0.0792633 0.0800978 0.0797499 0.0796936 0.0432129 0.0382554 0.0483777 0.0287394 0.0142223 0.0000000 0.0094426 0.0238329 0.0335910 0.0335910 
taxon15    0.2627135 0.2567747 0.2422136 0.2565880 0.0744319 0.0689455 0.0696761 0.0693761 0.0693267 0.0334153 0.0383795 0.0384781 0.0190499 0.0142684 0.0094426 0.0000000 0.0142184 0.0384257 0.0384257 
taxon16    0.2828845 0.2768698 0.2469348 0.2613210 0.0790812 0.0735811 0.0743527 0.0740332 0.0739810 0.0481961 0.0433282 0.0534161 0.0336569 0.0288113 0.0238329 0.0142184 0.0000000 0.0430588 0.0430588 
taxon17    0.2713301 0.2784334 0.2753205 0.2903228 0.0839983 0.0735676 0.0792999 0.0789586 0.0789043 0.0533041 0.0581367 0.0686153 0.0485245 0.0336185 0.0335910 0.0384257 0.0430588 0.0000000 0.0000010 
taxon18    0.2713301 0.2784334 0.2753205 0.2903228 0.0839983 0.0735676 0.0792999 0.0789586 0.0789043 0.0533041 0.0581367 0.0686153 0.0485245 0.0336185 0.0335910 0.0384257 0.0430588 0.0000010 0.0000000 
