20
taxon0     0.0000000 0.3511786 0.4316944 0.6194924 0.6532410 0.8080935 0.6437762 0.7120815 0.8975893 1.2114249 1.1777077 1.1647598 1.2004356 1.0634614 1.1516877 1.2371037 0.9230356 0.8952254 0.9603391 0.9662176 
taxon1     0.3511786 0.0000000 0.3142184 0.6305346 0.6463562 0.7725351 0.6628127 0.7055851 0.8485005 1.1052134 1.1143826 1.0872097 1.1264727 1.0068701 1.0899330 1.1046614 0.9358210 0.8963862 0.8914307 0.8962250 
taxon2     0.4316944 0.3142184 0.0000000 0.6779985 0.7359699 0.8149154 0.7358159 0.7638930 1.0370244 1.2742456 1.3107978 1.2826322 1.2482175 1.1101566 1.1753786 1.2680543 1.0207973 0.9746631 1.0966400 1.0871620 
taxon3     0.6194924 0.6305346 0.6779985 0.0000000 0.3874088 0.4782830 0.6562584 0.6890138 0.9515855 1.2010098 1.1502618 1.1865109 1.2045466 1.0391401 1.1338959 1.0856118 1.0137816 0.9886849 0.8844110 1.0015811 
taxon4     0.6532410 0.6463562 0.7359699 0.3874088 0.0000000 0.3257668 0.6736761 0.7395639 0.8936699 1.1563536 1.1167105 1.1491752 1.1936722 0.9896704 1.0649234 1.0607957 1.0035048 1.0123221 0.8801650 0.9848337 
taxon5     0.8080935 0.7725351 0.8149154 0.4782830 0.3257668 0.0000000 0.6934386 0.7618615 1.0432214 1.2737157 1.2013028 1.2254068 1.2664715 1.1045148 1.1687811 1.1689243 1.0658567 1.0675760 0.9407271 1.0286948 
taxon6     0.6437762 0.6628127 0.7358159 0.6562584 0.6736761 0.6934386 0.0000000 0.2892723 0.7602467 0.9977462 1.0067155 1.0388558 1.0348844 0.9288168 0.9824690 0.9974755 0.8736632 0.8835891 0.8265260 0.8666894 
taxon7     0.7120815 0.7055851 0.7638930 0.6890138 0.7395639 0.7618615 0.2892723 0.0000000 0.8920848 1.0389690 1.0864172 1.1064053 1.1084790 1.0007529 0.9925936 0.9242527 0.8925396 0.8925880 0.8604601 0.9098473 
taxon8     0.8975893 0.8485005 1.0370244 0.9515855 0.8936699 1.0432214 0.7602467 0.8920848 0.0000000 0.3624146 0.3545753 0.5444579 0.5531369 0.5340184 0.6097317 0.6450110 0.6733858 0.6392747 0.6209309 0.6150844 
taxon9     1.2114249 1.1052134 1.2742456 1.2010098 1.1563536 1.2737157 0.9977462 1.0389690 0.3624146 0.0000000 0.2395798 0.7420659 0.7434913 0.7544296 0.8198962 0.7975859 0.9093573 0.8577344 0.7672949 0.7894391 
taxon10    1.1777077 1.1143826 1.3107978 1.1502618 1.1167105 1.2013028 1.0067155 1.0864172 0.3545753 0.2395798 0.0000000 0.6636190 0.6678008 0.7174730 0.7935957 0.7703475 0.8912393 0.8502739 0.7403783 0.7955989 
taxon11    1.1647598 1.0872097 1.2826322 1.1865109 1.1491752 1.2254068 1.0388558 1.1064053 0.5444579 0.7420659 0.6636190 0.0000000 0.0673258 0.3841301 0.4688150 0.5211810 0.7983579 0.7942070 0.6513300 0.6728532 
taxon12    1.2004356 1.1264727 1.2482175 1.2045466 1.1936722 1.2664715 1.0348844 1.1084790 0.5531369 0.7434913 0.6678008 0.0673258 0.0000000 0.4232000 0.4722144 0.5404769 0.7833703 0.7650080 0.6352499 0.6793708 
taxon13    1.0634614 1.0068701 1.1101566 1.0391401 0.9896704 1.1045148 0.9288168 1.0007529 0.5340184 0.7544296 0.7174730 0.3841301 0.4232000 0.0000000 0.4138018 0.4820916 0.7422742 0.6919538 0.6884666 0.6746845 
taxon14    1.1516877 1.0899330 1.1753786 1.1338959 1.0649234 1.1687811 0.9824690 0.9925936 0.6097317 0.8198962 0.7935957 0.4688150 0.4722144 0.4138018 0.0000000 0.2086740 0.7691102 0.7193522 0.7605046 0.7119467 
taxon15    1.2371037 1.1046614 1.2680543 1.0856118 1.0607957 1.1689243 0.9974755 0.9242527 0.6450110 0.7975859 0.7703475 0.5211810 0.5404769 0.4820916 0.2086740 0.0000000 0.8106378 0.7821278 0.7994520 0.7946167 
taxon16    0.9230356 0.9358210 1.0207973 1.0137816 1.0035048 1.0658567 0.8736632 0.8925396 0.6733858 0.9093573 0.8912393 0.7983579 0.7833703 0.7422742 0.7691102 0.8106378 0.0000000 0.2718058 0.3511453 0.3114412 
taxon17    0.8952254 0.8963862 0.9746631 0.9886849 1.0123221 1.0675760 0.8835891 0.8925880 0.6392747 0.8577344 0.8502739 0.7942070 0.7650080 0.6919538 0.7193522 0.7821278 0.2718058 0.0000000 0.3448691 0.3189112 
taxon18    0.9603391 0.8914307 1.0966400 0.8844110 0.8801650 0.9407271 0.8265260 0.8604601 0.6209309 0.7672949 0.7403783 0.6513300 0.6352499 0.6884666 0.7605046 0.7994520 0.3511453 0.3448691 0.0000000 0.2170164 
taxon19    0.9662176 0.8962250 1.0871620 1.0015811 0.9848337 1.0286948 0.8666894 0.9098473 0.6150844 0.7894391 0.7955989 0.6728532 0.6793708 0.6746845 0.7119467 0.7946167 0.3114412 0.3189112 0.2170164 0.0000000 
