20
taxon0     0.0000000 0.1703660 0.3889365 0.4789556 0.4096353 0.5792951 0.6407438 0.5277915 0.5863955 0.6440172 0.5364937 0.5791008 0.6132293 0.5662181 0.5754733 0.6382601 0.6880401 0.6127815 0.5792273 0.5904391 
taxon1     0.1703660 0.0000000 0.3556848 0.4498341 0.3834807 0.5889883 0.6482495 0.5149702 0.5573488 0.6027110 0.4981416 0.5361011 0.6337045 0.5223817 0.5683516 0.5914111 0.6528738 0.5861640 0.5727215 0.5883787 
taxon2     0.3889365 0.3556848 0.0000000 0.3702100 0.3193040 0.5819723 0.6616992 0.5497167 0.5543296 0.6688613 0.5477027 0.5971606 0.6919670 0.5569156 0.6113229 0.6523479 0.6876146 0.6277405 0.6001973 0.6295746 
taxon3     0.4789556 0.4498341 0.3702100 0.0000000 0.3016802 0.6665160 0.7052290 0.5717378 0.6210990 0.7371656 0.5994471 0.6785555 0.7249883 0.6234020 0.7024808 0.7494031 0.7466550 0.7255158 0.7335609 0.7111660 
taxon4     0.4096353 0.3834807 0.3193040 0.3016802 0.0000000 0.7205156 0.7121671 0.6411018 0.5980554 0.6660111 0.5733480 0.6726640 0.7077505 0.5757504 0.6437336 0.6175414 0.7095609 0.6964225 0.6624894 0.6778130 
taxon5     0.5792951 0.5889883 0.5819723 0.6665160 0.7205156 0.0000000 0.4284540 0.3058068 0.3978897 0.4965382 0.2848139 0.3313048 0.4278254 0.6610598 0.5809133 0.6766919 0.7116664 0.6122193 0.6827133 0.6512117 
taxon6     0.6407438 0.6482495 0.6616992 0.7052290 0.7121671 0.4284540 0.0000000 0.2443387 0.5572606 0.7162094 0.5009851 0.5497850 0.6330764 0.7835870 0.6692975 0.7673292 0.8572128 0.7179655 0.7407246 0.7221752 
taxon7     0.5277915 0.5149702 0.5497167 0.5717378 0.6411018 0.3058068 0.2443387 0.0000000 0.5117344 0.5955180 0.4167964 0.4338544 0.5194294 0.6354688 0.5921244 0.6365810 0.6664476 0.6149929 0.6253055 0.5773252 
taxon8     0.5863955 0.5573488 0.5543296 0.6210990 0.5980554 0.3978897 0.5572606 0.5117344 0.0000000 0.2323486 0.3101489 0.3690303 0.5109421 0.6694702 0.6015224 0.7041233 0.7414530 0.6383541 0.6940078 0.7347212 
taxon9     0.6440172 0.6027110 0.6688613 0.7371656 0.6660111 0.4965382 0.7162094 0.5955180 0.2323486 0.0000000 0.3209538 0.3875939 0.5092126 0.7526806 0.6552599 0.7821646 0.8763817 0.7506730 0.7236743 0.7483142 
taxon10    0.5364937 0.4981416 0.5477027 0.5994471 0.5733480 0.2848139 0.5009851 0.4167964 0.3101489 0.3209538 0.0000000 0.2009375 0.2701915 0.6423899 0.5198848 0.6306109 0.7328728 0.6413421 0.6541815 0.6547031 
taxon11    0.5791008 0.5361011 0.5971606 0.6785555 0.6726640 0.3313048 0.5497850 0.4338544 0.3690303 0.3875939 0.2009375 0.0000000 0.2600781 0.6510315 0.5934764 0.7377635 0.7560668 0.6562534 0.6910339 0.6957402 
taxon12    0.6132293 0.6337045 0.6919670 0.7249883 0.7077505 0.4278254 0.6330764 0.5194294 0.5109421 0.5092126 0.2701915 0.2600781 0.0000000 0.7407847 0.6805181 0.7718483 0.8233385 0.7816158 0.8268608 0.7929239 
taxon13    0.5662181 0.5223817 0.5569156 0.6234020 0.5757504 0.6610598 0.7835870 0.6354688 0.6694702 0.7526806 0.6423899 0.6510315 0.7407847 0.0000000 0.2435191 0.3278163 0.3671975 0.3636942 0.4544637 0.3729050 
taxon14    0.5754733 0.5683516 0.6113229 0.7024808 0.6437336 0.5809133 0.6692975 0.5921244 0.6015224 0.6552599 0.5198848 0.5934764 0.6805181 0.2435191 0.0000000 0.2638049 0.3598605 0.2979009 0.4196636 0.4297071 
taxon15    0.6382601 0.5914111 0.6523479 0.7494031 0.6175414 0.6766919 0.7673292 0.6365810 0.7041233 0.7821646 0.6306109 0.7377635 0.7718483 0.3278163 0.2638049 0.0000000 0.2782746 0.2330427 0.4380218 0.4906486 
taxon16    0.6880401 0.6528738 0.6876146 0.7466550 0.7095609 0.7116664 0.8572128 0.6664476 0.7414530 0.8763817 0.7328728 0.7560668 0.8233385 0.3671975 0.3598605 0.2782746 0.0000000 0.2303818 0.5041731 0.5493714 
taxon17    0.6127815 0.5861640 0.6277405 0.7255158 0.6964225 0.6122193 0.7179655 0.6149929 0.6383541 0.7506730 0.6413421 0.6562534 0.7816158 0.3636942 0.2979009 0.2330427 0.2303818 0.0000000 0.5098019 0.5360745 
taxon18    0.5792273 0.5727215 0.6001973 0.7335609 0.6624894 0.6827133 0.7407246 0.6253055 0.6940078 0.7236743 0.6541815 0.6910339 0.8268608 0.4544637 0.4196636 0.4380218 0.5041731 0.5098019 0.0000000 0.2490543 
taxon19    0.5904391 0.5883787 0.6295746 0.7111660 0.6778130 0.6512117 0.7221752 0.5773252 0.7347212 0.7483142 0.6547031 0.6957402 0.7929239 0.3729050 0.4297071 0.4906486 0.5493714 0.5360745 0.2490543 0.0000000 
