18
taxon0     0.0000000 0.0101224 0.0050584 0.0101224 0.0203421 0.0204246 0.0152334 0.0204246 0.0152679 0.0538526 0.0537651 0.0642857 0.0475612 0.1567492 0.1708891 0.1687604 0.1435860 0.1435860 
taxon1     0.0101224 0.0000000 0.0050566 0.0000010 0.0101328 0.0101739 0.0050587 0.0101739 0.0050696 0.0538335 0.0428859 0.0534051 0.0475443 0.1567017 0.1586716 0.1687105 0.1435414 0.1435414 
taxon2     0.0050584 0.0050566 0.0000000 0.0050566 0.0152436 0.0153047 0.0101462 0.0153047 0.0101696 0.0484448 0.0483675 0.0588978 0.0422528 0.1509045 0.1649581 0.1628889 0.1378145 0.1378145 
taxon3     0.0101224 0.0000010 0.0050566 0.0000000 0.0101328 0.0101739 0.0050587 0.0101739 0.0050696 0.0538335 0.0428859 0.0534051 0.0475443 0.1567017 0.1586716 0.1687105 0.1435414 0.1435414 
taxon6     0.0203421 0.0101328 0.0152436 0.0101328 0.0000000 0.0101159 0.0050306 0.0101159 0.0152838 0.0535104 0.0426300 0.0530871 0.0472641 0.1440366 0.1502643 0.1559099 0.1439819 0.1439819 
taxon7     0.0204246 0.0101739 0.0153047 0.0101739 0.0101159 0.0000000 0.0050503 0.0000010 0.0050740 0.0537374 0.0428097 0.0533106 0.0474609 0.1564081 0.1583717 0.1683944 0.1563531 0.1563531 
taxon8     0.0152334 0.0050587 0.0101462 0.0050587 0.0050306 0.0050503 0.0000000 0.0050503 0.0101739 0.0481071 0.0372633 0.0477259 0.0419632 0.1497945 0.1516814 0.1616889 0.1497397 0.1497397 
taxon9     0.0204246 0.0101739 0.0153047 0.0101739 0.0101159 0.0000010 0.0050503 0.0000000 0.0050740 0.0537374 0.0428097 0.0533106 0.0474609 0.1564081 0.1583717 0.1683944 0.1563531 0.1563531 
taxon10    0.0152679 0.0050696 0.0101696 0.0050696 0.0152838 0.0050740 0.0101739 0.0050740 0.0000000 0.0595360 0.0485020 0.0590611 0.0531123 0.1634078 0.1654553 0.1755110 0.1500948 0.1500948 
taxon11    0.0538526 0.0538335 0.0484448 0.0538335 0.0535104 0.0537374 0.0481071 0.0537374 0.0595360 0.0000000 0.0151032 0.0252109 0.0204408 0.1564560 0.1706397 0.1636590 0.1657645 0.1657645 
taxon12    0.0537651 0.0428859 0.0483675 0.0428859 0.0426300 0.0428097 0.0372633 0.0428097 0.0485020 0.0151032 0.0000000 0.0150470 0.0204012 0.1557693 0.1577287 0.1677672 0.1650251 0.1650251 
taxon13    0.0642857 0.0534051 0.0588978 0.0534051 0.0530871 0.0533106 0.0477259 0.0533106 0.0590611 0.0252109 0.0150470 0.0000000 0.0152021 0.1676150 0.1696938 0.1796789 0.1771203 0.1771203 
taxon14    0.0475612 0.0475443 0.0422528 0.0475443 0.0472641 0.0474609 0.0419632 0.0474609 0.0531123 0.0204408 0.0204012 0.0152021 0.0000000 0.1574454 0.1717264 0.1695698 0.1573898 0.1573898 
taxon15    0.1567492 0.1567017 0.1509045 0.1567017 0.1440366 0.1564081 0.1497945 0.1564081 0.1634078 0.1564560 0.1557693 0.1676150 0.1574454 0.0000000 0.0146617 0.0097399 0.0098767 0.0098767 
taxon16    0.1708891 0.1586716 0.1649581 0.1586716 0.1502643 0.1583717 0.1516814 0.1583717 0.1654553 0.1706397 0.1577287 0.1696938 0.1717264 0.0146617 0.0000000 0.0146437 0.0248595 0.0248595 
taxon17    0.1687604 0.1687105 0.1628889 0.1687105 0.1559099 0.1683944 0.1616889 0.1683944 0.1755110 0.1636590 0.1677672 0.1796789 0.1695698 0.0097399 0.0146437 0.0000000 0.0198162 0.0198162 
taxon18    0.1435860 0.1435414 0.1378145 0.1435414 0.1439819 0.1563531 0.1497397 0.1563531 0.1500948 0.1657645 0.1650251 0.1771203 0.1573898 0.0098767 0.0248595 0.0198162 0.0000000 0.0000010 
taxon19    0.1435860 0.1435414 0.1378145 0.1435414 0.1439819 0.1563531 0.1497397 0.1563531 0.1500948 0.1657645 0.1650251 0.1771203 0.1573898 0.0098767 0.0248595 0.0198162 0.0000010 0.0000000 
