20
taxon0     0.0000000 0.7279590 1.6574043 1.2614064 1.9657464 1.1628818 1.0672253 1.0841031 1.8841372 2.1354744 2.3087596 2.1815650 1.6749030 1.7712568 1.3425611 1.4144810 1.8201106 1.5873109 1.7383197 2.0089265 
taxon1     0.7279590 0.0000000 1.6361855 1.2923972 2.0217433 1.5776173 1.0978681 1.0941253 1.6881620 2.0080688 2.0949545 2.0387720 1.6142652 1.7588382 1.2874645 1.3848161 2.1108961 1.8002836 1.7851059 1.6963689 
taxon2     1.6574043 1.6361855 0.0000000 1.0837192 1.6202395 1.7157553 1.0439118 1.1807159 2.7842629 2.5326816 2.9706029 3.2036517 2.0438380 1.5875329 1.3936790 1.6014762 2.5815089 1.8557214 1.7405542 1.8144156 
taxon3     1.2614064 1.2923972 1.0837192 0.0000000 0.6761831 1.1526019 0.8324919 0.8288751 1.9797680 1.8628754 1.8180966 1.8452342 1.5596034 1.5286010 1.0754690 1.1699070 1.6121756 1.4147788 1.3756208 1.4791114 
taxon4     1.9657464 2.0217433 1.6202395 0.6761831 0.0000000 1.6016613 1.2132453 1.2953756 2.2136831 2.7789462 2.1074919 2.1869050 1.9932860 2.2073089 1.5126643 1.6618526 2.0682545 2.2402125 1.9901274 1.9829214 
taxon5     1.1628818 1.5776173 1.7157553 1.1526019 1.6016613 0.0000000 0.7826671 0.7870979 2.1730998 2.2193434 1.7466277 2.1793581 1.6717444 1.6797207 1.1338596 1.2618166 1.6587455 1.4559217 1.4244001 1.4982337 
taxon6     1.0672253 1.0978681 1.0439118 0.8324919 1.2132453 0.7826671 0.0000000 0.3464282 1.4620945 1.6458940 1.5621918 1.7859599 1.2173033 0.9495664 0.7485790 0.8986303 1.3069561 0.9732653 0.9489239 1.0197829 
taxon7     1.0841031 1.0941253 1.1807159 0.8288751 1.2953756 0.7870979 0.3464282 0.0000000 1.4704613 1.6647035 1.6536135 1.7498301 1.2524027 1.0610088 0.7004492 0.9034854 1.4351136 0.9948118 0.9552267 1.0346595 
taxon8     1.8841372 1.6881620 2.7842629 1.9797680 2.2136831 2.1730998 1.4620945 1.4704613 0.0000000 1.2938615 1.8620049 2.2254708 1.8933388 2.0652834 1.5394733 1.5563515 2.0506388 1.5355518 1.4611394 1.5275461 
taxon9     2.1354744 2.0080688 2.5326816 1.8628754 2.7789462 2.2193434 1.6458940 1.6647035 1.2938615 0.0000000 2.2299692 2.4192030 1.9403497 2.2704164 1.8954026 1.7024821 2.2265677 1.7930492 1.7441000 1.7849284 
taxon10    2.3087596 2.0949545 2.9706029 1.8180966 2.1074919 1.7466277 1.5621918 1.6536135 1.8620049 2.2299692 0.0000000 0.8464175 1.6959365 1.6577448 1.3070369 1.4390310 1.7007277 1.7876634 1.8039520 1.7465768 
taxon11    2.1815650 2.0387720 3.2036517 1.8452342 2.1869050 2.1793581 1.7859599 1.7498301 2.2254708 2.4192030 0.8464175 0.0000000 1.6520308 1.7795378 1.4023278 1.3988968 1.7286806 1.5437358 1.6760000 1.9128514 
taxon12    1.6749030 1.6142652 2.0438380 1.5596034 1.9932860 1.6717444 1.2173033 1.2524027 1.8933388 1.9403497 1.6959365 1.6520308 0.0000000 1.1781245 0.6657877 1.0195857 1.1858647 1.4714884 1.4412315 1.4602024 
taxon13    1.7712568 1.7588382 1.5875329 1.5286010 2.2073089 1.6797207 0.9495664 1.0610088 2.0652834 2.2704164 1.6577448 1.7795378 1.1781245 0.0000000 0.5660350 1.1551813 1.5545103 1.3245376 1.4563447 1.3249289 
taxon14    1.3425611 1.2874645 1.3936790 1.0754690 1.5126643 1.1338596 0.7485790 0.7004492 1.5394733 1.8954026 1.3070369 1.4023278 0.6657877 0.5660350 0.0000000 0.7395029 1.0739397 1.0027565 0.9692339 1.0074561 
taxon15    1.4144810 1.3848161 1.6014762 1.1699070 1.6618526 1.2618166 0.8986303 0.9034854 1.5563515 1.7024821 1.4390310 1.3988968 1.0195857 1.1551813 0.7395029 0.0000000 0.6553430 1.1615315 1.1437965 1.1498700 
taxon16    1.8201106 2.1108961 2.5815089 1.6121756 2.0682545 1.6587455 1.3069561 1.4351136 2.0506388 2.2265677 1.7007277 1.7286806 1.1858647 1.5545103 1.0739397 0.6553430 0.0000000 1.5431454 1.4789784 1.4778739 
taxon17    1.5873109 1.8002836 1.8557214 1.4147788 2.2402125 1.4559217 0.9732653 0.9948118 1.5355518 1.7930492 1.7876634 1.5437358 1.4714884 1.3245376 1.0027565 1.1615315 1.5431454 0.0000000 0.5919735 0.7461359 
taxon18    1.7383197 1.7851059 1.7405542 1.3756208 1.9901274 1.4244001 0.9489239 0.9552267 1.4611394 1.7441000 1.8039520 1.6760000 1.4412315 1.4563447 0.9692339 1.1437965 1.4789784 0.5919735 0.0000000 0.3651497 
taxon19    2.0089265 1.6963689 1.8144156 1.4791114 1.9829214 1.4982337 1.0197829 1.0346595 1.5275461 1.7849284 1.7465768 1.9128514 1.4602024 1.3249289 1.0074561 1.1498700 1.4778739 0.7461359 0.3651497 0.0000000 
