20
taxon0     0.0000000 0.0445280 0.0543483 0.0651621 0.0649154 0.0652022 0.0549985 0.0496448 0.0496482 0.0548615 0.0494132 0.0497157 0.2732963 0.2600055 0.2353138 0.2411048 0.2420796 0.2545296 0.2288189 0.2345839 
taxon1     0.0445280 0.0000000 0.0292540 0.0395595 0.0496409 0.0598165 0.0496333 0.0546267 0.0546307 0.0396607 0.0443329 0.0345913 0.2664660 0.2532554 0.2219666 0.2292575 0.2286401 0.2668247 0.2287450 0.2345183 
taxon2     0.0543483 0.0292540 0.0000000 0.0444633 0.0493728 0.0595544 0.0494159 0.0442529 0.0543917 0.0494613 0.0540620 0.0441762 0.2527418 0.2525660 0.2085102 0.2156343 0.2150729 0.2526432 0.2151558 0.2089375 
taxon3     0.0651621 0.0395595 0.0444633 0.0000000 0.0492540 0.0493133 0.0492465 0.0542018 0.0442208 0.0602864 0.0596852 0.0550834 0.2814331 0.2614271 0.2483688 0.2436459 0.2552341 0.2945038 0.2553863 0.2488963 
taxon4     0.0649154 0.0496409 0.0493728 0.0492540 0.0000000 0.0592278 0.0491443 0.0339714 0.0439214 0.0497682 0.0543945 0.0548743 0.2666034 0.2664096 0.2475974 0.2415650 0.2544388 0.2540666 0.2410240 0.2346501 
taxon5     0.0652022 0.0598165 0.0595544 0.0493133 0.0592278 0.0000000 0.0291976 0.0440337 0.0341511 0.0655804 0.0703085 0.0603391 0.2863684 0.2728898 0.2534005 0.2487095 0.2602643 0.2681154 0.2475884 0.2411731 
taxon6     0.0549985 0.0496333 0.0494159 0.0492465 0.0491443 0.0291976 0.0000000 0.0144999 0.0145005 0.0552514 0.0702098 0.0500661 0.2751101 0.2616975 0.2422775 0.2618171 0.2491135 0.2693255 0.2364641 0.2300714 
taxon7     0.0496448 0.0546267 0.0442529 0.0542018 0.0339714 0.0440337 0.0144999 0.0000000 0.0096005 0.0498349 0.0544662 0.0549471 0.2669292 0.2667346 0.2352482 0.2410478 0.2420239 0.2612013 0.2287443 0.2224270 
taxon8     0.0496482 0.0546307 0.0543917 0.0442208 0.0439214 0.0341511 0.0145005 0.0096005 0.0000000 0.0601408 0.0647329 0.0549511 0.2802257 0.2668050 0.2481753 0.2417930 0.2550373 0.2744495 0.2415820 0.2351895 
taxon9     0.0548615 0.0396607 0.0494613 0.0602864 0.0497682 0.0655804 0.0552514 0.0498349 0.0601408 0.0000000 0.0343184 0.0246090 0.2606957 0.2605091 0.2422313 0.2361964 0.2490674 0.2474466 0.2230608 0.2288296 
taxon10    0.0494132 0.0443329 0.0540620 0.0596852 0.0543945 0.0703085 0.0702098 0.0544662 0.0647329 0.0343184 0.0000000 0.0393117 0.2774823 0.2715291 0.2461854 0.2401846 0.2529890 0.2519221 0.2396492 0.2454231 
taxon11    0.0497157 0.0345913 0.0441762 0.0550834 0.0548743 0.0603391 0.0500661 0.0549471 0.0549511 0.0246090 0.0393117 0.0000000 0.2671665 0.2539156 0.2486179 0.2286605 0.2414014 0.2538320 0.2293354 0.2351245 
taxon12    0.2732963 0.2664660 0.2527418 0.2814331 0.2666034 0.2863684 0.2751101 0.2669292 0.2802257 0.2606957 0.2774823 0.2671665 0.0000000 0.0289071 0.0536726 0.0585932 0.0637024 0.0687222 0.0387280 0.0387682 
taxon13    0.2600055 0.2532554 0.2525660 0.2614271 0.2664096 0.2728898 0.2616975 0.2667346 0.2668050 0.2605091 0.2715291 0.2539156 0.0289071 0.0000000 0.0536604 0.0585792 0.0636865 0.0583309 0.0387206 0.0387607 
taxon14    0.2353138 0.2219666 0.2085102 0.2483688 0.2475974 0.2534005 0.2422775 0.2352482 0.2481753 0.2422313 0.2461854 0.2486179 0.0536726 0.0536604 0.0000000 0.0240753 0.0191854 0.0339254 0.0143909 0.0240814 
taxon15    0.2411048 0.2292575 0.2156343 0.2436459 0.2415650 0.2487095 0.2618171 0.2410478 0.2417930 0.2361964 0.2401846 0.2286605 0.0585932 0.0585792 0.0240753 0.0000000 0.0239456 0.0486665 0.0192017 0.0289185 
taxon16    0.2420796 0.2286401 0.2150729 0.2552341 0.2544388 0.2602643 0.2491135 0.2420239 0.2550373 0.2490674 0.2529890 0.2414014 0.0637024 0.0636865 0.0191854 0.0239456 0.0000000 0.0537235 0.0240867 0.0338575 
taxon17    0.2545296 0.2668247 0.2526432 0.2945038 0.2540666 0.2681154 0.2693255 0.2612013 0.2744495 0.2474466 0.2519221 0.2538320 0.0687222 0.0583309 0.0339254 0.0486665 0.0537235 0.0000000 0.0289520 0.0387594 
taxon18    0.2288189 0.2287450 0.2151558 0.2553863 0.2410240 0.2475884 0.2364641 0.2287443 0.2415820 0.2230608 0.2396492 0.2293354 0.0387280 0.0387206 0.0143909 0.0192017 0.0240867 0.0289520 0.0000000 0.0095585 
taxon19    0.2345839 0.2345183 0.2089375 0.2488963 0.2346501 0.2411731 0.2300714 0.2224270 0.2351895 0.2288296 0.2454231 0.2351245 0.0387682 0.0387607 0.0240814 0.0289185 0.0338575 0.0387594 0.0095585 0.0000000 
