20
taxon0     0.0000000 0.0245439 0.0196335 0.0556041 0.0504309 0.2175340 0.2174705 0.2067031 0.2248123 0.2176786 0.1919238 0.2069934 0.2098480 0.2194496 0.2130312 0.2192522 0.2136108 0.2080626 0.2108570 0.2203348 
taxon1     0.0245439 0.0000000 0.0245346 0.0449515 0.0450301 0.2145715 0.2024347 0.1986347 0.2157877 0.2026242 0.1841301 0.1989466 0.2018350 0.2263076 0.2047163 0.2091721 0.2036126 0.2129230 0.2156701 0.2095552 
taxon2     0.0196335 0.0245346 0.0000000 0.0553598 0.0501576 0.2234320 0.2109058 0.1936673 0.2249965 0.2181616 0.1919646 0.2070492 0.2099062 0.2195185 0.2066632 0.2177197 0.2121052 0.2065897 0.2024488 0.2204167 
taxon3     0.0556041 0.0449515 0.0553598 0.0000000 0.0292207 0.2115526 0.1937452 0.2107644 0.2248791 0.1939245 0.2050198 0.1902031 0.2018211 0.2209252 0.1959107 0.2003873 0.2006719 0.1952906 0.1981252 0.2007501 
taxon4     0.0504309 0.0450301 0.0501576 0.0292207 0.0000000 0.2117117 0.2005070 0.2106622 0.2244242 0.2006942 0.2034713 0.1887463 0.2003041 0.2066613 0.1958133 0.2018228 0.2021110 0.1966954 0.1995338 0.1891909 
taxon5     0.2175340 0.2145715 0.2234320 0.2115526 0.2117117 0.0000000 0.0291047 0.0338799 0.0290270 0.0291261 0.0346744 0.0291349 0.0444489 0.0444181 0.0342728 0.0392575 0.0293781 0.0348776 0.0390925 0.0394438 
taxon6     0.2174705 0.2024347 0.2109058 0.1937452 0.2005070 0.0291047 0.0000000 0.0191745 0.0387250 0.0095239 0.0296299 0.0193379 0.0390943 0.0543745 0.0192912 0.0239886 0.0240179 0.0339694 0.0289619 0.0240245 
taxon7     0.2067031 0.1986347 0.1936673 0.2107644 0.2106622 0.0338799 0.0191745 0.0000000 0.0342652 0.0288642 0.0243228 0.0292490 0.0443001 0.0599823 0.0289916 0.0385782 0.0338840 0.0390175 0.0339490 0.0390375 
taxon8     0.2248123 0.2157877 0.2249965 0.2248791 0.2244242 0.0290270 0.0387250 0.0342652 0.0000000 0.0289877 0.0347144 0.0390007 0.0496967 0.0441598 0.0339077 0.0487924 0.0389404 0.0448770 0.0489291 0.0386444 
taxon9     0.2176786 0.2026242 0.2181616 0.1939245 0.2006942 0.0291261 0.0095239 0.0288642 0.0289877 0.0000000 0.0296520 0.0193519 0.0343167 0.0544156 0.0193052 0.0240060 0.0240353 0.0339943 0.0387541 0.0240419 
taxon10    0.1919238 0.1841301 0.1919646 0.2050198 0.2034713 0.0346744 0.0296299 0.0243228 0.0347144 0.0296520 0.0000000 0.0097378 0.0240948 0.0397203 0.0247208 0.0296141 0.0246851 0.0298231 0.0349031 0.0295095 
taxon11    0.2069934 0.1989466 0.2070492 0.1902031 0.1887463 0.0291349 0.0193379 0.0292490 0.0390007 0.0193519 0.0097378 0.0000000 0.0192511 0.0340783 0.0145132 0.0193260 0.0193498 0.0243555 0.0293254 0.0192575 
taxon12    0.2098480 0.2018350 0.2099062 0.2018211 0.2003041 0.0444489 0.0390943 0.0443001 0.0496967 0.0343167 0.0240948 0.0192511 0.0000000 0.0395303 0.0342414 0.0390768 0.0344401 0.0396343 0.0447368 0.0389427 
taxon13    0.2194496 0.2263076 0.2195185 0.2209252 0.2066613 0.0444181 0.0543745 0.0599823 0.0441598 0.0544156 0.0397203 0.0340783 0.0395303 0.0000000 0.0392068 0.0543566 0.0443684 0.0391648 0.0442091 0.0438931 
taxon14    0.2130312 0.2047163 0.2066632 0.1959107 0.1958133 0.0342728 0.0192912 0.0289916 0.0339077 0.0193052 0.0247208 0.0145132 0.0342414 0.0392068 0.0000000 0.0192732 0.0192968 0.0292428 0.0340315 0.0096607 
taxon15    0.2192522 0.2091721 0.2177197 0.2003873 0.2018228 0.0392575 0.0239886 0.0385782 0.0487924 0.0240060 0.0296141 0.0193260 0.0390768 0.0543566 0.0192732 0.0000000 0.0192140 0.0291161 0.0338843 0.0241919 
taxon16    0.2136108 0.2036126 0.2121052 0.2006719 0.2021110 0.0293781 0.0240179 0.0338840 0.0389404 0.0240353 0.0246851 0.0193498 0.0344401 0.0443684 0.0192968 0.0192140 0.0000000 0.0193649 0.0144619 0.0242217 
taxon17    0.2080626 0.2129230 0.2065897 0.1952906 0.1966954 0.0348776 0.0339694 0.0390175 0.0448770 0.0339943 0.0298231 0.0243555 0.0396343 0.0391648 0.0292428 0.0291161 0.0193649 0.0000000 0.0193110 0.0342595 
taxon18    0.2108570 0.2156701 0.2024488 0.1981252 0.1995338 0.0390925 0.0289619 0.0339490 0.0489291 0.0387541 0.0349031 0.0293254 0.0447368 0.0442091 0.0340315 0.0338843 0.0144619 0.0193110 0.0000000 0.0390550 
taxon19    0.2203348 0.2095552 0.2204167 0.2007501 0.1891909 0.0394438 0.0240245 0.0390375 0.0386444 0.0240419 0.0295095 0.0192575 0.0389427 0.0438931 0.0096607 0.0241919 0.0242217 0.0342595 0.0390550 0.0000000 
