20
taxon0     0.0000000 0.0633321 0.1238892 0.1182990 0.1282537 0.1893028 0.2274247 0.2269569 0.2338330 0.2434040 0.3079938 0.2819672 0.3003154 0.3157489 0.3658060 0.3229983 0.3341013 0.3334950 0.3010120 0.3374907 
taxon1     0.0633321 0.0000000 0.1034052 0.0874599 0.1127448 0.1651284 0.2099520 0.2185151 0.2114614 0.2141997 0.3241559 0.3023371 0.3141840 0.3280041 0.3699450 0.3197505 0.3171147 0.3300819 0.2977171 0.3366992 
taxon2     0.1238892 0.1034052 0.0000000 0.0344066 0.1003905 0.1358176 0.1925397 0.2124264 0.2185764 0.2057617 0.3366744 0.3002362 0.3409608 0.3469449 0.3920597 0.3447210 0.3223495 0.3345772 0.3091002 0.3917245 
taxon3     0.1182990 0.0874599 0.0344066 0.0000000 0.0835751 0.1304318 0.1669182 0.1929651 0.1929913 0.1940615 0.3116520 0.2849160 0.3171008 0.3230052 0.3669976 0.3214396 0.3216313 0.3279395 0.3024439 0.3840434 
taxon4     0.1282537 0.1127448 0.1003905 0.0835751 0.0000000 0.0840447 0.1366917 0.1362415 0.1551149 0.1562701 0.3635554 0.3471910 0.3683203 0.3823969 0.4214079 0.3518138 0.3587833 0.3795144 0.3364089 0.3891344 
taxon5     0.1893028 0.1651284 0.1358176 0.1304318 0.0840447 0.0000000 0.1115491 0.1292704 0.1237620 0.1146241 0.4299929 0.3993197 0.4282191 0.4344082 0.4669929 0.4125752 0.4135364 0.4287789 0.3900767 0.4646973 
taxon6     0.2274247 0.2099520 0.1925397 0.1669182 0.1366917 0.1115491 0.0000000 0.1344525 0.1289363 0.1411669 0.4220899 0.4054749 0.4255608 0.4390135 0.4729497 0.4622874 0.4561164 0.4695626 0.4285969 0.4933473 
taxon7     0.2269569 0.2185151 0.2124264 0.1929651 0.1362415 0.1292704 0.1344525 0.0000000 0.0892744 0.0844606 0.4010453 0.4161975 0.4312610 0.4439026 0.4883606 0.4121297 0.4203120 0.4636162 0.4133303 0.4924061 
taxon8     0.2338330 0.2114614 0.2185764 0.1929913 0.1551149 0.1237620 0.1289363 0.0892744 0.0000000 0.0609771 0.4192640 0.4111377 0.4135704 0.4162253 0.4516672 0.4118046 0.4126668 0.4450916 0.3956336 0.4630980 
taxon9     0.2434040 0.2141997 0.2057617 0.1940615 0.1562701 0.1146241 0.1411669 0.0844606 0.0609771 0.0000000 0.4406410 0.4328870 0.4379681 0.4506440 0.4952728 0.4122344 0.4212623 0.4374195 0.4013491 0.4992886 
taxon10    0.3079938 0.3241559 0.3366744 0.3116520 0.3635554 0.4299929 0.4220899 0.4010453 0.4192640 0.4406410 0.0000000 0.0548697 0.0932378 0.1156061 0.1700170 0.2383237 0.2406807 0.2790677 0.2465590 0.2940708 
taxon11    0.2819672 0.3023371 0.3002362 0.2849160 0.3471910 0.3993197 0.4054749 0.4161975 0.4111377 0.4328870 0.0548697 0.0000000 0.0667892 0.0829262 0.1464439 0.1898528 0.1887902 0.2214236 0.2105486 0.2617495 
taxon12    0.3003154 0.3141840 0.3409608 0.3171008 0.3683203 0.4282191 0.4255608 0.4312610 0.4135704 0.4379681 0.0932378 0.0667892 0.0000000 0.0958652 0.1300719 0.2270290 0.2257157 0.2548078 0.2332864 0.2654399 
taxon13    0.3157489 0.3280041 0.3469449 0.3230052 0.3823969 0.4344082 0.4390135 0.4439026 0.4162253 0.4506440 0.1156061 0.0829262 0.0958652 0.0000000 0.0716777 0.2255725 0.2242821 0.2584418 0.2265359 0.2653736 
taxon14    0.3658060 0.3699450 0.3920597 0.3669976 0.4214079 0.4669929 0.4729497 0.4883606 0.4516672 0.4952728 0.1700170 0.1464439 0.1300719 0.0716777 0.0000000 0.2775423 0.2759080 0.3056850 0.2787374 0.2969468 
taxon15    0.3229983 0.3197505 0.3447210 0.3214396 0.3518138 0.4125752 0.4622874 0.4121297 0.4118046 0.4122344 0.2383237 0.1898528 0.2270290 0.2255725 0.2775423 0.0000000 0.0398557 0.0717957 0.0669664 0.1487333 
taxon16    0.3341013 0.3171147 0.3223495 0.3216313 0.3587833 0.4135364 0.4561164 0.4203120 0.4126668 0.4212623 0.2406807 0.1887902 0.2257157 0.2242821 0.2759080 0.0398557 0.0000000 0.0715010 0.0884044 0.1537796 
taxon17    0.3334950 0.3300819 0.3345772 0.3279395 0.3795144 0.4287789 0.4695626 0.4636162 0.4450916 0.4374195 0.2790677 0.2214236 0.2548078 0.2584418 0.3056850 0.0717957 0.0715010 0.0000000 0.1110554 0.1847011 
taxon18    0.3010120 0.2977171 0.3091002 0.3024439 0.3364089 0.3900767 0.4285969 0.4133303 0.3956336 0.4013491 0.2465590 0.2105486 0.2332864 0.2265359 0.2787374 0.0669664 0.0884044 0.1110554 0.0000000 0.1169656 
taxon19    0.3374907 0.3366992 0.3917245 0.3840434 0.3891344 0.4646973 0.4933473 0.4924061 0.4630980 0.4992886 0.2940708 0.2617495 0.2654399 0.2653736 0.2969468 0.1487333 0.1537796 0.1847011 0.1169656 0.0000000 
