20
taxon0     0.0000000 0.1599168 0.3676481 0.4473594 0.4164787 0.5346648 0.5225623 0.6148008 0.6258848 0.7076269 0.6932749 0.6842045 0.6717361 0.7648887 0.7383970 0.6822637 0.7185712 0.6853742 0.8286177 0.7236948 
taxon1     0.1599168 0.0000000 0.3038836 0.3681946 0.3208170 0.5259474 0.5151551 0.5576028 0.5110743 0.6301544 0.6041660 0.6071171 0.6163678 0.7979942 0.7780925 0.7506493 0.7832742 0.7528861 0.8261592 0.7621747 
taxon2     0.3676481 0.3038836 0.0000000 0.2245319 0.1945870 0.4721693 0.4547831 0.5781788 0.5128022 0.5949700 0.5830108 0.5842948 0.5719612 0.8161437 0.7559136 0.7806207 0.7788642 0.8225877 0.8028822 0.8222779 
taxon3     0.4473594 0.3681946 0.2245319 0.0000000 0.0959319 0.5576091 0.5182365 0.5983457 0.5320569 0.6605210 0.6403864 0.6523361 0.5999873 0.8492720 0.8313668 0.8179877 0.8635819 0.8836458 0.8662405 0.8224369 
taxon4     0.4164787 0.3208170 0.1945870 0.0959319 0.0000000 0.5708530 0.5231879 0.5785303 0.5116550 0.6356181 0.5879270 0.5992659 0.6045840 0.8519631 0.8410564 0.8310626 0.8643403 0.8653158 0.8899119 0.8382702 
taxon5     0.5346648 0.5259474 0.4721693 0.5576091 0.5708530 0.0000000 0.1267949 0.3136022 0.3428038 0.3967788 0.4086641 0.3681505 0.3386103 0.6343620 0.6468365 0.6853235 0.7205352 0.7041427 0.7446940 0.7626590 
taxon6     0.5225623 0.5151551 0.4547831 0.5182365 0.5231879 0.1267949 0.0000000 0.3120092 0.2870199 0.4070642 0.4318307 0.3721911 0.3658241 0.6712844 0.6911134 0.6899274 0.7194061 0.7114395 0.7463275 0.7712388 
taxon7     0.6148008 0.5576028 0.5781788 0.5983457 0.5785303 0.3136022 0.3120092 0.0000000 0.1163333 0.3013425 0.3532555 0.3004150 0.2348898 0.7065258 0.7186932 0.7146038 0.7750906 0.7390788 0.7676667 0.7777735 
taxon8     0.6258848 0.5110743 0.5128022 0.5320569 0.5116550 0.3428038 0.2870199 0.1163333 0.0000000 0.2944244 0.3271864 0.2822915 0.2456938 0.7409812 0.7836996 0.7345578 0.7493860 0.7703829 0.7874329 0.8088282 
taxon9     0.7076269 0.6301544 0.5949700 0.6605210 0.6356181 0.3967788 0.4070642 0.3013425 0.2944244 0.0000000 0.1723827 0.1044980 0.2281517 0.7709077 0.7789888 0.7552978 0.7966843 0.7758265 0.8555543 0.8646857 
taxon10    0.6932749 0.6041660 0.5830108 0.6403864 0.5879270 0.4086641 0.4318307 0.3532555 0.3271864 0.1723827 0.0000000 0.1057059 0.2826478 0.8310965 0.8704184 0.8802694 0.8658888 0.8330545 0.9502444 0.9614702 
taxon11    0.6842045 0.6071171 0.5842948 0.6523361 0.5992659 0.3681505 0.3721911 0.3004150 0.2822915 0.1044980 0.1057059 0.0000000 0.2344395 0.7957832 0.8381404 0.8174694 0.8252663 0.7945429 0.8394012 0.8830206 
taxon12    0.6717361 0.6163678 0.5719612 0.5999873 0.6045840 0.3386103 0.3658241 0.2348898 0.2456938 0.2281517 0.2826478 0.2344395 0.0000000 0.7162638 0.7208830 0.7123483 0.7373511 0.7067241 0.7587983 0.7578849 
taxon13    0.7648887 0.7979942 0.8161437 0.8492720 0.8519631 0.6343620 0.6712844 0.7065258 0.7409812 0.7709077 0.8310965 0.7957832 0.7162638 0.0000000 0.1522700 0.3437723 0.3770572 0.4084065 0.4782623 0.4595517 
taxon14    0.7383970 0.7780925 0.7559136 0.8313668 0.8410564 0.6468365 0.6911134 0.7186932 0.7836996 0.7789888 0.8704184 0.8381404 0.7208830 0.1522700 0.0000000 0.3003181 0.3480145 0.3348134 0.4663790 0.3983520 
taxon15    0.6822637 0.7506493 0.7806207 0.8179877 0.8310626 0.6853235 0.6899274 0.7146038 0.7345578 0.7552978 0.8802694 0.8174694 0.7123483 0.3437723 0.3003181 0.0000000 0.0865764 0.2021900 0.3122296 0.2936562 
taxon16    0.7185712 0.7832742 0.7788642 0.8635819 0.8643403 0.7205352 0.7194061 0.7750906 0.7493860 0.7966843 0.8658888 0.8252663 0.7373511 0.3770572 0.3480145 0.0865764 0.0000000 0.2277094 0.3692073 0.3320684 
taxon17    0.6853742 0.7528861 0.8225877 0.8836458 0.8653158 0.7041427 0.7114395 0.7390788 0.7703829 0.7758265 0.8330545 0.7945429 0.7067241 0.4084065 0.3348134 0.2021900 0.2277094 0.0000000 0.2494336 0.2217814 
taxon18    0.8286177 0.8261592 0.8028822 0.8662405 0.8899119 0.7446940 0.7463275 0.7676667 0.7874329 0.8555543 0.9502444 0.8394012 0.7587983 0.4782623 0.4663790 0.3122296 0.3692073 0.2494336 0.0000000 0.1389090 
taxon19    0.7236948 0.7621747 0.8222779 0.8224369 0.8382702 0.7626590 0.7712388 0.7777735 0.8088282 0.8646857 0.9614702 0.8830206 0.7578849 0.4595517 0.3983520 0.2936562 0.3320684 0.2217814 0.1389090 0.0000000 
