20
taxon0     0.0000000 0.0647478 0.0651117 0.2633411 0.2633411 0.2534475 0.2527166 0.2673174 0.2666898 0.2702141 0.2768496 0.3001514 0.2702141 0.2839952 0.2776049 0.2776049 0.2862102 0.2830379 0.2675666 0.2821701 
taxon1     0.0647478 0.0000000 0.0193341 0.2712669 0.2712669 0.2758443 0.2750404 0.2613812 0.2480412 0.2642503 0.2708715 0.2809395 0.2642503 0.2779952 0.2716131 0.2716131 0.2764078 0.2770546 0.2705862 0.2762046 
taxon2     0.0651117 0.0193341 0.0000000 0.2649490 0.2649490 0.2695146 0.2687288 0.2551410 0.2545401 0.2579735 0.2645665 0.2876615 0.2579735 0.2716528 0.2652921 0.2652921 0.2830468 0.2707321 0.2642886 0.2699024 
taxon3     0.2633411 0.2712669 0.2649490 0.0000000 0.0000010 0.0193365 0.0246137 0.0192925 0.0245705 0.0144317 0.0192855 0.0344795 0.0144317 0.0242032 0.0193353 0.0193353 0.0390201 0.0241264 0.0243125 0.0240639 
taxon4     0.2633411 0.2712669 0.2649490 0.0000010 0.0000000 0.0193365 0.0246137 0.0192925 0.0245705 0.0144317 0.0192855 0.0344795 0.0144317 0.0242032 0.0193353 0.0193353 0.0390201 0.0241264 0.0243125 0.0240639 
taxon5     0.2534475 0.2758443 0.2695146 0.0193365 0.0193365 0.0000000 0.0096045 0.0096404 0.0193530 0.0145009 0.0193781 0.0346472 0.0145009 0.0243195 0.0194283 0.0194283 0.0392078 0.0242420 0.0244299 0.0241790 
taxon6     0.2527166 0.2750404 0.2687288 0.0246137 0.0246137 0.0096045 0.0000000 0.0193427 0.0193032 0.0196958 0.0246676 0.0402906 0.0196958 0.0297114 0.0247324 0.0247324 0.0347211 0.0196444 0.0197997 0.0195927 
taxon7     0.2673174 0.2613812 0.2551410 0.0192925 0.0192925 0.0096404 0.0193427 0.0000000 0.0095970 0.0047940 0.0096094 0.0245488 0.0047940 0.0144715 0.0096342 0.0096342 0.0291651 0.0144255 0.0145385 0.0143882 
taxon8     0.2666898 0.2480412 0.2545401 0.0245705 0.0245705 0.0193530 0.0193032 0.0095970 0.0000000 0.0097781 0.0146950 0.0199556 0.0097781 0.0196656 0.0147336 0.0147336 0.0246814 0.0196022 0.0197569 0.0195507 
taxon9     0.2702141 0.2642503 0.2579735 0.0144317 0.0144317 0.0145009 0.0196958 0.0047940 0.0097781 0.0000000 0.0047923 0.0195907 0.0000010 0.0096227 0.0048047 0.0048047 0.0242424 0.0095921 0.0096678 0.0095673 
taxon10    0.2768496 0.2708715 0.2645665 0.0192855 0.0192855 0.0193781 0.0246676 0.0096094 0.0146950 0.0047923 0.0000000 0.0146188 0.0047923 0.0144662 0.0096307 0.0096307 0.0192947 0.0144202 0.0145332 0.0143830 
taxon11    0.3001514 0.2809395 0.2876615 0.0344795 0.0344795 0.0346472 0.0402906 0.0245488 0.0199556 0.0195907 0.0146188 0.0000000 0.0195907 0.0295616 0.0246040 0.0246040 0.0245608 0.0294665 0.0296952 0.0293891 
taxon12    0.2702141 0.2642503 0.2579735 0.0144317 0.0144317 0.0145009 0.0196958 0.0047940 0.0097781 0.0000010 0.0047923 0.0195907 0.0000000 0.0096227 0.0048047 0.0048047 0.0242424 0.0095921 0.0096678 0.0095673 
taxon13    0.2839952 0.2779952 0.2716528 0.0242032 0.0242032 0.0243195 0.0297114 0.0144715 0.0196656 0.0096227 0.0144662 0.0295616 0.0096227 0.0000000 0.0047821 0.0047821 0.0341473 0.0193035 0.0194539 0.0192535 
taxon14    0.2776049 0.2716131 0.2652921 0.0193353 0.0193353 0.0194283 0.0247324 0.0096342 0.0147336 0.0048047 0.0096307 0.0246040 0.0048047 0.0047821 0.0000000 0.0000010 0.0292299 0.0144575 0.0145710 0.0144200 
taxon15    0.2776049 0.2716131 0.2652921 0.0193353 0.0193353 0.0194283 0.0247324 0.0096342 0.0147336 0.0048047 0.0096307 0.0246040 0.0048047 0.0047821 0.0000010 0.0000000 0.0292299 0.0144575 0.0145710 0.0144200 
taxon16    0.2862102 0.2764078 0.2830468 0.0390201 0.0390201 0.0392078 0.0347211 0.0291651 0.0246814 0.0242424 0.0192947 0.0245608 0.0242424 0.0341473 0.0292299 0.0292299 0.0000000 0.0241799 0.0143072 0.0144324 
taxon17    0.2830379 0.2770546 0.2707321 0.0241264 0.0241264 0.0242420 0.0196444 0.0144255 0.0196022 0.0095921 0.0144202 0.0294665 0.0095921 0.0193035 0.0144575 0.0144575 0.0241799 0.0000000 0.0096431 0.0095431 
taxon18    0.2675666 0.2705862 0.2642886 0.0243125 0.0243125 0.0244299 0.0197997 0.0145385 0.0197569 0.0096678 0.0145332 0.0296952 0.0096678 0.0194539 0.0145710 0.0145710 0.0143072 0.0096431 0.0000000 0.0096181 
taxon19    0.2821701 0.2762046 0.2699024 0.0240639 0.0240639 0.0241790 0.0195927 0.0143882 0.0195507 0.0095673 0.0143830 0.0293891 0.0095673 0.0192535 0.0144200 0.0144200 0.0144324 0.0095431 0.0096181 0.0000000 
