20
taxon0     0.0000000 0.2942301 0.4194413 0.5599829 0.5812738 0.6274252 0.7064874 0.9853905 1.0978573 1.0487262 0.8937624 0.8156594 0.8862370 1.1680995 0.9916675 1.2053676 1.1441485 0.6877715 1.0691843 0.9128130 
taxon1     0.2942301 0.0000000 0.2783892 0.3894702 0.4741591 0.4865120 0.6796481 0.9519425 1.0112984 1.0247682 0.8098951 0.7377142 0.8792936 0.9908614 0.9609628 1.0707223 1.0311506 0.6918180 1.0055494 0.9185578 
taxon2     0.4194413 0.2783892 0.0000000 0.2636902 0.2634334 0.3040359 0.7108523 0.8827573 1.0772656 1.0981266 0.9929738 0.9137018 0.9095811 1.0950287 1.0446100 1.1325729 1.0984884 0.8461539 1.2281510 1.1092009 
taxon3     0.5599829 0.3894702 0.2636902 0.0000000 0.1391638 0.1626697 0.8972553 1.1498158 1.2168333 1.3020545 1.1206876 0.9934029 1.0618964 1.3101816 1.2138976 1.2924148 1.2545223 0.9275708 1.2918197 1.1536825 
taxon4     0.5812738 0.4741591 0.2634334 0.1391638 0.0000000 0.1471837 0.9502167 1.1729122 1.2426062 1.2941999 1.1792138 1.0528163 1.1089174 1.3617998 1.2031953 1.3011134 1.2075555 1.0276265 1.4198866 1.2714113 
taxon5     0.6274252 0.4865120 0.3040359 0.1626697 0.1471837 0.0000000 0.9333676 1.1813408 1.2835998 1.2806381 1.2053209 1.0952212 1.1322028 1.3570065 1.2260197 1.3285370 1.2569441 1.0399342 1.3725164 1.1557721 
taxon6     0.7064874 0.6796481 0.7108523 0.8972553 0.9502167 0.9333676 0.0000000 0.3180757 0.4259523 0.4263997 0.6568969 0.5626159 0.6771315 0.8297085 0.8252905 0.8437934 0.8238255 0.9739166 1.2507429 1.2319049 
taxon7     0.9853905 0.9519425 0.8827573 1.1498158 1.1729122 1.1813408 0.3180757 0.0000000 0.3278417 0.3492940 0.8361783 0.8020235 0.9584230 1.0447054 1.1077909 1.1203555 1.0922273 1.1977377 1.3711177 1.1965831 
taxon8     1.0978573 1.0112984 1.0772656 1.2168333 1.2426062 1.2835998 0.4259523 0.3278417 0.0000000 0.2271066 0.8125513 0.7994885 0.8588664 1.0268782 0.9780304 1.0646086 1.0397660 1.3089960 1.4701228 1.4071120 
taxon9     1.0487262 1.0247682 1.0981266 1.3020545 1.2941999 1.2806381 0.4263997 0.3492940 0.2271066 0.0000000 0.7996095 0.7919903 0.8842184 1.0514138 1.1226576 1.1934926 1.1700539 1.2139564 1.3395672 1.3122241 
taxon10    0.8937624 0.8098951 0.9929738 1.1206876 1.1792138 1.2053209 0.6568969 0.8361783 0.8125513 0.7996095 0.0000000 0.2557199 0.3815126 0.5913220 0.5850848 0.7146265 0.6391542 1.1563923 1.5891839 1.4023003 
taxon11    0.8156594 0.7377142 0.9137018 0.9934029 1.0528163 1.0952212 0.5626159 0.8020235 0.7994885 0.7919903 0.2557199 0.0000000 0.2603103 0.4566870 0.5223795 0.6061247 0.5266861 1.0614534 1.4383906 1.2806720 
taxon12    0.8862370 0.8792936 0.9095811 1.0618964 1.1089174 1.1322028 0.6771315 0.9584230 0.8588664 0.8842184 0.3815126 0.2603103 0.0000000 0.2745427 0.3576619 0.4182283 0.3418400 1.2450612 1.4471243 1.3808442 
taxon13    1.1680995 0.9908614 1.0950287 1.3101816 1.3617998 1.3570065 0.8297085 1.0447054 1.0268782 1.0514138 0.5913220 0.4566870 0.2745427 0.0000000 0.3301847 0.3765426 0.3321529 1.5255806 1.6408452 1.6561582 
taxon14    0.9916675 0.9609628 1.0446100 1.2138976 1.2031953 1.2260197 0.8252905 1.1077909 0.9780304 1.1226576 0.5850848 0.5223795 0.3576619 0.3301847 0.0000000 0.2833175 0.2342466 1.5857244 1.7548843 1.7039574 
taxon15    1.2053676 1.0707223 1.1325729 1.2924148 1.3011134 1.3285370 0.8437934 1.1203555 1.0646086 1.1934926 0.7146265 0.6061247 0.4182283 0.3765426 0.2833175 0.0000000 0.1100508 1.7036613 1.8594368 1.7706676 
taxon16    1.1441485 1.0311506 1.0984884 1.2545223 1.2075555 1.2569441 0.8238255 1.0922273 1.0397660 1.1700539 0.6391542 0.5266861 0.3418400 0.3321529 0.2342466 0.1100508 0.0000000 1.6284471 1.8145019 1.8129245 
taxon17    0.6877715 0.6918180 0.8461539 0.9275708 1.0276265 1.0399342 0.9739166 1.1977377 1.3089960 1.2139564 1.1563923 1.0614534 1.2450612 1.5255806 1.5857244 1.7036613 1.6284471 0.0000000 0.5271717 0.3551391 
taxon18    1.0691843 1.0055494 1.2281510 1.2918197 1.4198866 1.3725164 1.2507429 1.3711177 1.4701228 1.3395672 1.5891839 1.4383906 1.4471243 1.6408452 1.7548843 1.8594368 1.8145019 0.5271717 0.0000000 0.3192227 
taxon19    0.9128130 0.9185578 1.1092009 1.1536825 1.2714113 1.1557721 1.2319049 1.1965831 1.4071120 1.3122241 1.4023003 1.2806720 1.3808442 1.6561582 1.7039574 1.7706676 1.8129245 0.3551391 0.3192227 0.0000000 
