20
taxon0     0.0000000 0.0096505 0.0655995 0.0597978 0.0911571 0.1069657 0.1028942 0.0963405 0.0914974 0.1022613 0.0906756 0.1013585 0.1286011 0.0849982 0.3199339 0.3199339 0.3253572 0.3267108 0.2915469 0.3200646 
taxon1     0.0096505 0.0000000 0.0553860 0.0497100 0.0808271 0.0965342 0.0923751 0.0913295 0.0811290 0.0918075 0.0803948 0.0909889 0.1180022 0.0748094 0.3140847 0.3140847 0.3122378 0.3135618 0.2786931 0.3069543 
taxon2     0.0655995 0.0553860 0.0000000 0.0347436 0.1097237 0.1146744 0.1049090 0.0926095 0.1039530 0.1135149 0.1085170 0.1195524 0.1476903 0.1025718 0.3171023 0.3171023 0.3306312 0.3293501 0.3081535 0.3276085 
taxon3     0.0597978 0.0497100 0.0347436 0.0000000 0.1032687 0.1194570 0.0981618 0.0970474 0.0972756 0.1140412 0.1021377 0.1130350 0.1349473 0.0962962 0.2939321 0.2939321 0.3072377 0.2989280 0.2853123 0.2900954 
taxon4     0.0911571 0.0808271 0.1097237 0.1032687 0.0000000 0.0246463 0.0760157 0.0599297 0.0600725 0.0346937 0.0502127 0.0657387 0.0817437 0.0449166 0.2648744 0.2648744 0.2574808 0.2754250 0.2617177 0.2630799 
taxon5     0.1069657 0.0965342 0.1146744 0.1194570 0.0246463 0.0000000 0.0810444 0.0647834 0.0755198 0.0602339 0.0656455 0.0813701 0.0976341 0.0602235 0.2848140 0.2848140 0.2772503 0.2953085 0.2813695 0.2828546 
taxon6     0.1028942 0.0923751 0.1049090 0.0981618 0.0760157 0.0810444 0.0000000 0.0653369 0.0654927 0.0918906 0.0870486 0.1086429 0.1192632 0.0813121 0.3137313 0.3137313 0.3345986 0.3146922 0.2925421 0.3135725 
taxon7     0.0963405 0.0913295 0.0926095 0.0970474 0.0599297 0.0647834 0.0653369 0.0000000 0.0195401 0.0754645 0.0706451 0.0812195 0.1081773 0.0651124 0.2630060 0.2630060 0.3109094 0.2952448 0.2738192 0.2885613 
taxon8     0.0914974 0.0811290 0.1039530 0.0972756 0.0600725 0.0755198 0.0654927 0.0195401 0.0000000 0.0756429 0.0708133 0.0703580 0.0968851 0.0652671 0.2609150 0.2609150 0.2953304 0.2800132 0.2590004 0.2734347 
taxon9     0.1022613 0.0918075 0.1135149 0.1140412 0.0346937 0.0602339 0.0918906 0.0754645 0.0756429 0.0000000 0.0296916 0.0448439 0.0603901 0.0245965 0.2850568 0.2850568 0.2781857 0.3026456 0.2886128 0.2901448 
taxon10    0.0906756 0.0803948 0.1085170 0.1021377 0.0502127 0.0656455 0.0870486 0.0706451 0.0708133 0.0296916 0.0000000 0.0194484 0.0343713 0.0242947 0.2670604 0.2670604 0.2864492 0.2955380 0.2770328 0.2784910 
taxon11    0.1013585 0.0909889 0.1195524 0.1130350 0.0657387 0.0813701 0.1086429 0.0812195 0.0703580 0.0448439 0.0194484 0.0000000 0.0340454 0.0391418 0.2784292 0.2784292 0.2907220 0.2922974 0.2882790 0.2897993 
taxon12    0.1286011 0.1180022 0.1476903 0.1349473 0.0817437 0.0976341 0.1192632 0.1081773 0.0968851 0.0603901 0.0343713 0.0340454 0.0000000 0.0543582 0.2781249 0.2781249 0.2904045 0.2919810 0.3021292 0.3037412 
taxon13    0.0849982 0.0748094 0.1025718 0.0962962 0.0449166 0.0602235 0.0813121 0.0651124 0.0652671 0.0245965 0.0242947 0.0391418 0.0543582 0.0000000 0.2848287 0.2848287 0.2848788 0.3023954 0.2751166 0.2899111 
taxon14    0.3199339 0.3140847 0.3171023 0.2939321 0.2648744 0.2848140 0.3137313 0.2630060 0.2609150 0.2850568 0.2670604 0.2784292 0.2781249 0.2848287 0.0000000 0.0000010 0.0715848 0.0929937 0.1109574 0.0995137 
taxon15    0.3199339 0.3140847 0.3171023 0.2939321 0.2648744 0.2848140 0.3137313 0.2630060 0.2609150 0.2850568 0.2670604 0.2784292 0.2781249 0.2848287 0.0000010 0.0000000 0.0715848 0.0929937 0.1109574 0.0995137 
taxon16    0.3253572 0.3122378 0.3306312 0.3072377 0.2574808 0.2772503 0.3345986 0.3109094 0.2953304 0.2781857 0.2864492 0.2907220 0.2904045 0.2848788 0.0715848 0.0715848 0.0000000 0.0870392 0.1047251 0.0934357 
taxon17    0.3267108 0.3135618 0.3293501 0.2989280 0.2754250 0.2953085 0.3146922 0.2952448 0.2800132 0.3026456 0.2955380 0.2922974 0.2919810 0.3023954 0.0929937 0.0929937 0.0870392 0.0000000 0.0612287 0.0504209 
taxon18    0.2915469 0.2786931 0.3081535 0.2853123 0.2617177 0.2813695 0.2925421 0.2738192 0.2590004 0.2886128 0.2770328 0.2882790 0.3021292 0.2751166 0.1109574 0.1109574 0.1047251 0.0612287 0.0000000 0.0250899 
taxon19    0.3200646 0.3069543 0.3276085 0.2900954 0.2630799 0.2828546 0.3135725 0.2885613 0.2734347 0.2901448 0.2784910 0.2897993 0.3037412 0.2899111 0.0995137 0.0995137 0.0934357 0.0504209 0.0250899 0.0000000 
