20
taxon0     0.0000000 0.0387101 0.0392241 0.0664073 0.0748066 0.0857539 0.2630121 0.2504871 0.2561279 0.2210329 0.2201025 0.2837083 0.2955546 0.2460864 0.2526217 0.2526217 0.2714758 0.2589066 0.2406669 0.2393816 
taxon1     0.0387101 0.0000000 0.0288731 0.0759830 0.0637013 0.0743360 0.2592975 0.2469635 0.2525228 0.2179736 0.2180764 0.2810270 0.2927588 0.2565713 0.2502539 0.2502539 0.2819841 0.2694105 0.2511777 0.2371536 
taxon2     0.0392241 0.0288731 0.0000000 0.0664585 0.0593969 0.0700924 0.2435211 0.2443411 0.2432798 0.2084494 0.2341178 0.2785222 0.2903843 0.2408945 0.2474242 0.2474242 0.2662812 0.2537099 0.2354602 0.2341971 
taxon3     0.0664073 0.0759830 0.0664585 0.0000000 0.0825234 0.0938837 0.2571915 0.2446881 0.2503263 0.2600751 0.2735133 0.3483028 0.3608077 0.3079731 0.3150619 0.3150619 0.3352647 0.3217975 0.3023352 0.3006918 
taxon4     0.0748066 0.0637013 0.0593969 0.0825234 0.0000000 0.0294914 0.2308641 0.2316668 0.2370304 0.2213951 0.2278451 0.2714663 0.2832415 0.2469569 0.2406320 0.2406320 0.2723965 0.2598038 0.2415286 0.2275358 
taxon5     0.0857539 0.0743360 0.0700924 0.0938837 0.0294914 0.0000000 0.2208541 0.2216323 0.2269008 0.2053824 0.2116462 0.2607048 0.2722691 0.2383893 0.2304885 0.2304885 0.2615843 0.2492503 0.2313365 0.2176895 
taxon6     0.2630121 0.2592975 0.2435211 0.2571915 0.2308641 0.2208541 0.0000000 0.0293944 0.0194171 0.0554859 0.0606601 0.0917253 0.1019773 0.0871914 0.0868824 0.0868824 0.1027373 0.0921596 0.0765690 0.0761735 
taxon7     0.2504871 0.2469635 0.2443411 0.2446881 0.2316668 0.2216323 0.0293944 0.0000000 0.0450806 0.0508587 0.0604212 0.1247440 0.1352323 0.1089852 0.1085960 0.1085960 0.1247601 0.1139777 0.0981244 0.0976173 
taxon8     0.2561279 0.2525228 0.2432798 0.2503263 0.2370304 0.2269008 0.0194171 0.0450806 0.0000000 0.0498794 0.0601736 0.1016090 0.1118423 0.0971494 0.0968066 0.0968066 0.1126737 0.1020886 0.0865054 0.0860621 
taxon9     0.2210329 0.2179736 0.2084494 0.2600751 0.2213951 0.2053824 0.0554859 0.0508587 0.0498794 0.0000000 0.0194198 0.1061120 0.1163268 0.0857524 0.0904694 0.0904694 0.1061301 0.0956812 0.0802949 0.0798868 
taxon10    0.2201025 0.2180764 0.2341178 0.2735133 0.2278451 0.2116462 0.0606601 0.0604212 0.0601736 0.0194198 0.0000000 0.0898303 0.0999034 0.0801200 0.0744691 0.0744691 0.1003395 0.0899863 0.0747313 0.0641197 
taxon11    0.2837083 0.2810270 0.2785222 0.3483028 0.2714663 0.2607048 0.0917253 0.1247440 0.1016090 0.1061120 0.0898303 0.0000000 0.0095440 0.0341278 0.0241767 0.0241767 0.0291099 0.0291141 0.0490575 0.0339315 
taxon12    0.2955546 0.2927588 0.2903843 0.3608077 0.2832415 0.2722691 0.1019773 0.1352323 0.1118423 0.1163268 0.0999034 0.0095440 0.0000000 0.0439159 0.0338757 0.0338757 0.0290143 0.0388516 0.0589210 0.0436637 
taxon13    0.2460864 0.2565713 0.2408945 0.3079731 0.2469569 0.2383893 0.0871914 0.1089852 0.0971494 0.0857524 0.0801200 0.0341278 0.0439159 0.0000000 0.0096822 0.0096822 0.0243322 0.0145502 0.0244363 0.0194116 
taxon14    0.2526217 0.2502539 0.2474242 0.3150619 0.2406320 0.2304885 0.0868824 0.1085960 0.0968066 0.0904694 0.0744691 0.0241767 0.0338757 0.0096822 0.0000000 0.0000010 0.0242492 0.0145007 0.0243526 0.0096265 
taxon15    0.2526217 0.2502539 0.2474242 0.3150619 0.2406320 0.2304885 0.0868824 0.1085960 0.0968066 0.0904694 0.0744691 0.0241767 0.0338757 0.0096822 0.0000010 0.0000000 0.0242492 0.0145007 0.0243526 0.0096265 
taxon16    0.2714758 0.2819841 0.2662812 0.3352647 0.2723965 0.2615843 0.1027373 0.1247601 0.1126737 0.1061301 0.1003395 0.0291099 0.0290143 0.0243322 0.0242492 0.0242492 0.0000000 0.0193740 0.0391714 0.0340333 
taxon17    0.2589066 0.2694105 0.2537099 0.3217975 0.2598038 0.2492503 0.0921596 0.1139777 0.1020886 0.0956812 0.0899863 0.0291141 0.0388516 0.0145502 0.0145007 0.0145007 0.0193740 0.0000000 0.0292781 0.0242270 
taxon18    0.2406669 0.2511777 0.2354602 0.3023352 0.2415286 0.2313365 0.0765690 0.0981244 0.0865054 0.0802949 0.0747313 0.0490575 0.0589210 0.0244363 0.0243526 0.0243526 0.0391714 0.0292781 0.0000000 0.0145184 
taxon19    0.2393816 0.2371536 0.2341971 0.3006918 0.2275358 0.2176895 0.0761735 0.0976173 0.0860621 0.0798868 0.0641197 0.0339315 0.0436637 0.0194116 0.0096265 0.0096265 0.0340333 0.0242270 0.0145184 0.0000000 
