20
taxon0     0.0000000 0.5584940 0.9531260 1.2742876 1.1866060 1.1952723 1.6634304 1.6815898 1.1598168 1.7851032 1.2183560 1.3172125 1.3770909 1.2420306 1.5672694 1.6027500 1.5143544 1.7532484 1.4969975 1.7919388 
taxon1     0.5584940 0.0000000 0.7035261 1.3997069 1.3915485 1.2086375 1.8750663 1.7463631 1.2513522 1.8709420 1.3663959 1.3987228 1.6873286 1.3880875 1.4468678 1.7293999 1.5662466 1.6758943 1.4722165 1.7153663 
taxon2     0.9531260 0.7035261 0.0000000 1.7209911 1.4767597 1.4675698 1.7801250 1.9945488 1.4196092 2.1611317 1.3944709 1.5651350 1.6293749 1.6961091 1.6815290 1.8158539 1.6673225 1.8298428 1.8037894 1.8328076 
taxon3     1.2742876 1.3997069 1.7209911 0.0000000 0.7839856 1.3034912 1.9013658 1.9203425 1.3485009 1.9139023 1.3756682 1.5716762 1.5872603 1.2628397 1.3669049 1.6895320 1.5453933 1.5629223 1.5396070 1.9006609 
taxon4     1.1866060 1.3915485 1.4767597 0.7839856 0.0000000 1.4332223 1.7505541 1.8358573 1.2399952 1.9092053 1.1944411 1.5178067 1.4417544 1.2665019 1.4851923 1.6973440 1.5090100 1.5250583 1.4822156 1.6413085 
taxon5     1.1952723 1.2086375 1.4675698 1.3034912 1.4332223 0.0000000 1.0853148 1.0896991 0.9057965 1.4774444 1.0897829 0.9361070 1.1078225 0.9541866 0.8882188 1.1401624 0.9849571 1.1850668 0.9921484 1.2518681 
taxon6     1.6634304 1.8750663 1.7801250 1.9013658 1.7505541 1.0853148 0.0000000 0.8365232 1.2138672 1.9243547 1.4039053 1.5002507 1.5588155 1.1754304 1.2702530 1.3997249 1.3878056 1.5157446 1.3463696 1.6356894 
taxon7     1.6815898 1.7463631 1.9945488 1.9203425 1.8358573 1.0896991 0.8365232 0.0000000 1.2555299 1.7721350 1.5436503 1.3797596 1.3643338 1.1482529 1.3218454 1.4443014 1.4187961 1.5397987 1.4092629 1.5958587 
taxon8     1.1598168 1.2513522 1.4196092 1.3485009 1.2399952 0.9057965 1.2138672 1.2555299 0.0000000 1.0191170 0.5324947 0.6255282 0.7810545 0.7178048 0.5229884 0.6510694 0.6602968 0.8635803 0.6924691 0.8301153 
taxon9     1.7851032 1.8709420 2.1611317 1.9139023 1.9092053 1.4774444 1.9243547 1.7721350 1.0191170 0.0000000 0.8583401 1.2964274 1.3569291 1.3091124 1.4179414 1.5025227 1.3917528 1.4005946 1.3531617 1.4694248 
taxon10    1.2183560 1.3663959 1.3944709 1.3756682 1.1944411 1.0897829 1.4039053 1.5436503 0.5324947 0.8583401 0.0000000 0.8373999 0.8193829 0.8925402 0.8237119 1.0505663 0.9657564 1.0965217 0.9942951 1.1101892 
taxon11    1.3172125 1.3987228 1.5651350 1.5716762 1.5178067 0.9361070 1.5002507 1.3797596 0.6255282 1.2964274 0.8373999 0.0000000 0.7697969 0.7758643 0.5246485 0.7106043 0.7437455 0.9483303 0.8558927 0.8893652 
taxon12    1.3770909 1.6873286 1.6293749 1.5872603 1.4417544 1.1078225 1.5588155 1.3643338 0.7810545 1.3569291 0.8193829 0.7697969 0.0000000 0.4496530 0.7921071 1.0308259 0.9296995 1.1998206 0.9976684 1.0593402 
taxon13    1.2420306 1.3880875 1.6961091 1.2628397 1.2665019 0.9541866 1.1754304 1.1482529 0.7178048 1.3091124 0.8925402 0.7758643 0.4496530 0.0000000 0.7714476 0.9498284 0.9140144 1.1161561 0.8637367 1.0583222 
taxon14    1.5672694 1.4468678 1.6815290 1.3669049 1.4851923 0.8882188 1.2702530 1.3218454 0.5229884 1.4179414 0.8237119 0.5246485 0.7921071 0.7714476 0.0000000 0.3667037 0.3462888 0.7272728 0.4611125 0.6669672 
taxon15    1.6027500 1.7293999 1.8158539 1.6895320 1.6973440 1.1401624 1.3997249 1.4443014 0.6510694 1.5025227 1.0505663 0.7106043 1.0308259 0.9498284 0.3667037 0.0000000 0.2722122 0.8405784 0.5563280 0.7778603 
taxon16    1.5143544 1.5662466 1.6673225 1.5453933 1.5090100 0.9849571 1.3878056 1.4187961 0.6602968 1.3917528 0.9657564 0.7437455 0.9296995 0.9140144 0.3462888 0.2722122 0.0000000 0.7831782 0.5516652 0.7229600 
taxon17    1.7532484 1.6758943 1.8298428 1.5629223 1.5250583 1.1850668 1.5157446 1.5397987 0.8635803 1.4005946 1.0965217 0.9483303 1.1998206 1.1161561 0.7272728 0.8405784 0.7831782 0.0000000 0.6221215 0.8053280 
taxon18    1.4969975 1.4722165 1.8037894 1.5396070 1.4822156 0.9921484 1.3463696 1.4092629 0.6924691 1.3531617 0.9942951 0.8558927 0.9976684 0.8637367 0.4611125 0.5563280 0.5516652 0.6221215 0.0000000 0.4835178 
taxon19    1.7919388 1.7153663 1.8328076 1.9006609 1.6413085 1.2518681 1.6356894 1.5958587 0.8301153 1.4694248 1.1101892 0.8893652 1.0593402 1.0583222 0.6669672 0.7778603 0.7229600 0.8053280 0.4835178 0.0000000 
