20
taxon0     0.0000000 0.1450920 0.1899949 0.1593221 0.2969633 0.3321639 0.3077737 0.2931910 0.2978985 0.5611505 0.5314095 0.4665591 0.5021326 0.5514331 0.4611821 0.5093996 0.4867196 0.4877998 0.4834712 0.4652855 
taxon1     0.1450920 0.0000000 0.1061449 0.0735957 0.2755230 0.3002618 0.2607868 0.3204482 0.3146083 0.5644719 0.5298111 0.4779479 0.5326356 0.5705078 0.4818398 0.5535258 0.5210117 0.5178789 0.5112944 0.4914945 
taxon2     0.1899949 0.1061449 0.0000000 0.0725316 0.3237709 0.3485913 0.3237898 0.4024075 0.3686119 0.6089534 0.5683613 0.5142086 0.5584998 0.5986764 0.5085318 0.5918997 0.5645942 0.5618787 0.5636790 0.5354743 
taxon3     0.1593221 0.0735957 0.0725316 0.0000000 0.3066966 0.3251933 0.3045109 0.3318590 0.3150481 0.5827728 0.5538042 0.4933668 0.5487619 0.5884287 0.4981348 0.5720022 0.5387104 0.5341837 0.5259452 0.4990697 
taxon4     0.2969633 0.2755230 0.3237709 0.3066966 0.0000000 0.0457379 0.0791672 0.3838171 0.3614142 0.5307249 0.5086328 0.4317085 0.4778508 0.5125960 0.4572805 0.5091175 0.4859590 0.5041936 0.4577184 0.4568009 
taxon5     0.3321639 0.3002618 0.3485913 0.3251933 0.0457379 0.0000000 0.1009637 0.3981638 0.3664609 0.5263345 0.5037469 0.4526152 0.4730189 0.5073258 0.4530417 0.4973780 0.4657810 0.4835749 0.4764443 0.4588882 
taxon6     0.3077737 0.2607868 0.3237898 0.3045109 0.0791672 0.1009637 0.0000000 0.3623897 0.3140621 0.5133322 0.4809733 0.4028237 0.4519474 0.4888486 0.4157815 0.4642242 0.4525240 0.4699601 0.4301508 0.4232745 
taxon7     0.2931910 0.3204482 0.4024075 0.3318590 0.3838171 0.3981638 0.3623897 0.0000000 0.1057817 0.5847196 0.5571740 0.4825265 0.5081051 0.5608029 0.5041322 0.5542458 0.5439498 0.5448696 0.4994438 0.5064502 
taxon8     0.2978985 0.3146083 0.3686119 0.3150481 0.3614142 0.3664609 0.3140621 0.1057817 0.0000000 0.5367688 0.5171145 0.4572059 0.4583815 0.4998642 0.4761051 0.5059705 0.5033372 0.5017072 0.4380046 0.4361296 
taxon9     0.5611505 0.5644719 0.6089534 0.5827728 0.5307249 0.5263345 0.5133322 0.5847196 0.5367688 0.0000000 0.0708070 0.1444918 0.1485805 0.1839077 0.2399911 0.2852312 0.2801934 0.3185388 0.2442509 0.2612601 
taxon10    0.5314095 0.5298111 0.5683613 0.5538042 0.5086328 0.5037469 0.4809733 0.5571740 0.5171145 0.0708070 0.0000000 0.1381519 0.1510044 0.1712634 0.2147806 0.2478254 0.2503496 0.2850161 0.2358681 0.2526803 
taxon11    0.4665591 0.4779479 0.5142086 0.4933668 0.4317085 0.4526152 0.4028237 0.4825265 0.4572059 0.1444918 0.1381519 0.0000000 0.0878476 0.1056562 0.2004100 0.2311557 0.2253784 0.2597861 0.2296334 0.2306592 
taxon12    0.5021326 0.5326356 0.5584998 0.5487619 0.4778508 0.4730189 0.4519474 0.5081051 0.4583815 0.1485805 0.1510044 0.0878476 0.0000000 0.0424596 0.2031468 0.2368568 0.2429486 0.2785081 0.2306726 0.2269395 
taxon13    0.5514331 0.5705078 0.5986764 0.5884287 0.5125960 0.5073258 0.4888486 0.5608029 0.4998642 0.1839077 0.1712634 0.1056562 0.0424596 0.0000000 0.2325743 0.2402028 0.2736058 0.3106634 0.2532643 0.2489733 
taxon14    0.4611821 0.4818398 0.5085318 0.4981348 0.4572805 0.4530417 0.4157815 0.5041322 0.4761051 0.2399911 0.2147806 0.2004100 0.2031468 0.2325743 0.0000000 0.0727060 0.0979790 0.1183594 0.1299564 0.1311897 
taxon15    0.5093996 0.5535258 0.5918997 0.5720022 0.5091175 0.4973780 0.4642242 0.5542458 0.5059705 0.2852312 0.2478254 0.2311557 0.2368568 0.2402028 0.0727060 0.0000000 0.0906674 0.1104951 0.1803594 0.1816016 
taxon16    0.4867196 0.5210117 0.5645942 0.5387104 0.4859590 0.4657810 0.4525240 0.5439498 0.5033372 0.2801934 0.2503496 0.2253784 0.2429486 0.2736058 0.0979790 0.0906674 0.0000000 0.0418943 0.1997583 0.2037477 
taxon17    0.4877998 0.5178789 0.5618787 0.5341837 0.5041936 0.4835749 0.4699601 0.5448696 0.5017072 0.3185388 0.2850161 0.2597861 0.2785081 0.3106634 0.1183594 0.1104951 0.0418943 0.0000000 0.2103165 0.2206955 
taxon18    0.4834712 0.5112944 0.5636790 0.5259452 0.4577184 0.4764443 0.4301508 0.4994438 0.4380046 0.2442509 0.2358681 0.2296334 0.2306726 0.2532643 0.1299564 0.1803594 0.1997583 0.2103165 0.0000000 0.0627039 
taxon19    0.4652855 0.4914945 0.5354743 0.4990697 0.4568009 0.4588882 0.4232745 0.5064502 0.4361296 0.2612601 0.2526803 0.2306592 0.2269395 0.2489733 0.1311897 0.1816016 0.2037477 0.2206955 0.0627039 0.0000000 
