20
taxon0     0.0000000 0.0251107 0.0353356 0.0250647 0.0303920 0.0252250 0.2967030 0.3022987 0.2953832 0.2865878 0.2995441 0.2976446 0.2949898 0.2942188 0.2997029 0.2892615 0.2950724 0.3020865 0.3132205 0.3293232 
taxon1     0.0251107 0.0000000 0.0196297 0.0097400 0.0347963 0.0398092 0.3144855 0.3200678 0.2983681 0.2895845 0.2892211 0.2873993 0.3126722 0.2984187 0.3038949 0.3069613 0.3127806 0.3198736 0.3025608 0.3476247 
taxon2     0.0353356 0.0196297 0.0000000 0.0097703 0.0553114 0.0500584 0.3000833 0.3130434 0.2995273 0.2907011 0.2824041 0.2884999 0.3116885 0.2974853 0.3029467 0.3059933 0.3117950 0.3188628 0.3016022 0.3630251 
taxon3     0.0250647 0.0097400 0.0097703 0.0000000 0.0449025 0.0397368 0.3003404 0.3059196 0.2844838 0.2758583 0.2755065 0.2737791 0.3119544 0.2977383 0.3032034 0.3062552 0.3120614 0.3191356 0.3018618 0.3468035 
taxon4     0.0303920 0.0347963 0.0553114 0.0449025 0.0000000 0.0246680 0.3238350 0.3155864 0.3223846 0.3132627 0.3127135 0.3107154 0.3219570 0.3211147 0.3266000 0.3026831 0.3085363 0.3156540 0.3270946 0.3434571 
taxon5     0.0252250 0.0398092 0.0500584 0.0397368 0.0246680 0.0000000 0.3157607 0.3213551 0.3143523 0.3053474 0.3184464 0.3164158 0.3139359 0.3131166 0.3185900 0.2947835 0.3006092 0.3076630 0.3189188 0.3351237 
taxon6     0.2967030 0.3144855 0.3000833 0.3003404 0.3238350 0.3157607 0.0000000 0.0199384 0.0199996 0.0251606 0.0405002 0.0455672 0.0301622 0.0300915 0.0403732 0.0250345 0.0402675 0.0454074 0.0510889 0.0734322 
taxon7     0.3022987 0.3200678 0.3130434 0.3059196 0.3155864 0.3213551 0.0199384 0.0000000 0.0249639 0.0301485 0.0300010 0.0403032 0.0403047 0.0402103 0.0451678 0.0402101 0.0555870 0.0607843 0.0721138 0.0895808 
taxon8     0.2953832 0.2983681 0.2995273 0.2844838 0.3223846 0.3143523 0.0199996 0.0249639 0.0000000 0.0049573 0.0250710 0.0249388 0.0508342 0.0507143 0.0557003 0.0455648 0.0506460 0.0612478 0.0616081 0.0841226 
taxon9     0.2865878 0.2895845 0.2907011 0.2758583 0.3132627 0.3053474 0.0251606 0.0301485 0.0049573 0.0000000 0.0198866 0.0197827 0.0562746 0.0561413 0.0611489 0.0509508 0.0560655 0.0667748 0.0671683 0.0899409 
taxon10    0.2995441 0.2892211 0.2824041 0.2755065 0.3127135 0.3184464 0.0405002 0.0300010 0.0250710 0.0198866 0.0000000 0.0098424 0.0720589 0.0614222 0.0664353 0.0666387 0.0717911 0.0826905 0.0725453 0.1123736 
taxon11    0.2976446 0.2873993 0.2884999 0.2737791 0.3107154 0.3164158 0.0455672 0.0403032 0.0249388 0.0197827 0.0098424 0.0000000 0.0772137 0.0665472 0.0715525 0.0717718 0.0769273 0.0878690 0.0777349 0.1117456 
taxon12    0.2949898 0.3126722 0.3116885 0.3119544 0.3219570 0.3139359 0.0301622 0.0403047 0.0508342 0.0562746 0.0720589 0.0772137 0.0000000 0.0098868 0.0198965 0.0299542 0.0349060 0.0399858 0.0725190 0.0893112 
taxon13    0.2942188 0.2984187 0.2974853 0.2977383 0.3211147 0.3131166 0.0300915 0.0402103 0.0507143 0.0561413 0.0614222 0.0665472 0.0098868 0.0000000 0.0098945 0.0298845 0.0348249 0.0398928 0.0618122 0.0890972 
taxon14    0.2997029 0.3038949 0.3029467 0.3032034 0.3266000 0.3185900 0.0403732 0.0451678 0.0557003 0.0611489 0.0664353 0.0715525 0.0198965 0.0098945 0.0000000 0.0400954 0.0450549 0.0501784 0.0725732 0.1002060 
taxon15    0.2892615 0.3069613 0.3059933 0.3062552 0.3026831 0.2947835 0.0250345 0.0402101 0.0455648 0.0509508 0.0666387 0.0717718 0.0299542 0.0298845 0.0400954 0.0000000 0.0148969 0.0199086 0.0462125 0.0625079 
taxon16    0.2950724 0.3127806 0.3117950 0.3120614 0.3085363 0.3006092 0.0402675 0.0555870 0.0506460 0.0560655 0.0717911 0.0769273 0.0349060 0.0348249 0.0450549 0.0148969 0.0000000 0.0098909 0.0513329 0.0785533 
taxon17    0.3020865 0.3198736 0.3188628 0.3191356 0.3156540 0.3076630 0.0454074 0.0607843 0.0612478 0.0667748 0.0826905 0.0878690 0.0399858 0.0398928 0.0501784 0.0199086 0.0098909 0.0000000 0.0566003 0.0839889 
taxon18    0.3132205 0.3025608 0.3016022 0.3018618 0.3270946 0.3189188 0.0510889 0.0721138 0.0616081 0.0671683 0.0725453 0.0777349 0.0725190 0.0618122 0.0725732 0.0462125 0.0513329 0.0566003 0.0000000 0.0627071 
taxon19    0.3293232 0.3476247 0.3630251 0.3468035 0.3434571 0.3351237 0.0734322 0.0895808 0.0841226 0.0899409 0.1123736 0.1117456 0.0893112 0.0890972 0.1002060 0.0625079 0.0785533 0.0839889 0.0627071 0.0000000 
