20
taxon0     0.0000000 0.0294886 0.0498881 0.0556761 0.0611593 0.0549481 0.0449083 0.0608307 0.0822729 0.0876558 0.1155444 0.1090847 0.0939969 0.1150528 0.3216502 0.3522899 0.3223742 0.3291793 0.3055431 0.3029592 
taxon1     0.0294886 0.0000000 0.0396369 0.0452497 0.0506246 0.0446484 0.0346895 0.0503432 0.0767512 0.0820911 0.0828180 0.0820127 0.0724362 0.0824884 0.3122726 0.3425406 0.2991226 0.3095275 0.2928258 0.2973067 
taxon2     0.0498881 0.0396369 0.0000000 0.0148808 0.0402434 0.0345006 0.0246182 0.0449896 0.0660732 0.0713464 0.0772313 0.0712544 0.0617864 0.0824661 0.3109301 0.3328558 0.2990846 0.3094909 0.2862056 0.2960225 
taxon3     0.0556761 0.0452497 0.0148808 0.0000000 0.0346961 0.0400141 0.0299882 0.0507224 0.0721755 0.0775312 0.0835320 0.0774220 0.0678921 0.0781804 0.3205831 0.3427893 0.3086457 0.3192339 0.2956281 0.3056260 
taxon4     0.0611593 0.0506246 0.0402434 0.0346961 0.0000000 0.0149187 0.0250237 0.0510426 0.0564822 0.0617719 0.0894124 0.0884588 0.0728251 0.1053505 0.3148875 0.3287807 0.3155968 0.3262876 0.2897192 0.2857668 
taxon5     0.0549481 0.0446484 0.0345006 0.0400141 0.0149187 0.0000000 0.0196066 0.0450128 0.0503168 0.0554930 0.0825189 0.0816412 0.0774132 0.0981789 0.3033617 0.3331576 0.3040402 0.3144655 0.2785940 0.2622828 
taxon6     0.0449083 0.0346895 0.0246182 0.0299882 0.0250237 0.0196066 0.0000000 0.0249050 0.0403063 0.0454624 0.0881362 0.0715395 0.0565896 0.0772385 0.2910214 0.3205031 0.2788217 0.3019419 0.2661460 0.2760986 
taxon7     0.0608307 0.0503432 0.0449896 0.0507224 0.0510426 0.0450128 0.0249050 0.0000000 0.0348708 0.0399562 0.1051218 0.0880882 0.0839111 0.1050126 0.3102224 0.3257636 0.2978962 0.3214684 0.2850492 0.2953152 
taxon8     0.0822729 0.0767512 0.0660732 0.0721755 0.0564822 0.0503168 0.0403063 0.0348708 0.0000000 0.0048746 0.1223494 0.1049058 0.1007549 0.1221331 0.3267477 0.3575438 0.3142311 0.3383452 0.3011487 0.2834049 
taxon9     0.0876558 0.0820911 0.0713464 0.0775312 0.0617719 0.0554930 0.0454624 0.0399562 0.0048746 0.0000000 0.1280118 0.1104502 0.1063297 0.1277834 0.3339817 0.3580523 0.3213967 0.3457197 0.3082276 0.2903937 
taxon10    0.1155444 0.0828180 0.0772313 0.0835320 0.0894124 0.0825189 0.0881362 0.1051218 0.1223494 0.1280118 0.0000000 0.0244147 0.0553888 0.0550642 0.3112123 0.3267698 0.2952197 0.2958964 0.2732935 0.2952659 
taxon11    0.1090847 0.0820127 0.0712544 0.0774220 0.0884588 0.0816412 0.0715395 0.0880882 0.1049058 0.1104502 0.0244147 0.0000000 0.0348311 0.0396401 0.3044442 0.3198793 0.2801062 0.2936783 0.2513821 0.2864687 
taxon12    0.0939969 0.0724362 0.0617864 0.0678921 0.0728251 0.0774132 0.0565896 0.0839111 0.1007549 0.1063297 0.0553888 0.0348311 0.0000000 0.0295223 0.2896139 0.3030468 0.2724668 0.2933002 0.2578635 0.2800442 
taxon13    0.1150528 0.0824884 0.0824661 0.0781804 0.1053505 0.0981789 0.0772385 0.1050126 0.1221331 0.1277834 0.0550642 0.0396401 0.0295223 0.0000000 0.3013912 0.3309909 0.2707935 0.2914955 0.2626568 0.3048262 
taxon14    0.3216502 0.3122726 0.3109301 0.3205831 0.3148875 0.3033617 0.2910214 0.3102224 0.3267477 0.3339817 0.3112123 0.3044442 0.2896139 0.3013912 0.0000000 0.0195972 0.0546595 0.0813393 0.1013849 0.1017334 
taxon15    0.3522899 0.3425406 0.3328558 0.3427893 0.3287807 0.3331576 0.3205031 0.3257636 0.3575438 0.3580523 0.3267698 0.3198793 0.3030468 0.3309909 0.0195972 0.0000000 0.0652145 0.0923905 0.1236549 0.1129974 
taxon16    0.3223742 0.2991226 0.2990846 0.3086457 0.3155968 0.3040402 0.2788217 0.2978962 0.3142311 0.3213967 0.2952197 0.2801062 0.2724668 0.2707935 0.0546595 0.0652145 0.0000000 0.0447940 0.0652006 0.0806740 
taxon17    0.3291793 0.3095275 0.3094909 0.3192339 0.3262876 0.3144655 0.3019419 0.3214684 0.3383452 0.3457197 0.2958964 0.2936783 0.2933002 0.2914955 0.0813393 0.0923905 0.0447940 0.0000000 0.0443718 0.0494021 
taxon18    0.3055431 0.2928258 0.2862056 0.2956281 0.2897192 0.2785940 0.2661460 0.2850492 0.3011487 0.3082276 0.2732935 0.2513821 0.2578635 0.2626568 0.1013849 0.1236549 0.0652006 0.0443718 0.0000000 0.0493542 
taxon19    0.3029592 0.2973067 0.2960225 0.3056260 0.2857668 0.2622828 0.2760986 0.2953152 0.2834049 0.2903937 0.2952659 0.2864687 0.2800442 0.3048262 0.1017334 0.1129974 0.0806740 0.0494021 0.0493542 0.0000000 
