20
taxon0     0.0000000 0.0345364 0.0498221 0.0492175 0.0977097 0.1038741 0.1097882 0.1152672 0.1198552 0.1098426 0.0991737 0.0940529 0.0981803 0.1043865 0.0922792 0.0878302 0.2919982 0.2914954 0.3225303 0.3120695 
taxon1     0.0345364 0.0000000 0.0552172 0.0545503 0.1040441 0.0989999 0.1163674 0.1219242 0.1265340 0.1164247 0.0942727 0.0891318 0.1041266 0.1104299 0.1202226 0.0936996 0.3006526 0.3001393 0.3327091 0.3220027 
taxon2     0.0498221 0.0552172 0.0000000 0.0145579 0.0862501 0.0922318 0.0980072 0.1034012 0.1079957 0.1086779 0.0836260 0.0891444 0.0820669 0.0880838 0.0873072 0.0717988 0.2709967 0.2705163 0.3048244 0.2947272 
taxon3     0.0492175 0.0545503 0.0145579 0.0000000 0.0916621 0.0977210 0.1035539 0.1089813 0.1135676 0.1142842 0.0943522 0.0892065 0.0767573 0.0827117 0.0924632 0.0665147 0.2574648 0.2569997 0.3055202 0.2953995 
taxon4     0.0977097 0.1040441 0.0862501 0.0916621 0.0000000 0.0335882 0.0386423 0.0435751 0.0481675 0.0484697 0.0699354 0.0649951 0.1492243 0.1560326 0.1363577 0.1330389 0.3570775 0.3565178 0.3645710 0.3385761 
taxon5     0.1038741 0.0989999 0.0922318 0.0977210 0.0335882 0.0000000 0.0190928 0.0239222 0.0238505 0.0287380 0.0703114 0.0653445 0.1447500 0.1630740 0.1367722 0.1397727 0.3591849 0.3586211 0.3813419 0.3547436 
taxon6     0.1097882 0.1163674 0.0980072 0.1035539 0.0386423 0.0190928 0.0000000 0.0239288 0.0335388 0.0287462 0.0866520 0.0816240 0.1511051 0.1696260 0.1429577 0.1461136 0.3682607 0.3676886 0.3906527 0.3636837 
taxon7     0.1152672 0.1219242 0.1034012 0.1089813 0.0435751 0.0239222 0.0239288 0.0000000 0.0094769 0.0047384 0.0814197 0.0763967 0.1453997 0.1523048 0.1485675 0.1518544 0.3755814 0.3750048 0.3980855 0.3709096 
taxon8     0.1198552 0.1265340 0.1079957 0.1135676 0.0481675 0.0238505 0.0335388 0.0094769 0.0000000 0.0142308 0.0860405 0.0810455 0.1499662 0.1568784 0.1530535 0.1564247 0.3800742 0.3794976 0.4025507 0.3753647 
taxon9     0.1098426 0.1164247 0.1086779 0.1142842 0.0484697 0.0287380 0.0287462 0.0047384 0.0142308 0.0000000 0.0865858 0.0815618 0.1509115 0.1578695 0.1540017 0.1574121 0.3824346 0.3818544 0.4050299 0.3776771 
taxon10    0.0991737 0.0942727 0.0836260 0.0943522 0.0699354 0.0703114 0.0866520 0.0814197 0.0860405 0.0865858 0.0000000 0.0143426 0.1594339 0.1548648 0.1405672 0.1485160 0.3557752 0.3552106 0.3777721 0.3511342 
taxon11    0.0940529 0.0891318 0.0891444 0.0892065 0.0649951 0.0653445 0.0816240 0.0763967 0.0810455 0.0815618 0.0143426 0.0000000 0.1541162 0.1428221 0.1464512 0.1431871 0.3496953 0.3491336 0.3716561 0.3451214 
taxon12    0.0981803 0.1041266 0.0820669 0.0767573 0.1492243 0.1447500 0.1511051 0.1453997 0.1499662 0.1509115 0.1594339 0.1541162 0.0000000 0.0145599 0.0758525 0.0292122 0.2379952 0.2375601 0.2846646 0.2913892 
taxon13    0.1043865 0.1104299 0.0880838 0.0827117 0.1560326 0.1630740 0.1696260 0.1523048 0.1568784 0.1578695 0.1548648 0.1428221 0.0145599 0.0000000 0.0817512 0.0344473 0.2463528 0.2459059 0.2934825 0.3002615 
taxon14    0.0922792 0.1202226 0.0873072 0.0924632 0.1363577 0.1367722 0.1429577 0.1485675 0.1530535 0.1540017 0.1405672 0.1464512 0.0758525 0.0817512 0.0000000 0.0551481 0.2821284 0.2816382 0.3163476 0.3060855 
taxon15    0.0878302 0.0936996 0.0717988 0.0665147 0.1330389 0.1397727 0.1461136 0.1518544 0.1564247 0.1574121 0.1485160 0.1431871 0.0292122 0.0344473 0.0551481 0.0000000 0.2260186 0.2255963 0.2725059 0.2792179 
taxon16    0.2919982 0.3006526 0.2709967 0.2574648 0.3570775 0.3591849 0.3682607 0.3755814 0.3800742 0.3824346 0.3557752 0.3496953 0.2379952 0.2463528 0.2821284 0.2260186 0.0000000 0.0048161 0.0498192 0.0601886 
taxon17    0.2914954 0.3001393 0.2705163 0.2569997 0.3565178 0.3586211 0.3676886 0.3750048 0.3794976 0.3818544 0.3552106 0.3491336 0.2375601 0.2459059 0.2816382 0.2255963 0.0048161 0.0000000 0.0446466 0.0600648 
taxon18    0.3225303 0.3327091 0.3048244 0.3055202 0.3645710 0.3813419 0.3906527 0.3980855 0.4025507 0.4050299 0.3777721 0.3716561 0.2846646 0.2934825 0.3163476 0.2725059 0.0498192 0.0446466 0.0000000 0.0244618 
taxon19    0.3120695 0.3220027 0.2947272 0.2953995 0.3385761 0.3547436 0.3636837 0.3709096 0.3753647 0.3776771 0.3511342 0.3451214 0.2913892 0.3002615 0.3060855 0.2792179 0.0601886 0.0600648 0.0244618 0.0000000 
