20
taxon0     0.0000000 0.0418740 0.0369742 0.0364824 0.0682041 0.0748726 0.0631741 0.0961823 0.0803588 0.0804634 0.0979195 0.1157824 0.1392436 0.1239823 0.1371572 0.0850427 0.0739282 0.4386940 0.3865224 0.4465279 
taxon1     0.0418740 0.0000000 0.0205092 0.0254004 0.0574939 0.0747745 0.0631107 0.0782393 0.0688323 0.0689210 0.0860125 0.1035141 0.1265625 0.1174276 0.1239467 0.0789562 0.0679902 0.4749327 0.4137194 0.4645154 
taxon2     0.0369742 0.0205092 0.0000000 0.0204975 0.0808055 0.0878650 0.0756977 0.1021995 0.0872966 0.0874120 0.1052627 0.1235178 0.1474470 0.1386557 0.1454705 0.0920109 0.0806616 0.4609640 0.3960938 0.4728752 
taxon3     0.0364824 0.0254004 0.0204975 0.0000000 0.0853805 0.0924585 0.0803342 0.1065978 0.0918770 0.0919974 0.1097527 0.1279015 0.1516701 0.1430112 0.1497828 0.0965185 0.0852381 0.4729318 0.4119139 0.4740769 
taxon4     0.0682041 0.0574939 0.0808055 0.0853805 0.0000000 0.0304083 0.0250669 0.0353542 0.0304248 0.0304625 0.0463317 0.0626213 0.0843246 0.0803295 0.0810829 0.0352676 0.0250324 0.4111772 0.3907445 0.4301349 
taxon5     0.0748726 0.0747745 0.0878650 0.0924585 0.0304083 0.0000000 0.0356948 0.0672601 0.0516461 0.0517111 0.0681557 0.0850114 0.1073138 0.1037976 0.1047158 0.0566129 0.0460276 0.4226280 0.3918144 0.4313903 
taxon6     0.0631741 0.0631107 0.0756977 0.0803342 0.0250669 0.0356948 0.0000000 0.0301876 0.0305777 0.0306155 0.0465656 0.0629375 0.0847479 0.0809483 0.0817113 0.0303141 0.0200818 0.4066783 0.3762902 0.4236489 
taxon7     0.0961823 0.0782393 0.1021995 0.1065978 0.0353542 0.0672601 0.0301876 0.0000000 0.0406936 0.0407444 0.0514881 0.0678539 0.0896262 0.0856938 0.0864838 0.0454878 0.0351557 0.4375174 0.4232595 0.4593177 
taxon8     0.0803588 0.0688323 0.0872966 0.0918770 0.0304248 0.0516461 0.0305777 0.0406936 0.0000000 0.0099593 0.0252460 0.0409501 0.0620273 0.0635323 0.0641558 0.0305205 0.0202194 0.4325900 0.4114309 0.4615384 
taxon9     0.0804634 0.0689210 0.0874120 0.0919974 0.0304625 0.0517111 0.0306155 0.0407444 0.0099593 0.0000000 0.0252773 0.0410009 0.0621052 0.0636139 0.0642389 0.0305583 0.0202443 0.4332886 0.4120867 0.4623078 
taxon10    0.0979195 0.0860125 0.1052627 0.1097527 0.0463317 0.0681557 0.0465656 0.0514881 0.0252460 0.0252773 0.0000000 0.0252561 0.0459041 0.0470461 0.0475293 0.0464767 0.0359199 0.4373182 0.4159186 0.4536825 
taxon11    0.1157824 0.1035141 0.1235178 0.1279015 0.0626213 0.0850114 0.0629375 0.0678539 0.0409501 0.0410009 0.0252561 0.0000000 0.0199397 0.0204571 0.0206837 0.0628159 0.0520168 0.4489351 0.4272104 0.4740640 
taxon12    0.1392436 0.1265625 0.1474470 0.1516701 0.0843246 0.1073138 0.0847479 0.0896262 0.0620273 0.0621052 0.0459041 0.0199397 0.0000000 0.0412744 0.0417016 0.0788922 0.0735354 0.4659115 0.4408891 0.4885417 
taxon13    0.1239823 0.1174276 0.1386557 0.1430112 0.0803295 0.1037976 0.0809483 0.0856938 0.0635323 0.0636139 0.0470461 0.0204571 0.0412744 0.0000000 0.0100972 0.0807880 0.0695949 0.4686589 0.4476270 0.4964953 
taxon14    0.1371572 0.1239467 0.1454705 0.1497828 0.0810829 0.1047158 0.0817113 0.0864838 0.0641558 0.0642389 0.0475293 0.0206837 0.0417016 0.0100972 0.0000000 0.0815485 0.0702711 0.4752977 0.4541973 0.5032992 
taxon15    0.0850427 0.0789562 0.0920109 0.0965185 0.0352676 0.0566129 0.0303141 0.0454878 0.0305205 0.0305583 0.0464767 0.0628159 0.0788922 0.0807880 0.0815485 0.0000000 0.0200455 0.4023643 0.3867981 0.4350350 
taxon16    0.0739282 0.0679902 0.0806616 0.0852381 0.0250324 0.0460276 0.0200818 0.0351557 0.0202194 0.0202443 0.0359199 0.0520168 0.0735354 0.0695949 0.0702711 0.0200455 0.0000000 0.4116361 0.3911048 0.4394030 
taxon17    0.4386940 0.4749327 0.4609640 0.4729318 0.4111772 0.4226280 0.4066783 0.4375174 0.4325900 0.4332886 0.4373182 0.4489351 0.4659115 0.4686589 0.4752977 0.4023643 0.4116361 0.0000000 0.1661864 0.2318673 
taxon18    0.3865224 0.4137194 0.3960938 0.4119139 0.3907445 0.3918144 0.3762902 0.4232595 0.4114309 0.4120867 0.4159186 0.4272104 0.4408891 0.4476270 0.4541973 0.3867981 0.3911048 0.1661864 0.0000000 0.1321728 
taxon19    0.4465279 0.4645154 0.4728752 0.4740769 0.4301349 0.4313903 0.4236489 0.4593177 0.4615384 0.4623078 0.4536825 0.4740640 0.4885417 0.4964953 0.5032992 0.4350350 0.4394030 0.2318673 0.1321728 0.0000000 
