20
taxon0     0.0000000 0.1849721 0.2417560 0.2977670 0.2470742 0.3034472 0.2687043 0.3197065 0.3230300 0.4085400 0.2880427 0.3358706 0.6218114 0.6694330 0.6417474 0.6164351 0.6508329 0.7786976 0.7219050 0.7231684 
taxon1     0.1849721 0.0000000 0.3227697 0.3582772 0.2876663 0.3219620 0.2947852 0.3388008 0.3358999 0.4161612 0.3314964 0.3675877 0.6355034 0.6493843 0.6385286 0.6203025 0.6349845 0.7772067 0.7280924 0.7222392 
taxon2     0.2417560 0.3227697 0.0000000 0.1330351 0.1776315 0.2049167 0.1886715 0.2754366 0.2583168 0.3246055 0.3697309 0.3958084 0.6952741 0.7463422 0.7219113 0.7054227 0.7256433 0.8031920 0.7708870 0.7646736 
taxon3     0.2977670 0.3582772 0.1330351 0.0000000 0.1737860 0.1793454 0.1900385 0.2744905 0.2554847 0.3130063 0.4036687 0.4016239 0.6488316 0.7357181 0.6884661 0.6820575 0.6392255 0.7467613 0.7229544 0.7122569 
taxon4     0.2470742 0.2876663 0.1776315 0.1737860 0.0000000 0.1016927 0.0836292 0.1589377 0.1388465 0.2071410 0.3155350 0.3531038 0.5668390 0.6233398 0.5817931 0.5829790 0.6028988 0.6716474 0.6547307 0.6637144 
taxon5     0.3034472 0.3219620 0.2049167 0.1793454 0.1016927 0.0000000 0.0743669 0.1569564 0.1418039 0.2263318 0.3454473 0.3850043 0.6157940 0.7146967 0.6670570 0.6566264 0.6624794 0.7422761 0.7318820 0.7332559 
taxon6     0.2687043 0.2947852 0.1886715 0.1900385 0.0836292 0.0743669 0.0000000 0.0925178 0.0810048 0.1564082 0.3103119 0.3950340 0.5927057 0.6657736 0.6461859 0.6231101 0.6547439 0.7274047 0.6929046 0.6886452 
taxon7     0.3197065 0.3388008 0.2754366 0.2744905 0.1589377 0.1569564 0.0925178 0.0000000 0.0575540 0.1244658 0.3635581 0.4616751 0.6302436 0.6632908 0.6522290 0.6419122 0.7147079 0.7519618 0.7049125 0.6967322 
taxon8     0.3230300 0.3358999 0.2583168 0.2554847 0.1388465 0.1418039 0.0810048 0.0575540 0.0000000 0.0857844 0.3784669 0.4558983 0.6337980 0.6599767 0.6430746 0.6328238 0.7010524 0.7423614 0.6996383 0.6949616 
taxon9     0.4085400 0.4161612 0.3246055 0.3130063 0.2071410 0.2263318 0.1564082 0.1244658 0.0857844 0.0000000 0.4381320 0.5180371 0.6718637 0.7174761 0.6741461 0.6793407 0.7140448 0.7518615 0.7132091 0.7117504 
taxon10    0.2880427 0.3314964 0.3697309 0.4036687 0.3155350 0.3454473 0.3103119 0.3635581 0.3784669 0.4381320 0.0000000 0.1573369 0.4441614 0.5646909 0.5122878 0.5338441 0.4893479 0.5874407 0.5205421 0.5478720 
taxon11    0.3358706 0.3675877 0.3958084 0.4016239 0.3531038 0.3850043 0.3950340 0.4616751 0.4558983 0.5180371 0.1573369 0.0000000 0.4687473 0.5859461 0.5375541 0.5332737 0.5344548 0.6353106 0.5985722 0.6260729 
taxon12    0.6218114 0.6355034 0.6952741 0.6488316 0.5668390 0.6157940 0.5927057 0.6302436 0.6337980 0.6718637 0.4441614 0.4687473 0.0000000 0.2952404 0.2598245 0.2693720 0.3452779 0.4535159 0.4101920 0.4176527 
taxon13    0.6694330 0.6493843 0.7463422 0.7357181 0.6233398 0.7146967 0.6657736 0.6632908 0.6599767 0.7174761 0.5646909 0.5859461 0.2952404 0.0000000 0.1405904 0.1545268 0.4204443 0.5419553 0.5065420 0.5062666 
taxon14    0.6417474 0.6385286 0.7219113 0.6884661 0.5817931 0.6670570 0.6461859 0.6522290 0.6430746 0.6741461 0.5122878 0.5375541 0.2598245 0.1405904 0.0000000 0.0412387 0.3992528 0.5196202 0.5087359 0.4940312 
taxon15    0.6164351 0.6203025 0.7054227 0.6820575 0.5829790 0.6566264 0.6231101 0.6419122 0.6328238 0.6793407 0.5338441 0.5332737 0.2693720 0.1545268 0.0412387 0.0000000 0.3898709 0.5320062 0.5077931 0.4978089 
taxon16    0.6508329 0.6349845 0.7256433 0.6392255 0.6028988 0.6624794 0.6547439 0.7147079 0.7010524 0.7140448 0.4893479 0.5344548 0.3452779 0.4204443 0.3992528 0.3898709 0.0000000 0.2195675 0.1875456 0.2091082 
taxon17    0.7786976 0.7772067 0.8031920 0.7467613 0.6716474 0.7422761 0.7274047 0.7519618 0.7423614 0.7518615 0.5874407 0.6353106 0.4535159 0.5419553 0.5196202 0.5320062 0.2195675 0.0000000 0.1307382 0.1290281 
taxon18    0.7219050 0.7280924 0.7708870 0.7229544 0.6547307 0.7318820 0.6929046 0.7049125 0.6996383 0.7132091 0.5205421 0.5985722 0.4101920 0.5065420 0.5087359 0.5077931 0.1875456 0.1307382 0.0000000 0.0864048 
taxon19    0.7231684 0.7222392 0.7646736 0.7122569 0.6637144 0.7332559 0.6886452 0.6967322 0.6949616 0.7117504 0.5478720 0.6260729 0.4176527 0.5062666 0.4940312 0.4978089 0.2091082 0.1290281 0.0864048 0.0000000 
