20
taxon0     0.0000000 0.1337675 0.2265980 0.2658809 0.2287672 0.2949703 0.3040469 0.2624986 0.2625205 0.5066592 0.4676111 0.4989099 0.5061080 0.4605670 0.4337917 0.4456883 0.4111474 0.4554589 0.4300847 0.4532614 
taxon1     0.1337675 0.0000000 0.1671142 0.2018389 0.1682874 0.2872324 0.3212598 0.2813150 0.2729176 0.4963259 0.4858253 0.4680651 0.4594730 0.4333927 0.4402453 0.4357890 0.3918641 0.4254975 0.4190770 0.4229396 
taxon2     0.2265980 0.1671142 0.0000000 0.1776265 0.1498639 0.3439174 0.3872221 0.3124770 0.3032339 0.5411955 0.5135497 0.5315829 0.5141937 0.4643444 0.4612390 0.4459846 0.4305362 0.4670341 0.4355241 0.4528384 
taxon3     0.2658809 0.2018389 0.1776265 0.0000000 0.0457597 0.4154467 0.4412411 0.3759599 0.3752475 0.5750557 0.5591376 0.5834241 0.5471629 0.5534105 0.5362642 0.5189200 0.4936990 0.5506511 0.4835735 0.4978918 
taxon4     0.2287672 0.1682874 0.1498639 0.0457597 0.0000000 0.3791494 0.4055293 0.3271864 0.3331374 0.5409020 0.5335106 0.5438710 0.5193472 0.5142413 0.5147354 0.4971065 0.4762845 0.5065328 0.4533909 0.4672469 
taxon5     0.2949703 0.2872324 0.3439174 0.4154467 0.3791494 0.0000000 0.1016705 0.2334351 0.2003065 0.5785998 0.5349174 0.5564304 0.5437146 0.5212821 0.5086494 0.5214213 0.4895586 0.5290890 0.4963456 0.4873593 
taxon6     0.3040469 0.3212598 0.3872221 0.4412411 0.4055293 0.1016705 0.0000000 0.2389965 0.2124733 0.5926414 0.5457827 0.5836456 0.5823628 0.5407997 0.5251932 0.5433880 0.4985759 0.5259892 0.5230838 0.5284238 
taxon7     0.2624986 0.2813150 0.3124770 0.3759599 0.3271864 0.2334351 0.2389965 0.0000000 0.0722234 0.6011456 0.5478558 0.5659751 0.5712599 0.5565927 0.5216514 0.5227434 0.4997768 0.5405706 0.4931283 0.5013872 
taxon8     0.2625205 0.2729176 0.3032339 0.3752475 0.3331374 0.2003065 0.2124733 0.0722234 0.0000000 0.5858727 0.5426484 0.5545695 0.5256056 0.5188282 0.5336303 0.5101669 0.5063590 0.5413461 0.4722418 0.4828537 
taxon9     0.5066592 0.4963259 0.5411955 0.5750557 0.5409020 0.5785998 0.5926414 0.6011456 0.5858727 0.0000000 0.1177061 0.1879268 0.2156345 0.4277713 0.4335039 0.4409679 0.4055508 0.4130709 0.4054015 0.3829102 
taxon10    0.4676111 0.4858253 0.5135497 0.5591376 0.5335106 0.5349174 0.5457827 0.5478558 0.5426484 0.1177061 0.0000000 0.1739213 0.1867868 0.3806255 0.3765741 0.3926803 0.3718091 0.3798591 0.3561649 0.3508547 
taxon11    0.4989099 0.4680651 0.5315829 0.5834241 0.5438710 0.5564304 0.5836456 0.5659751 0.5545695 0.1879268 0.1739213 0.0000000 0.1315428 0.3738188 0.4203192 0.4022974 0.3999315 0.4024258 0.4034817 0.4015637 
taxon12    0.5061080 0.4594730 0.5141937 0.5471629 0.5193472 0.5437146 0.5823628 0.5712599 0.5256056 0.2156345 0.1867868 0.1315428 0.0000000 0.3753980 0.4452526 0.4184864 0.3655811 0.3932519 0.3996752 0.4086749 
taxon13    0.4605670 0.4333927 0.4643444 0.5534105 0.5142413 0.5212821 0.5407997 0.5565927 0.5188282 0.4277713 0.3806255 0.3738188 0.3753980 0.0000000 0.1024666 0.1121276 0.1311189 0.1398252 0.2248525 0.2204623 
taxon14    0.4337917 0.4402453 0.4612390 0.5362642 0.5147354 0.5086494 0.5251932 0.5216514 0.5336303 0.4335039 0.3765741 0.4203192 0.4452526 0.1024666 0.0000000 0.0577228 0.1587176 0.1676226 0.2575143 0.2520307 
taxon15    0.4456883 0.4357890 0.4459846 0.5189200 0.4971065 0.5214213 0.5433880 0.5227434 0.5101669 0.4409679 0.3926803 0.4022974 0.4184864 0.1121276 0.0577228 0.0000000 0.1706777 0.1872184 0.2405549 0.2404396 
taxon16    0.4111474 0.3918641 0.4305362 0.4936990 0.4762845 0.4895586 0.4985759 0.4997768 0.5063590 0.4055508 0.3718091 0.3999315 0.3655811 0.1311189 0.1587176 0.1706777 0.0000000 0.0898649 0.2130332 0.2256503 
taxon17    0.4554589 0.4254975 0.4670341 0.5506511 0.5065328 0.5290890 0.5259892 0.5405706 0.5413461 0.4130709 0.3798591 0.4024258 0.3932519 0.1398252 0.1676226 0.1872184 0.0898649 0.0000000 0.2309683 0.2222361 
taxon18    0.4300847 0.4190770 0.4355241 0.4835735 0.4533909 0.4963456 0.5230838 0.4931283 0.4722418 0.4054015 0.3561649 0.4034817 0.3996752 0.2248525 0.2575143 0.2405549 0.2130332 0.2309683 0.0000000 0.0779437 
taxon19    0.4532614 0.4229396 0.4528384 0.4978918 0.4672469 0.4873593 0.5284238 0.5013872 0.4828537 0.3829102 0.3508547 0.4015637 0.4086749 0.2204623 0.2520307 0.2404396 0.2256503 0.2222361 0.0779437 0.0000000 
