20
taxon0     0.0000000 0.1121791 0.1305105 0.1668390 0.1370619 0.1687436 0.1522748 0.1275698 0.1313091 0.1852488 0.1941972 0.2010923 0.2376452 0.2468402 0.2618746 0.3287058 0.3310881 0.3793611 0.3684934 0.3606979 
taxon1     0.1121791 0.0000000 0.0655053 0.0808988 0.0593159 0.1759560 0.1675523 0.1325074 0.1186169 0.1998833 0.2090476 0.2071730 0.2871759 0.2857705 0.2772756 0.3048095 0.3112667 0.3762165 0.3578458 0.3501840 
taxon2     0.1305105 0.0655053 0.0000000 0.0659049 0.0553025 0.2019675 0.1828790 0.1536308 0.1379922 0.2162117 0.2206347 0.2328293 0.2894057 0.2900433 0.2893793 0.3032102 0.3096218 0.3595660 0.3489978 0.3343196 
taxon3     0.1668390 0.0808988 0.0659049 0.0000000 0.0608087 0.2131699 0.1889053 0.1693497 0.1544459 0.2388627 0.2358395 0.2376785 0.3027906 0.3025947 0.2932417 0.3064682 0.3153510 0.3806072 0.3643623 0.3563032 
taxon4     0.1370619 0.0593159 0.0553025 0.0608087 0.0000000 0.1790700 0.1673461 0.1377747 0.1247293 0.2065710 0.2196519 0.2166848 0.2929115 0.2968201 0.2843800 0.3120934 0.3285821 0.3774017 0.3590011 0.3513234 
taxon5     0.1687436 0.1759560 0.2019675 0.2131699 0.1790700 0.0000000 0.0756357 0.0968988 0.1082054 0.1754006 0.1845784 0.1792875 0.2783914 0.2835222 0.3028482 0.3192466 0.3139965 0.3652250 0.3492049 0.3320479 
taxon6     0.1522748 0.1675523 0.1828790 0.1889053 0.1673461 0.0756357 0.0000000 0.0983227 0.1076934 0.1567861 0.1590038 0.1595160 0.2747833 0.2752793 0.2864114 0.3397250 0.3236526 0.3820600 0.3645422 0.3562718 
taxon7     0.1275698 0.1325074 0.1536308 0.1693497 0.1377747 0.0968988 0.0983227 0.0000000 0.0438929 0.1170666 0.1325208 0.1261663 0.2599264 0.2602242 0.2808587 0.3205043 0.3231026 0.3675387 0.3510497 0.3339064 
taxon8     0.1313091 0.1186169 0.1379922 0.1544459 0.1247293 0.1082054 0.1076934 0.0438929 0.0000000 0.1103797 0.1237178 0.1233064 0.2656214 0.2659160 0.2749114 0.3035745 0.3061316 0.3514941 0.3332762 0.3165118 
taxon9     0.1852488 0.1998833 0.2162117 0.2388627 0.2065710 0.1754006 0.1567861 0.1170666 0.1103797 0.0000000 0.0795151 0.0584628 0.3033129 0.3047474 0.3064057 0.3371718 0.3390956 0.3906183 0.3745419 0.3629565 
taxon10    0.1941972 0.2090476 0.2206347 0.2358395 0.2196519 0.1845784 0.1590038 0.1325208 0.1237178 0.0795151 0.0000000 0.0593822 0.3264401 0.3332059 0.3171925 0.3400079 0.3502686 0.3894099 0.3709797 0.3625078 
taxon11    0.2010923 0.2071730 0.2328293 0.2376785 0.2166848 0.1792875 0.1595160 0.1261663 0.1233064 0.0584628 0.0593822 0.0000000 0.3257993 0.3256862 0.3281412 0.3397702 0.3327532 0.3809125 0.3678373 0.3595452 
taxon12    0.2376452 0.2871759 0.2894057 0.3027906 0.2929115 0.2783914 0.2747833 0.2599264 0.2656214 0.3033129 0.3264401 0.3257993 0.0000000 0.1134711 0.1253696 0.3547975 0.3595762 0.3857422 0.3605227 0.3533611 
taxon13    0.2468402 0.2857705 0.2900433 0.3025947 0.2968201 0.2835222 0.2752793 0.2602242 0.2659160 0.3047474 0.3332059 0.3256862 0.1134711 0.0000000 0.0854936 0.3834892 0.3751535 0.4059820 0.3909537 0.3671039 
taxon14    0.2618746 0.2772756 0.2893793 0.2932417 0.2843800 0.3028482 0.2864114 0.2808587 0.2749114 0.3064057 0.3171925 0.3281412 0.1253696 0.0854936 0.0000000 0.3543308 0.3685551 0.3696807 0.3636945 0.3426113 
taxon15    0.3287058 0.3048095 0.3032102 0.3064682 0.3120934 0.3192466 0.3397250 0.3205043 0.3035745 0.3371718 0.3400079 0.3397702 0.3547975 0.3834892 0.3543308 0.0000000 0.0922974 0.1387470 0.1294415 0.1351083 
taxon16    0.3310881 0.3112667 0.3096218 0.3153510 0.3285821 0.3139965 0.3236526 0.3231026 0.3061316 0.3390956 0.3502686 0.3327532 0.3595762 0.3751535 0.3685551 0.0922974 0.0000000 0.1731986 0.1437499 0.1561244 
taxon17    0.3793611 0.3762165 0.3595660 0.3806072 0.3774017 0.3652250 0.3820600 0.3675387 0.3514941 0.3906183 0.3894099 0.3809125 0.3857422 0.4059820 0.3696807 0.1387470 0.1731986 0.0000000 0.0652164 0.0548698 
taxon18    0.3684934 0.3578458 0.3489978 0.3643623 0.3590011 0.3492049 0.3645422 0.3510497 0.3332762 0.3745419 0.3709797 0.3678373 0.3605227 0.3909537 0.3636945 0.1294415 0.1437499 0.0652164 0.0000000 0.0344128 
taxon19    0.3606979 0.3501840 0.3343196 0.3563032 0.3513234 0.3320479 0.3562718 0.3339064 0.3165118 0.3629565 0.3625078 0.3595452 0.3533611 0.3671039 0.3426113 0.1351083 0.1561244 0.0548698 0.0344128 0.0000000 
