20
taxon0     0.0000000 0.1072185 0.1910202 0.2049771 0.3149686 0.3311882 0.3104904 0.3308575 0.3302906 0.3320685 0.3241429 0.3736375 0.3454682 0.2807857 0.2560041 0.2728414 0.3057982 0.2957399 0.2688271 0.2698127 
taxon1     0.1072185 0.0000000 0.1883731 0.1825227 0.2990971 0.3053055 0.3038174 0.3064777 0.3059121 0.3384307 0.3261295 0.3468536 0.3220857 0.2971635 0.2811215 0.2981087 0.3320747 0.3144703 0.2875859 0.2802790 
taxon2     0.1910202 0.1883731 0.0000000 0.0846355 0.2791109 0.3109409 0.3115493 0.3411378 0.3177691 0.3468521 0.3182585 0.3437500 0.3355163 0.2980779 0.2804341 0.2772905 0.3256268 0.3196537 0.2986872 0.2895973 
taxon3     0.2049771 0.1825227 0.0846355 0.0000000 0.3205130 0.3345383 0.3521678 0.3652660 0.3415829 0.3699052 0.3436275 0.3600881 0.3626577 0.3337962 0.2893242 0.2927895 0.3179695 0.3347685 0.3196290 0.2997179 
taxon4     0.3149686 0.2990971 0.2791109 0.3205130 0.0000000 0.0830043 0.1308128 0.1477079 0.1354014 0.1616793 0.1544627 0.1990098 0.1750192 0.2494199 0.2524028 0.2810878 0.2986127 0.2920506 0.2964598 0.2945026 
taxon5     0.3311882 0.3053055 0.3109409 0.3345383 0.0830043 0.0000000 0.1232487 0.1328506 0.1263450 0.1513060 0.1399318 0.1721461 0.1452509 0.2720267 0.2621657 0.2911875 0.3139380 0.3027578 0.3315857 0.3128193 
taxon6     0.3104904 0.3038174 0.3115493 0.3521678 0.1308128 0.1232487 0.0000000 0.0600148 0.0545279 0.0828022 0.0932906 0.1195115 0.0889379 0.2529404 0.2323328 0.2621402 0.2751231 0.2563727 0.2931473 0.2761215 
taxon7     0.3308575 0.3064777 0.3411378 0.3652660 0.1477079 0.1328506 0.0600148 0.0000000 0.0259082 0.0941542 0.1162623 0.1238760 0.1124747 0.2823929 0.2678956 0.2963065 0.3229646 0.2865552 0.3093282 0.3173998 
taxon8     0.3302906 0.3059121 0.3177691 0.3415829 0.1354014 0.1263450 0.0545279 0.0259082 0.0000000 0.0826030 0.1045866 0.1230130 0.0994712 0.2763160 0.2517268 0.2858671 0.3055226 0.2769625 0.3133192 0.3059611 
taxon9     0.3320685 0.3384307 0.3468521 0.3699052 0.1616793 0.1513060 0.0828022 0.0941542 0.0826030 0.0000000 0.0472399 0.0880149 0.0591291 0.2829338 0.2925121 0.3285824 0.3363432 0.3079907 0.3397599 0.3286198 
taxon10    0.3241429 0.3261295 0.3182585 0.3436275 0.1544627 0.1399318 0.0932906 0.1162623 0.1045866 0.0472399 0.0000000 0.0645814 0.0420715 0.2540998 0.2815721 0.3061615 0.3161092 0.2796220 0.3096192 0.2990973 
taxon11    0.3736375 0.3468536 0.3437500 0.3600881 0.1990098 0.1721461 0.1195115 0.1238760 0.1230130 0.0880149 0.0645814 0.0000000 0.0369727 0.3109358 0.3049827 0.3124799 0.3395877 0.3021330 0.3176478 0.3073052 
taxon12    0.3454682 0.3220857 0.3355163 0.3626577 0.1750192 0.1452509 0.0889379 0.1124747 0.0994712 0.0591291 0.0420715 0.0369727 0.0000000 0.2854393 0.2908538 0.3158219 0.3250840 0.2960870 0.3270122 0.3084837 
taxon13    0.2807857 0.2971635 0.2980779 0.3337962 0.2494199 0.2720267 0.2529404 0.2823929 0.2763160 0.2829338 0.2540998 0.3109358 0.2854393 0.0000000 0.2143960 0.2271291 0.2474560 0.2333139 0.2265716 0.2203264 
taxon14    0.2560041 0.2811215 0.2804341 0.2893242 0.2524028 0.2621657 0.2323328 0.2678956 0.2517268 0.2925121 0.2815721 0.3049827 0.2908538 0.2143960 0.0000000 0.0962746 0.1279255 0.1278530 0.1327083 0.1283248 
taxon15    0.2728414 0.2981087 0.2772905 0.2927895 0.2810878 0.2911875 0.2621402 0.2963065 0.2858671 0.3285824 0.3061615 0.3124799 0.3158219 0.2271291 0.0962746 0.0000000 0.0767040 0.0987721 0.0890295 0.0855381 
taxon16    0.3057982 0.3320747 0.3256268 0.3179695 0.2986127 0.3139380 0.2751231 0.3229646 0.3055226 0.3363432 0.3161092 0.3395877 0.3250840 0.2474560 0.1279255 0.0767040 0.0000000 0.1076083 0.1217917 0.1179623 
taxon17    0.2957399 0.3144703 0.3196537 0.3347685 0.2920506 0.3027578 0.2563727 0.2865552 0.2769625 0.3079907 0.2796220 0.3021330 0.2960870 0.2333139 0.1278530 0.0987721 0.1076083 0.0000000 0.0784561 0.0915830 
taxon18    0.2688271 0.2875859 0.2986872 0.3196290 0.2964598 0.3315857 0.2931473 0.3093282 0.3133192 0.3397599 0.3096192 0.3176478 0.3270122 0.2265716 0.1327083 0.0890295 0.1217917 0.0784561 0.0000000 0.0322068 
taxon19    0.2698127 0.2802790 0.2895973 0.2997179 0.2945026 0.3128193 0.2761215 0.3173998 0.3059611 0.3286198 0.2990973 0.3073052 0.3084837 0.2203264 0.1283248 0.0855381 0.1179623 0.0915830 0.0322068 0.0000000 
