20
taxon0     0.0000000 0.1044170 0.1005918 0.2123963 0.1700021 0.2247468 0.1937776 0.2634330 0.2001358 0.2169544 0.2276573 0.3730674 0.3762482 0.4156830 0.3380914 0.3300102 0.3791451 0.3732909 0.3587916 0.3441065 
taxon1     0.1044170 0.0000000 0.0963157 0.2212683 0.1964404 0.2587224 0.2180641 0.2993783 0.2822649 0.2811214 0.2744201 0.4023540 0.4062485 0.4384399 0.3333055 0.3318581 0.3778978 0.3929174 0.3782394 0.3938064 
taxon2     0.1005918 0.0963157 0.0000000 0.2449191 0.2258521 0.2705785 0.2270962 0.3018901 0.3216586 0.3239152 0.3261074 0.4580811 0.4616463 0.4811299 0.3915229 0.3825230 0.4050375 0.4113819 0.4051219 0.4312232 
taxon3     0.2123963 0.2212683 0.2449191 0.0000000 0.0693224 0.1739182 0.1711309 0.2431695 0.3713352 0.3685411 0.3573811 0.5095187 0.4949557 0.5632421 0.3783845 0.3715033 0.3873328 0.4027599 0.3808896 0.3875494 
taxon4     0.1700021 0.1964404 0.2258521 0.0693224 0.0000000 0.1462621 0.1370279 0.2052386 0.3129633 0.3299903 0.3294173 0.4678028 0.4535893 0.5185162 0.3667082 0.3599386 0.3663620 0.3828349 0.3613883 0.3413521 
taxon5     0.2247468 0.2587224 0.2705785 0.1739182 0.1462621 0.0000000 0.0879085 0.1507625 0.3667612 0.3758333 0.3530067 0.5401357 0.5257867 0.5735980 0.4247628 0.4255431 0.4020966 0.4118607 0.4069101 0.3972853 
taxon6     0.1937776 0.2180641 0.2270962 0.1711309 0.1370279 0.0879085 0.0000000 0.0702463 0.3421462 0.3388292 0.3378818 0.4874330 0.4722222 0.5335248 0.3993890 0.3999990 0.4284038 0.4084066 0.4034443 0.4115298 
taxon7     0.2634330 0.2993783 0.3018901 0.2431695 0.2052386 0.1507625 0.0702463 0.0000000 0.3661719 0.3679149 0.3779060 0.4861784 0.4889456 0.5594539 0.4594876 0.4558696 0.4519814 0.4384966 0.4399017 0.4481635 
taxon8     0.2001358 0.2822649 0.3216586 0.3713352 0.3129633 0.3667612 0.3421462 0.3661719 0.0000000 0.0530730 0.0641324 0.2161906 0.2023509 0.2792136 0.3487868 0.3590457 0.4139971 0.4088703 0.4018445 0.3723668 
taxon9     0.2169544 0.2811214 0.3239152 0.3685411 0.3299903 0.3758333 0.3388292 0.3679149 0.0530730 0.0000000 0.0769187 0.2230984 0.2194915 0.2896041 0.3574555 0.3678018 0.4214191 0.4161265 0.4089717 0.4010112 
taxon10    0.2276573 0.2744201 0.3261074 0.3573811 0.3294173 0.3530067 0.3378818 0.3779060 0.0641324 0.0769187 0.0000000 0.1961855 0.1686898 0.2503710 0.3781648 0.3884831 0.4343522 0.4389583 0.4405442 0.4176975 
taxon11    0.3730674 0.4023540 0.4580811 0.5095187 0.4678028 0.5401357 0.4874330 0.4861784 0.2161906 0.2230984 0.1961855 0.0000000 0.1371827 0.1762291 0.4536089 0.4460180 0.5202819 0.5350763 0.5181899 0.5217446 
taxon12    0.3762482 0.4062485 0.4616463 0.4949557 0.4535893 0.5257867 0.4722222 0.4889456 0.2023509 0.2194915 0.1686898 0.1371827 0.0000000 0.0643188 0.4580614 0.4623997 0.5341138 0.5145935 0.5275606 0.5181979 
taxon13    0.4156830 0.4384399 0.4811299 0.5632421 0.5185162 0.5735980 0.5335248 0.5594539 0.2792136 0.2896041 0.2503710 0.1762291 0.0643188 0.0000000 0.5228563 0.5281069 0.5940160 0.5861276 0.6003733 0.5901395 
taxon14    0.3380914 0.3333055 0.3915229 0.3783845 0.3667082 0.4247628 0.3993890 0.4594876 0.3487868 0.3574555 0.3781648 0.4536089 0.4580614 0.5228563 0.0000000 0.0351214 0.1495185 0.1609818 0.1536663 0.1654305 
taxon15    0.3300102 0.3318581 0.3825230 0.3715033 0.3599386 0.4255431 0.3999990 0.4558696 0.3590457 0.3678018 0.3884831 0.4460180 0.4623997 0.5281069 0.0351214 0.0000000 0.1500254 0.1603819 0.1478346 0.1648132 
taxon16    0.3791451 0.3778978 0.4050375 0.3873328 0.3663620 0.4020966 0.4284038 0.4519814 0.4139971 0.4214191 0.4343522 0.5202819 0.5341138 0.5940160 0.1495185 0.1500254 0.0000000 0.0994146 0.0841774 0.0960469 
taxon17    0.3732909 0.3929174 0.4113819 0.4027599 0.3828349 0.4118607 0.4084066 0.4384966 0.4088703 0.4161265 0.4389583 0.5350763 0.5145935 0.5861276 0.1609818 0.1603819 0.0994146 0.0000000 0.0444181 0.0555109 
taxon18    0.3587916 0.3782394 0.4051219 0.3808896 0.3613883 0.4069101 0.4034443 0.4399017 0.4018445 0.4089717 0.4405442 0.5181899 0.5275606 0.6003733 0.1536663 0.1478346 0.0841774 0.0444181 0.0000000 0.0351003 
taxon19    0.3441065 0.3938064 0.4312232 0.3875494 0.3413521 0.3972853 0.4115298 0.4481635 0.3723668 0.4010112 0.4176975 0.5217446 0.5181979 0.5901395 0.1654305 0.1648132 0.0960469 0.0555109 0.0351003 0.0000000 
