20
taxon0     0.0000000 0.0640622 0.1145455 0.0975901 0.0862044 0.0912925 0.0972774 0.1391412 0.1182199 0.1753128 0.1700364 0.0902430 0.0956482 0.3444111 0.2773538 0.2685851 0.4434065 0.3844483 0.4736998 0.5092340 
taxon1     0.0640622 0.0000000 0.1620579 0.1436529 0.1373413 0.1317341 0.1553376 0.1994995 0.1858106 0.2479079 0.2364781 0.1413352 0.1419052 0.3703229 0.3031869 0.2939731 0.4503280 0.4189791 0.5150871 0.5477197 
taxon2     0.1145455 0.1620579 0.0000000 0.0548974 0.0390270 0.0488140 0.0594363 0.1200639 0.1423801 0.1604716 0.1476391 0.1091346 0.0982207 0.3443923 0.3047318 0.3043903 0.4226790 0.3524485 0.4227278 0.4640324 
taxon3     0.0975901 0.1436529 0.0548974 0.0000000 0.0244429 0.0293058 0.0396352 0.1441760 0.1614001 0.1922536 0.1788638 0.1159648 0.1108226 0.3650665 0.3139124 0.2987544 0.4441626 0.3720188 0.4622642 0.5051827 
taxon4     0.0862044 0.1373413 0.0390270 0.0244429 0.0000000 0.0142350 0.0191564 0.1495189 0.1543780 0.1785710 0.1717315 0.0989120 0.1047481 0.3575013 0.2995409 0.2992171 0.4391807 0.3670563 0.4712845 0.5145608 
taxon5     0.0912925 0.1317341 0.0488140 0.0293058 0.0142350 0.0000000 0.0240146 0.1542755 0.1599186 0.1900144 0.1773710 0.0987719 0.0992810 0.3574196 0.2996243 0.3001138 0.4375223 0.3656020 0.4695660 0.5127503 
taxon6     0.0972774 0.1553376 0.0594363 0.0396352 0.0191564 0.0240146 0.0000000 0.1614341 0.1609535 0.1912117 0.1842597 0.1091866 0.1097484 0.3815377 0.3139299 0.3144294 0.4672591 0.3927938 0.4866822 0.5347096 
taxon7     0.1391412 0.1994995 0.1200639 0.1441760 0.1495189 0.1542755 0.1614341 0.0000000 0.0871056 0.0941392 0.0877724 0.0780698 0.0832134 0.3946061 0.3564765 0.3483611 0.4748683 0.4229646 0.4357672 0.4822379 
taxon8     0.1182199 0.1858106 0.1423801 0.1614001 0.1543780 0.1599186 0.1609535 0.0871056 0.0000000 0.1087207 0.1081404 0.0925352 0.1083880 0.3929149 0.3339768 0.3179973 0.4754567 0.4228576 0.4607937 0.4968795 
taxon9     0.1753128 0.2479079 0.1604716 0.1922536 0.1785710 0.1900144 0.1912117 0.0941392 0.1087207 0.0000000 0.0856893 0.1097515 0.1371731 0.4369782 0.3954982 0.3868068 0.5292490 0.4729578 0.4661060 0.5141117 
taxon10    0.1700364 0.2364781 0.1476391 0.1788638 0.1717315 0.1773710 0.1842597 0.0877724 0.1081404 0.0856893 0.0000000 0.1054632 0.1261636 0.4120580 0.3754644 0.3670129 0.5044755 0.4585570 0.4853388 0.4964811 
taxon11    0.0902430 0.1413352 0.1091346 0.1159648 0.0989120 0.0987719 0.1091866 0.0780698 0.0925352 0.1097515 0.1054632 0.0000000 0.0334797 0.3579550 0.3159857 0.3142733 0.4472879 0.3841326 0.4397576 0.4866356 
taxon12    0.0956482 0.1419052 0.0982207 0.1108226 0.1047481 0.0992810 0.1097484 0.0832134 0.1083880 0.1371731 0.1261636 0.0334797 0.0000000 0.3692941 0.3266352 0.3171913 0.4315942 0.3615609 0.4157329 0.4690019 
taxon13    0.3444111 0.3703229 0.3443923 0.3650665 0.3575013 0.3574196 0.3815377 0.3946061 0.3929149 0.4369782 0.4120580 0.3579550 0.3692941 0.0000000 0.1212230 0.1217824 0.4941833 0.4702413 0.5665124 0.5668907 
taxon14    0.2773538 0.3031869 0.3047318 0.3139124 0.2995409 0.2996243 0.3139299 0.3564765 0.3339768 0.3954982 0.3754644 0.3159857 0.3266352 0.1212230 0.0000000 0.0094192 0.4885871 0.4417171 0.5866517 0.6105491 
taxon15    0.2685851 0.2939731 0.3043903 0.2987544 0.2992171 0.3001138 0.3144294 0.3483611 0.3179973 0.3868068 0.3670129 0.3142733 0.3171913 0.1217824 0.0094192 0.0000000 0.4838258 0.4374357 0.5734646 0.5970773 
taxon16    0.4434065 0.4503280 0.4226790 0.4441626 0.4391807 0.4375223 0.4672591 0.4748683 0.4754567 0.5292490 0.5044755 0.4472879 0.4315942 0.4941833 0.4885871 0.4838258 0.0000000 0.0502217 0.2543601 0.2950551 
taxon17    0.3844483 0.4189791 0.3524485 0.3720188 0.3670563 0.3656020 0.3927938 0.4229646 0.4228576 0.4729578 0.4585570 0.3841326 0.3615609 0.4702413 0.4417171 0.4374357 0.0502217 0.0000000 0.2157783 0.2645662 
taxon18    0.4736998 0.5150871 0.4227278 0.4622642 0.4712845 0.4695660 0.4866822 0.4357672 0.4607937 0.4661060 0.4853388 0.4397576 0.4157329 0.5665124 0.5866517 0.5734646 0.2543601 0.2157783 0.0000000 0.1067750 
taxon19    0.5092340 0.5477197 0.4640324 0.5051827 0.5145608 0.5127503 0.5347096 0.4822379 0.4968795 0.5141117 0.4964811 0.4866356 0.4690019 0.5668907 0.6105491 0.5970773 0.2950551 0.2645662 0.1067750 0.0000000 
