20
taxon0     0.0000000 0.2354530 0.3770725 0.4722895 0.5300266 0.7444518 0.6698476 0.7276466 0.6846165 0.8076239 0.7645347 0.8350323 0.6996645 0.6538015 0.7173246 0.7974353 0.7289303 0.7371761 0.8436302 0.8428751 
taxon1     0.2354530 0.0000000 0.3620626 0.5077666 0.4834377 0.7994205 0.8070302 0.8165352 0.7945698 0.8995777 0.7784232 0.9176073 0.7622954 0.7788431 0.8659662 0.8598252 0.7847593 0.7935041 0.9807765 0.9283085 
taxon2     0.3770725 0.3620626 0.0000000 0.5272340 0.5148656 0.7645725 0.8583416 0.7194323 0.8480466 0.9025115 0.9298632 0.9843451 0.7325004 0.8192446 0.8698219 0.7896356 0.9397843 0.9112824 0.9445915 0.9223378 
taxon3     0.4722895 0.5077666 0.5272340 0.0000000 0.2066004 0.7122596 0.7770384 0.7252479 0.8354459 0.8699474 0.8939439 0.9691311 0.7564772 0.6855717 0.7328968 0.7882658 0.7753321 0.8093929 0.8585244 0.8919881 
taxon4     0.5300266 0.4834377 0.5148656 0.2066004 0.0000000 0.6444678 0.7777349 0.7396857 0.8247561 0.8543065 0.8208364 0.9627462 0.7360881 0.8229793 0.7735408 0.7832318 0.7632640 0.7390896 0.7897904 0.8783362 
taxon5     0.7444518 0.7994205 0.7645725 0.7122596 0.6444678 0.0000000 0.2806748 0.3278470 0.3897412 0.5346364 0.4930260 0.5610247 0.4170103 0.4012563 0.4236096 0.3821184 0.5195875 0.4907303 0.4856121 0.3859304 
taxon6     0.6698476 0.8070302 0.8583416 0.7770384 0.7777349 0.2806748 0.0000000 0.2886254 0.2909896 0.5063281 0.4994110 0.5303690 0.4741702 0.3792947 0.3756428 0.4213448 0.5759345 0.5555958 0.4962849 0.4968130 
taxon7     0.7276466 0.8165352 0.7194323 0.7252479 0.7396857 0.3278470 0.2886254 0.0000000 0.2880933 0.4803915 0.5046296 0.5087626 0.4737902 0.4227384 0.4135457 0.3561251 0.5926171 0.5993346 0.5292998 0.4968676 
taxon8     0.6846165 0.7945698 0.8480466 0.8354459 0.8247561 0.3897412 0.2909896 0.2880933 0.0000000 0.5567482 0.5504222 0.5979366 0.4562446 0.4165967 0.4258988 0.4322044 0.6322005 0.6110277 0.4857250 0.5655037 
taxon9     0.8076239 0.8995777 0.9025115 0.8699474 0.8543065 0.5346364 0.5063281 0.4803915 0.5567482 0.0000000 0.4206675 0.3446660 0.4351615 0.4590231 0.3407590 0.4081389 0.5422274 0.5577571 0.6006547 0.6309056 
taxon10    0.7645347 0.7784232 0.9298632 0.8939439 0.8208364 0.4930260 0.4994110 0.5046296 0.5504222 0.4206675 0.0000000 0.2088592 0.5480039 0.4997290 0.4356604 0.4615575 0.4687546 0.4810274 0.6421594 0.6408032 
taxon11    0.8350323 0.9176073 0.9843451 0.9691311 0.9627462 0.5610247 0.5303690 0.5087626 0.5979366 0.3446660 0.2088592 0.0000000 0.5259290 0.5191610 0.3799887 0.4203146 0.5227642 0.5103977 0.6043589 0.6211141 
taxon12    0.6996645 0.7622954 0.7325004 0.7564772 0.7360881 0.4170103 0.4741702 0.4737902 0.4562446 0.4351615 0.5480039 0.5259290 0.0000000 0.3899495 0.3219066 0.3485082 0.7315093 0.7138703 0.5750385 0.5167702 
taxon13    0.6538015 0.7788431 0.8192446 0.6855717 0.8229793 0.4012563 0.3792947 0.4227384 0.4165967 0.4590231 0.4997290 0.5191610 0.3899495 0.0000000 0.3053650 0.3709553 0.5638805 0.5904707 0.5230095 0.5129315 
taxon14    0.7173246 0.8659662 0.8698219 0.7328968 0.7735408 0.4236096 0.3756428 0.4135457 0.4258988 0.3407590 0.4356604 0.3799887 0.3219066 0.3053650 0.0000000 0.1285824 0.5582759 0.5555265 0.4211365 0.4587477 
taxon15    0.7974353 0.8598252 0.7896356 0.7882658 0.7832318 0.3821184 0.4213448 0.3561251 0.4322044 0.4081389 0.4615575 0.4203146 0.3485082 0.3709553 0.1285824 0.0000000 0.6023333 0.6039100 0.4778701 0.4994806 
taxon16    0.7289303 0.7847593 0.9397843 0.7753321 0.7632640 0.5195875 0.5759345 0.5926171 0.6322005 0.5422274 0.4687546 0.5227642 0.7315093 0.5638805 0.5582759 0.6023333 0.0000000 0.0205089 0.4448558 0.3954051 
taxon17    0.7371761 0.7935041 0.9112824 0.8093929 0.7390896 0.4907303 0.5555958 0.5993346 0.6110277 0.5577571 0.4810274 0.5103977 0.7138703 0.5904707 0.5555265 0.6039100 0.0205089 0.0000000 0.4268886 0.3871324 
taxon18    0.8436302 0.9807765 0.9445915 0.8585244 0.7897904 0.4856121 0.4962849 0.5292998 0.4857250 0.6006547 0.6421594 0.6043589 0.5750385 0.5230095 0.4211365 0.4778701 0.4448558 0.4268886 0.0000000 0.2777863 
taxon19    0.8428751 0.9283085 0.9223378 0.8919881 0.8783362 0.3859304 0.4968130 0.4968676 0.5655037 0.6309056 0.6408032 0.6211141 0.5167702 0.5129315 0.4587477 0.4994806 0.3954051 0.3871324 0.2777863 0.0000000 
