20
taxon0     0.0000000 0.1214130 0.1457635 0.1977845 0.2076569 0.2581610 0.2933531 0.2890685 0.4412144 0.4273182 0.4752723 0.4726072 0.4570403 0.4217654 0.4221997 0.4125072 0.4548188 0.4825675 0.4453037 0.4514653 
taxon1     0.1214130 0.0000000 0.0869144 0.2500084 0.2378882 0.2889450 0.3333491 0.3118087 0.4956070 0.4987829 0.5483164 0.5453807 0.5143481 0.4587550 0.4606370 0.4691643 0.5020688 0.5167454 0.4657361 0.4723658 
taxon2     0.1457635 0.0869144 0.0000000 0.2134798 0.2536824 0.2663331 0.3019336 0.2897402 0.4585234 0.4597807 0.5197340 0.5116646 0.4800842 0.4236246 0.4255346 0.4359244 0.4681838 0.4634902 0.4301319 0.4361490 
taxon3     0.1977845 0.2500084 0.2134798 0.0000000 0.1719930 0.2003401 0.2528280 0.2547660 0.4419734 0.4128750 0.5108103 0.5061013 0.4824217 0.4101110 0.4485936 0.4226104 0.4501970 0.4765578 0.4419234 0.4609741 
taxon4     0.2076569 0.2378882 0.2536824 0.1719930 0.0000000 0.0958080 0.1526735 0.1443431 0.4391085 0.4230254 0.5038286 0.4920210 0.4758099 0.4551021 0.4768547 0.4302678 0.4622143 0.4839144 0.4521977 0.4626290 
taxon5     0.2581610 0.2889450 0.2663331 0.2003401 0.0958080 0.0000000 0.0909215 0.0843008 0.4779104 0.4621851 0.5420102 0.5294365 0.5120196 0.4412757 0.4631506 0.4333358 0.4673688 0.4886373 0.4588688 0.4663062 
taxon6     0.2933531 0.3333491 0.3019336 0.2528280 0.1526735 0.0909215 0.0000000 0.0684222 0.5171125 0.4958541 0.5402774 0.5534292 0.5342733 0.4821157 0.4973937 0.4825344 0.5139667 0.5331072 0.4865205 0.4951459 
taxon7     0.2890685 0.3118087 0.2897402 0.2547660 0.1443431 0.0843008 0.0684222 0.0000000 0.5188199 0.4934232 0.5685760 0.5761568 0.5638620 0.5011533 0.5029861 0.4981992 0.5361634 0.5660797 0.5020847 0.5107683 
taxon8     0.4412144 0.4956070 0.4585234 0.4419734 0.4391085 0.4779104 0.5171125 0.5188199 0.0000000 0.0979286 0.1682466 0.1713825 0.1502002 0.2476346 0.2526324 0.2475748 0.2873575 0.2859950 0.2791235 0.2815609 
taxon9     0.4273182 0.4987829 0.4597807 0.4128750 0.4230254 0.4621851 0.4958541 0.4934232 0.0979286 0.0000000 0.1961382 0.1976001 0.1710431 0.2454416 0.2520103 0.2386399 0.2929747 0.2885254 0.2833147 0.2907052 
taxon10    0.4752723 0.5483164 0.5197340 0.5108103 0.5038286 0.5420102 0.5402774 0.5685760 0.1682466 0.1961382 0.0000000 0.0249097 0.0937981 0.2768436 0.2928121 0.2952588 0.3364771 0.3339309 0.3273949 0.3229206 
taxon11    0.4726072 0.5453807 0.5116646 0.5061013 0.4920210 0.5294365 0.5534292 0.5761568 0.1713825 0.1976001 0.0249097 0.0000000 0.0839254 0.2787724 0.2865490 0.2972184 0.3301070 0.3248288 0.3167941 0.3193708 
taxon12    0.4570403 0.5143481 0.4800842 0.4824217 0.4758099 0.5120196 0.5342733 0.5638620 0.1502002 0.1710431 0.0937981 0.0839254 0.0000000 0.2482927 0.2378448 0.2720156 0.3143388 0.3179750 0.3125708 0.3055725 
taxon13    0.4217654 0.4587550 0.4236246 0.4101110 0.4551021 0.4412757 0.4821157 0.5011533 0.2476346 0.2454416 0.2768436 0.2787724 0.2482927 0.0000000 0.0492999 0.0946955 0.1305127 0.1547975 0.1531302 0.1467360 
taxon14    0.4221997 0.4606370 0.4255346 0.4485936 0.4768547 0.4631506 0.4973937 0.5029861 0.2526324 0.2520103 0.2928121 0.2865490 0.2378448 0.0492999 0.0000000 0.1228158 0.1551228 0.1807733 0.1548249 0.1483709 
taxon15    0.4125072 0.4691643 0.4359244 0.4226104 0.4302678 0.4333358 0.4825344 0.4981992 0.2475748 0.2386399 0.2952588 0.2972184 0.2720156 0.0946955 0.1228158 0.0000000 0.0727008 0.1014988 0.0948480 0.1006901 
taxon16    0.4548188 0.5020688 0.4681838 0.4501970 0.4622143 0.4673688 0.5139667 0.5361634 0.2873575 0.2929747 0.3364771 0.3301070 0.3143388 0.1305127 0.1551228 0.0727008 0.0000000 0.1023370 0.1014905 0.1015400 
taxon17    0.4825675 0.5167454 0.4634902 0.4765578 0.4839144 0.4886373 0.5331072 0.5660797 0.2859950 0.2885254 0.3339309 0.3248288 0.3179750 0.1547975 0.1807733 0.1014988 0.1023370 0.0000000 0.0965068 0.0973063 
taxon18    0.4453037 0.4657361 0.4301319 0.4419234 0.4521977 0.4588688 0.4865205 0.5020847 0.2791235 0.2833147 0.3273949 0.3167941 0.3125708 0.1531302 0.1548249 0.0948480 0.1014905 0.0965068 0.0000000 0.0251114 
taxon19    0.4514653 0.4723658 0.4361490 0.4609741 0.4626290 0.4663062 0.4951459 0.5107683 0.2815609 0.2907052 0.3229206 0.3193708 0.3055725 0.1467360 0.1483709 0.1006901 0.1015400 0.0973063 0.0251114 0.0000000 
