20
taxon0     0.0000000 0.1619722 0.2668311 0.2467126 0.2319893 0.3419526 0.3487922 0.3610520 0.3742627 0.2909946 0.2920331 0.2950240 0.3323646 0.3054604 0.3311275 0.3086877 0.3282960 0.3186311 0.3372788 0.3243918 
taxon1     0.1619722 0.0000000 0.2123933 0.1945865 0.1708738 0.3514255 0.3552037 0.3759564 0.3867041 0.3048780 0.3136389 0.3108730 0.3567878 0.3280430 0.3637529 0.3164499 0.3340949 0.3177126 0.3206427 0.3107799 
taxon2     0.2668311 0.2123933 0.0000000 0.1725820 0.1314771 0.3657430 0.3613486 0.3821328 0.3915152 0.3557069 0.3678513 0.3822261 0.4098545 0.3948436 0.3878003 0.4011661 0.3916591 0.3838387 0.4154714 0.3843814 
taxon3     0.2467126 0.1945865 0.1725820 0.0000000 0.0839708 0.3633107 0.3929456 0.3957062 0.4100678 0.3402512 0.3508327 0.3592287 0.3762635 0.3657880 0.3828267 0.3913290 0.3997573 0.3886051 0.4078353 0.3891525 
taxon4     0.2319893 0.1708738 0.1314771 0.0839708 0.0000000 0.3283813 0.3383301 0.3478569 0.3652573 0.3184920 0.3259117 0.3371192 0.3667451 0.3415724 0.3575740 0.3448608 0.3447901 0.3433792 0.3523188 0.3438764 
taxon5     0.3419526 0.3514255 0.3657430 0.3633107 0.3283813 0.0000000 0.0633184 0.0622950 0.0735467 0.2393047 0.2363614 0.2668747 0.2533447 0.2528842 0.2737291 0.2398404 0.2424056 0.2476786 0.2560420 0.2371599 
taxon6     0.3487922 0.3552037 0.3613486 0.3929456 0.3383301 0.0633184 0.0000000 0.0515066 0.0626565 0.2288401 0.2515294 0.2834421 0.2617091 0.2505142 0.2515924 0.2366353 0.2453771 0.2548172 0.2395495 0.2440016 
taxon7     0.3610520 0.3759564 0.3821328 0.3957062 0.3478569 0.0622950 0.0515066 0.0000000 0.0148776 0.2410418 0.2430626 0.2884905 0.2676920 0.2672253 0.2618609 0.2315370 0.2529365 0.2536741 0.2526067 0.2430798 
taxon8     0.3742627 0.3867041 0.3915152 0.4100678 0.3652573 0.0735467 0.0626565 0.0148776 0.0000000 0.2498608 0.2519768 0.2981769 0.2792476 0.2787676 0.2733041 0.2526300 0.2743789 0.2629026 0.2682433 0.2520543 
taxon9     0.2909946 0.3048780 0.3557069 0.3402512 0.3184920 0.2393047 0.2288401 0.2410418 0.2498608 0.0000000 0.0881638 0.0950395 0.1173687 0.1013580 0.1010921 0.1767415 0.1666679 0.1671075 0.1940190 0.1690847 
taxon10    0.2920331 0.3136389 0.3678513 0.3508327 0.3259117 0.2363614 0.2515294 0.2430626 0.2519768 0.0881638 0.0000000 0.0776462 0.0905940 0.0962771 0.1065053 0.1645137 0.1874020 0.1558228 0.1886677 0.1661426 
taxon11    0.2950240 0.3108730 0.3822261 0.3592287 0.3371192 0.2668747 0.2834421 0.2884905 0.2981769 0.0950395 0.0776462 0.0000000 0.0730024 0.0728419 0.0990789 0.1970712 0.2090262 0.1728333 0.1933940 0.1711251 
taxon12    0.3323646 0.3567878 0.4098545 0.3762635 0.3667451 0.2533447 0.2617091 0.2676920 0.2792476 0.1173687 0.0905940 0.0730024 0.0000000 0.0683079 0.0893158 0.2002946 0.2180038 0.1838412 0.2102068 0.1943526 
taxon13    0.3054604 0.3280430 0.3948436 0.3657880 0.3415724 0.2528842 0.2505142 0.2672253 0.2787676 0.1013580 0.0962771 0.0728419 0.0683079 0.0000000 0.0401754 0.2002177 0.2042951 0.1831063 0.2052265 0.1882638 
taxon14    0.3311275 0.3637529 0.3878003 0.3828267 0.3575740 0.2737291 0.2515924 0.2618609 0.2733041 0.1010921 0.1065053 0.0990789 0.0893158 0.0401754 0.0000000 0.2040900 0.2021856 0.1955563 0.2010261 0.1986735 
taxon15    0.3086877 0.3164499 0.4011661 0.3913290 0.3448608 0.2398404 0.2366353 0.2315370 0.2526300 0.1767415 0.1645137 0.1970712 0.2002946 0.2002177 0.2040900 0.0000000 0.0526717 0.1140201 0.1278347 0.1148445 
taxon16    0.3282960 0.3340949 0.3916591 0.3997573 0.3447901 0.2424056 0.2453771 0.2529365 0.2743789 0.1666679 0.1874020 0.2090262 0.2180038 0.2042951 0.2021856 0.0526717 0.0000000 0.1354945 0.1435626 0.1393547 
taxon17    0.3186311 0.3177126 0.3838387 0.3886051 0.3433792 0.2476786 0.2548172 0.2536741 0.2629026 0.1671075 0.1558228 0.1728333 0.1838412 0.1831063 0.1955563 0.1140201 0.1354945 0.0000000 0.0515234 0.0353263 
taxon18    0.3372788 0.3206427 0.4154714 0.4078353 0.3523188 0.2560420 0.2395495 0.2526067 0.2682433 0.1940190 0.1886677 0.1933940 0.2102068 0.2052265 0.2010261 0.1278347 0.1435626 0.0515234 0.0000000 0.0518752 
taxon19    0.3243918 0.3107799 0.3843814 0.3891525 0.3438764 0.2371599 0.2440016 0.2430798 0.2520543 0.1690847 0.1661426 0.1711251 0.1943526 0.1882638 0.1986735 0.1148445 0.1393547 0.0353263 0.0518752 0.0000000 
