20
taxon0     0.0000000 0.1402395 0.3297194 0.3582970 0.4283094 0.4214014 0.6122792 0.5194212 0.6620193 0.6461244 0.6274856 0.6115170 0.6369428 0.5732594 0.6223783 0.6972781 0.5176674 0.6715091 0.7107214 0.7275827 
taxon1     0.1402395 0.0000000 0.4000469 0.4176781 0.5712400 0.5195743 0.7839317 0.6548378 0.7511338 0.7391548 0.7215578 0.7293243 0.7569400 0.6724042 0.7689951 0.8279745 0.6206303 0.7593493 0.7827584 0.8048533 
taxon2     0.3297194 0.4000469 0.0000000 0.2065827 0.5292250 0.5197907 0.7461079 0.6445599 0.7450590 0.6797374 0.6470911 0.6979055 0.6567502 0.6417510 0.6788168 0.7215130 0.5241331 0.6861722 0.7345316 0.7663534 
taxon3     0.3582970 0.4176781 0.2065827 0.0000000 0.5448281 0.5463727 0.6957915 0.6036167 0.7783208 0.7533660 0.6763834 0.7065113 0.7233716 0.7010789 0.7419975 0.7666609 0.5986445 0.6759271 0.7844429 0.8261410 
taxon4     0.4283094 0.5712400 0.5292250 0.5448281 0.0000000 0.1483398 0.3819493 0.3012886 0.4998627 0.4679169 0.5411482 0.5504080 0.5434687 0.5144689 0.6201849 0.6342113 0.4234999 0.5757084 0.6160937 0.6492990 
taxon5     0.4214014 0.5195743 0.5197907 0.5463727 0.1483398 0.0000000 0.3895675 0.3012725 0.4768408 0.4401153 0.4744244 0.5046046 0.5373857 0.4818556 0.5736024 0.5767827 0.4046121 0.5610598 0.6011872 0.6278031 
taxon6     0.6122792 0.7839317 0.7461079 0.6957915 0.3819493 0.3895675 0.0000000 0.1258524 0.5496901 0.5035757 0.6953480 0.6949527 0.7102465 0.7400280 0.7839693 0.7782335 0.5763806 0.7519125 0.8039343 0.8669767 
taxon7     0.5194212 0.6548378 0.6445599 0.6036167 0.3012886 0.3012725 0.1258524 0.0000000 0.4805301 0.4339141 0.6141843 0.5857107 0.6349441 0.6479310 0.6943149 0.6750018 0.4963421 0.6767420 0.7095670 0.7646035 
taxon8     0.6620193 0.7511338 0.7450590 0.7783208 0.4998627 0.4768408 0.5496901 0.4805301 0.0000000 0.1411474 0.7413225 0.7850785 0.8280368 0.7086733 0.7841661 0.7667268 0.6562913 0.7979382 0.8063937 0.8067019 
taxon9     0.6461244 0.7391548 0.6797374 0.7533660 0.4679169 0.4401153 0.5035757 0.4339141 0.1411474 0.0000000 0.7692678 0.7823140 0.8008596 0.7292683 0.7783772 0.7576615 0.6283672 0.7619731 0.7903372 0.7845352 
taxon10    0.6274856 0.7215578 0.6470911 0.6763834 0.5411482 0.4744244 0.6953480 0.6141843 0.7413225 0.7692678 0.0000000 0.2163219 0.2781272 0.3351476 0.3647920 0.4104198 0.3430187 0.4242887 0.4823793 0.5212779 
taxon11    0.6115170 0.7293243 0.6979055 0.7065113 0.5504080 0.5046046 0.6949527 0.5857107 0.7850785 0.7823140 0.2163219 0.0000000 0.1281438 0.2701498 0.3507270 0.3497382 0.3093213 0.3777428 0.4239039 0.4854864 
taxon12    0.6369428 0.7569400 0.6567502 0.7233716 0.5434687 0.5373857 0.7102465 0.6349441 0.8280368 0.8008596 0.2781272 0.1281438 0.0000000 0.2833907 0.3680499 0.3959170 0.3009419 0.3956716 0.4454185 0.4959229 
taxon13    0.5732594 0.6724042 0.6417510 0.7010789 0.5144689 0.4818556 0.7400280 0.6479310 0.7086733 0.7292683 0.3351476 0.2701498 0.2833907 0.0000000 0.2374611 0.2905335 0.2849327 0.3895126 0.4174275 0.4753208 
taxon14    0.6223783 0.7689951 0.6788168 0.7419975 0.6201849 0.5736024 0.7839693 0.6943149 0.7841661 0.7783772 0.3647920 0.3507270 0.3680499 0.2374611 0.0000000 0.0977192 0.3809477 0.4779077 0.5256356 0.5757745 
taxon15    0.6972781 0.8279745 0.7215130 0.7666609 0.6342113 0.5767827 0.7782335 0.6750018 0.7667268 0.7576615 0.4104198 0.3497382 0.3959170 0.2905335 0.0977192 0.0000000 0.3963111 0.4811582 0.5289826 0.5757983 
taxon16    0.5176674 0.6206303 0.5241331 0.5986445 0.4234999 0.4046121 0.5763806 0.4963421 0.6562913 0.6283672 0.3430187 0.3093213 0.3009419 0.2849327 0.3809477 0.3963111 0.0000000 0.2392719 0.2984360 0.3241955 
taxon17    0.6715091 0.7593493 0.6861722 0.6759271 0.5757084 0.5610598 0.7519125 0.6767420 0.7979382 0.7619731 0.4242887 0.3777428 0.3956716 0.3895126 0.4779077 0.4811582 0.2392719 0.0000000 0.1813522 0.2167711 
taxon18    0.7107214 0.7827584 0.7345316 0.7844429 0.6160937 0.6011872 0.8039343 0.7095670 0.8063937 0.7903372 0.4823793 0.4239039 0.4454185 0.4174275 0.5256356 0.5289826 0.2984360 0.1813522 0.0000000 0.1100215 
taxon19    0.7275827 0.8048533 0.7663534 0.8261410 0.6492990 0.6278031 0.8669767 0.7646035 0.8067019 0.7845352 0.5212779 0.4854864 0.4959229 0.4753208 0.5757745 0.5757983 0.3241955 0.2167711 0.1100215 0.0000000 
