20
taxon0     0.0000000 0.8623229 0.8266920 0.7382282 0.6681953 0.8521346 1.0680086 0.9152854 0.9695728 0.7839396 0.7867049 1.2500803 1.6307510 1.1976338 1.7571334 1.1441069 1.2326487 1.1521389 1.2338229 1.1193283 
taxon1     0.8623229 0.0000000 1.1607303 0.9917880 0.9918861 1.3778599 1.4896143 1.4796873 1.6616822 1.3199936 1.2630978 1.5723555 2.0190785 1.7464483 2.2071177 1.6056739 1.6077967 1.7070633 1.6775493 1.7565278 
taxon2     0.8266920 1.1607303 0.0000000 0.8720319 0.7985567 1.5165924 1.5901957 1.5578436 1.6562955 1.3872584 1.3137868 1.6333173 2.0713847 1.4362757 1.8863439 1.5526993 1.5890107 1.8136854 1.7859767 1.6010791 
taxon3     0.7382282 0.9917880 0.8720319 0.0000000 0.1562200 1.4201311 1.5219046 1.4438387 1.6316495 1.3291698 1.1749945 1.5117345 1.9941621 1.5109113 2.1982251 1.7061528 1.5745479 1.6779801 1.6565089 1.4862412 
taxon4     0.6681953 0.9918861 0.7985567 0.1562200 0.0000000 1.4399265 1.3672048 1.3363859 1.4427536 1.2540681 0.9866426 1.3745739 1.9417009 1.3879335 1.9177504 1.5121858 1.4562232 1.4742530 1.4867298 1.3283315 
taxon5     0.8521346 1.3778599 1.5165924 1.4201311 1.4399265 0.0000000 0.8610741 0.6727511 1.1315791 0.7824296 0.7631529 1.0560147 1.4818132 1.1018820 1.5971238 0.9704345 1.1489109 1.6387745 1.6443989 1.5570877 
taxon6     1.0680086 1.4896143 1.5901957 1.5219046 1.3672048 0.8610741 0.0000000 0.6315849 1.2861446 0.9428955 0.9575218 1.2052647 1.6883428 1.1852914 1.4489172 1.1607126 1.1579066 1.8959503 1.9394283 1.5982937 
taxon7     0.9152854 1.4796873 1.5578436 1.4438387 1.3363859 0.6727511 0.6315849 0.0000000 1.1977444 0.9159639 0.8739331 1.1050908 1.6347085 1.1923127 1.4491019 1.1292153 1.2272671 1.7171291 1.5981792 1.4926099 
taxon8     0.9695728 1.6616822 1.6562955 1.6316495 1.4427536 1.1315791 1.2861446 1.1977444 0.0000000 0.8394006 0.8861865 1.5008790 1.8688520 1.2605868 2.1051250 1.2960937 1.2938645 1.6280766 1.9665456 1.5378643 
taxon9     0.7839396 1.3199936 1.3872584 1.3291698 1.2540681 0.7824296 0.9428955 0.9159639 0.8394006 0.0000000 0.8211412 0.9652894 1.5342681 1.0655536 1.4881167 0.8857766 1.0038530 1.4063291 1.5077074 1.1696278 
taxon10    0.7867049 1.2630978 1.3137868 1.1749945 0.9866426 0.7631529 0.9575218 0.8739331 0.8861865 0.8211412 0.0000000 0.7594650 1.1440077 0.6729958 1.1817394 0.6442511 0.8316720 1.2173398 1.3322695 1.1034055 
taxon11    1.2500803 1.5723555 1.6333173 1.5117345 1.3745739 1.0560147 1.2052647 1.1050908 1.5008790 0.9652894 0.7594650 0.0000000 1.2163556 0.7822938 1.1969711 1.0689372 1.2377080 1.5868770 1.6300886 1.5056739 
taxon12    1.6307510 2.0190785 2.0713847 1.9941621 1.9417009 1.4818132 1.6883428 1.6347085 1.8688520 1.5342681 1.1440077 1.2163556 0.0000000 0.7189507 1.1682367 1.6405106 1.8034565 2.2261835 2.2966378 1.8209292 
taxon13    1.1976338 1.7464483 1.4362757 1.5109113 1.3879335 1.1018820 1.1852914 1.1923127 1.2605868 1.0655536 0.6729958 0.7822938 0.7189507 0.0000000 0.6855568 1.0919848 1.1436356 1.5237293 1.6618882 1.4837880 
taxon14    1.7571334 2.2071177 1.8863439 2.1982251 1.9177504 1.5971238 1.4489172 1.4491019 2.1051250 1.4881167 1.1817394 1.1969711 1.1682367 0.6855568 0.0000000 1.6774334 1.9756786 1.9473218 2.4025350 1.9773155 
taxon15    1.1441069 1.6056739 1.5526993 1.7061528 1.5121858 0.9704345 1.1607126 1.1292153 1.2960937 0.8857766 0.6442511 1.0689372 1.6405106 1.0919848 1.6774334 0.0000000 0.7282779 1.8075813 1.9352501 1.8417017 
taxon16    1.2326487 1.6077967 1.5890107 1.5745479 1.4562232 1.1489109 1.1579066 1.2272671 1.2938645 1.0038530 0.8316720 1.2377080 1.8034565 1.1436356 1.9756786 0.7282779 0.0000000 1.7748150 1.9513732 1.8052787 
taxon17    1.1521389 1.7070633 1.8136854 1.6779801 1.4742530 1.6387745 1.8959503 1.7171291 1.6280766 1.4063291 1.2173398 1.5868770 2.2261835 1.5237293 1.9473218 1.8075813 1.7748150 0.0000000 1.0461636 0.8243324 
taxon18    1.2338229 1.6775493 1.7859767 1.6565089 1.4867298 1.6443989 1.9394283 1.5981792 1.9665456 1.5077074 1.3322695 1.6300886 2.2966378 1.6618882 2.4025350 1.9352501 1.9513732 1.0461636 0.0000000 0.6012343 
taxon19    1.1193283 1.7565278 1.6010791 1.4862412 1.3283315 1.5570877 1.5982937 1.4926099 1.5378643 1.1696278 1.1034055 1.5056739 1.8209292 1.4837880 1.9773155 1.8417017 1.8052787 0.8243324 0.6012343 0.0000000 
