20
taxon0     0.0000000 0.1274535 0.4044408 0.4483269 0.5021278 0.4460736 0.6880343 0.6928023 0.7253052 0.6620089 0.6631676 0.6313563 0.8023077 0.7090322 0.7424187 0.6539162 0.6427312 0.6739103 0.7332313 0.7397646 
taxon1     0.1274535 0.0000000 0.4242924 0.4486997 0.4672117 0.4070903 0.7250625 0.7005523 0.7149392 0.6239095 0.6594635 0.6207387 0.8126299 0.6975991 0.7007107 0.6694956 0.6411631 0.6697783 0.7010904 0.7143493 
taxon2     0.4044408 0.4242924 0.0000000 0.1224374 0.1952769 0.1660399 0.4409387 0.4608233 0.4495561 0.4423398 0.4400432 0.4392683 0.5654487 0.4532503 0.4651923 0.4169818 0.4127298 0.4058521 0.4076831 0.4091773 
taxon3     0.4483269 0.4486997 0.1224374 0.0000000 0.1754979 0.1537752 0.4714292 0.4504546 0.4733816 0.4659601 0.4528963 0.4403323 0.5934737 0.4924546 0.4894177 0.4473253 0.4463003 0.4434131 0.4517564 0.4676233 
taxon4     0.5021278 0.4672117 0.1952769 0.1754979 0.0000000 0.1485546 0.4710537 0.4429106 0.5160873 0.4603630 0.4654116 0.4760520 0.5823419 0.4753475 0.4490008 0.4331494 0.4756453 0.4575331 0.4594513 0.4606565 
taxon5     0.4460736 0.4070903 0.1660399 0.1537752 0.1485546 0.0000000 0.4971980 0.4169565 0.5198647 0.4807579 0.4540061 0.4393774 0.5594012 0.4855430 0.4572109 0.4400998 0.4408845 0.4548254 0.4676090 0.4844702 
taxon6     0.6880343 0.7250625 0.4409387 0.4714292 0.4710537 0.4971980 0.0000000 0.1181558 0.1988006 0.1589574 0.1850094 0.1633531 0.2292501 0.2039020 0.2028606 0.1433121 0.1668716 0.2061647 0.1957295 0.1963428 
taxon7     0.6928023 0.7005523 0.4608233 0.4504546 0.4429106 0.4169565 0.1181558 0.0000000 0.2148499 0.1611298 0.1699909 0.1423885 0.2409595 0.1894815 0.1813614 0.1462044 0.1698991 0.1872330 0.2007001 0.2187097 
taxon8     0.7253052 0.7149392 0.4495561 0.4733816 0.5160873 0.5198647 0.1988006 0.2148499 0.0000000 0.1074840 0.1503236 0.1325333 0.2927698 0.2234848 0.2074056 0.1811328 0.2088183 0.2263907 0.2263737 0.2414616 
taxon9     0.6620089 0.6239095 0.4423398 0.4659601 0.4603630 0.4807579 0.1589574 0.1611298 0.1074840 0.0000000 0.0963740 0.0770525 0.2700255 0.2102264 0.2065073 0.1785822 0.1764777 0.1990335 0.1935014 0.2053524 
taxon10    0.6631676 0.6594635 0.4400432 0.4528963 0.4654116 0.4540061 0.1850094 0.1699909 0.1503236 0.0963740 0.0000000 0.0801421 0.2439767 0.1752472 0.1796759 0.1576063 0.1564780 0.1833305 0.1829827 0.1944641 
taxon11    0.6313563 0.6207387 0.4392683 0.4403323 0.4760520 0.4393774 0.1633531 0.1423885 0.1325333 0.0770525 0.0801421 0.0000000 0.2529294 0.1971810 0.1890259 0.1466187 0.1426191 0.1763692 0.2046890 0.2157246 
taxon12    0.8023077 0.8126299 0.5654487 0.5934737 0.5823419 0.5594012 0.2292501 0.2409595 0.2927698 0.2700255 0.2439767 0.2529294 0.0000000 0.1705847 0.2467797 0.1603301 0.2026406 0.2325412 0.2360397 0.2367400 
taxon13    0.7090322 0.6975991 0.4532503 0.4924546 0.4753475 0.4855430 0.2039020 0.1894815 0.2234848 0.2102264 0.1752472 0.1971810 0.1705847 0.0000000 0.1564390 0.0977418 0.1627836 0.1557513 0.1536091 0.1647490 
taxon14    0.7424187 0.7007107 0.4651923 0.4894177 0.4490008 0.4572109 0.2028606 0.1813614 0.2074056 0.2065073 0.1796759 0.1890259 0.2467797 0.1564390 0.0000000 0.0861088 0.1721427 0.1552105 0.2054267 0.2165581 
taxon15    0.6539162 0.6694956 0.4169818 0.4473253 0.4331494 0.4400998 0.1433121 0.1462044 0.1811328 0.1785822 0.1576063 0.1466187 0.1603301 0.0977418 0.0861088 0.0000000 0.1070008 0.1016341 0.1450033 0.1446049 
taxon16    0.6427312 0.6411631 0.4127298 0.4463003 0.4756453 0.4408845 0.1668716 0.1698991 0.2088183 0.1764777 0.1564780 0.1426191 0.2026406 0.1627836 0.1721427 0.1070008 0.0000000 0.0793939 0.1057854 0.1217254 
taxon17    0.6739103 0.6697783 0.4058521 0.4434131 0.4575331 0.4548254 0.2061647 0.1872330 0.2263907 0.1990335 0.1833305 0.1763692 0.2325412 0.1557513 0.1552105 0.1016341 0.0793939 0.0000000 0.1103437 0.1262455 
taxon18    0.7332313 0.7010904 0.4076831 0.4517564 0.4594513 0.4676090 0.1957295 0.2007001 0.2263737 0.1935014 0.1829827 0.2046890 0.2360397 0.1536091 0.2054267 0.1450033 0.1057854 0.1103437 0.0000000 0.0385234 
taxon19    0.7397646 0.7143493 0.4091773 0.4676233 0.4606565 0.4844702 0.1963428 0.2187097 0.2414616 0.2053524 0.1944641 0.2157246 0.2367400 0.1647490 0.2165581 0.1446049 0.1217254 0.1262455 0.0385234 0.0000000 
