20
taxon0     0.0000000 0.4100084 0.5364662 0.4392779 0.6918079 1.3203303 1.1619992 1.6242370 1.6071436 1.7824546 1.2125923 1.5949181 1.2937059 1.7149914 1.7144901 1.3366610 1.6106791 1.9759214 1.0614415 1.0774573 
taxon1     0.4100084 0.0000000 0.6666313 0.5167493 0.6555023 1.4971092 1.2443246 1.5984682 1.9262252 1.9579476 1.3200913 1.7854391 1.4794071 1.5579626 1.5524370 1.5857464 1.6218261 1.9707195 1.2857283 1.2784320 
taxon2     0.5364662 0.6666313 0.0000000 0.2324696 0.6737807 1.5691297 1.2398271 1.6246451 1.8679447 1.9157925 1.3204668 1.5829112 1.3720292 1.7168353 1.6726078 1.4549639 1.7212799 2.0927484 1.1009471 1.2606332 
taxon3     0.4392779 0.5167493 0.2324696 0.0000000 0.5339894 1.3510263 1.0639458 1.5383681 1.7339198 1.7759100 1.1860229 1.5696222 1.3285730 1.5740112 1.5557770 1.4171133 1.6076797 1.9289018 1.1266804 1.2047906 
taxon4     0.6918079 0.6555023 0.6737807 0.5339894 0.0000000 1.6575244 1.5253300 2.0748965 2.7320768 2.7927705 1.7658206 2.0519661 1.8429681 1.7431722 1.7598869 1.8787073 2.1360381 2.9545808 1.5051060 1.6066390 
taxon5     1.3203303 1.4971092 1.5691297 1.3510263 1.6575244 0.0000000 0.3656024 0.9715703 1.1936089 1.2538773 0.8375341 1.0464041 0.8471705 2.0687599 2.1683951 1.9599907 2.1618816 2.3981537 1.6643356 1.7319163 
taxon6     1.1619992 1.2443246 1.2398271 1.0639458 1.5253300 0.3656024 0.0000000 0.7558912 1.0143244 0.9519596 0.6574997 0.8302879 0.6532094 1.6978886 1.8165609 1.7204653 1.7984836 2.1408921 1.5895231 1.5633963 
taxon7     1.6242370 1.5984682 1.6246451 1.5383681 2.0748965 0.9715703 0.7558912 0.0000000 0.7200637 0.5787636 0.6071060 0.7942545 0.6596478 2.6650093 2.3870717 1.8625382 2.1792977 2.3202805 1.6852128 1.9842593 
taxon8     1.6071436 1.9262252 1.8679447 1.7339198 2.7320768 1.1936089 1.0143244 0.7200637 0.0000000 0.2647223 0.8290617 0.9969038 0.8766793 2.9968378 2.8845995 2.3339448 2.5192456 2.5371854 2.2350958 2.2415653 
taxon9     1.7824546 1.9579476 1.9157925 1.7759100 2.7927705 1.2538773 0.9519596 0.5787636 0.2647223 0.0000000 0.7968265 0.9312072 0.8462702 2.9540522 2.6695637 2.2727750 2.6733115 2.7209293 2.4859110 2.4488394 
taxon10    1.2125923 1.3200913 1.3204668 1.1860229 1.7658206 0.8375341 0.6574997 0.6071060 0.8290617 0.7968265 0.0000000 0.3538196 0.2253194 2.0882013 2.1701979 1.8355330 1.9690492 2.0881188 1.6085305 1.8885058 
taxon11    1.5949181 1.7854391 1.5829112 1.5696222 2.0519661 1.0464041 0.8302879 0.7942545 0.9969038 0.9312072 0.3538196 0.0000000 0.1342837 3.0287399 2.9883864 2.4572793 2.6788394 3.0759511 2.0983034 2.0932914 
taxon12    1.2937059 1.4794071 1.3720292 1.3285730 1.8429681 0.8471705 0.6532094 0.6596478 0.8766793 0.8462702 0.2253194 0.1342837 0.0000000 2.5598517 2.7272599 1.8983571 2.2080769 2.4744990 1.7006249 1.8326708 
taxon13    1.7149914 1.5579626 1.7168353 1.5740112 1.7431722 2.0687599 1.6978886 2.6650093 2.9968378 2.9540522 2.0882013 3.0287399 2.5598517 0.0000000 0.2893594 1.1376025 0.9976889 1.3225974 1.2981468 1.3357208 
taxon14    1.7144901 1.5524370 1.6726078 1.5557770 1.7598869 2.1683951 1.8165609 2.3870717 2.8845995 2.6695637 2.1701979 2.9883864 2.7272599 0.2893594 0.0000000 1.1802658 1.0675186 1.3553368 1.2847454 1.4151586 
taxon15    1.3366610 1.5857464 1.4549639 1.4171133 1.8787073 1.9599907 1.7204653 1.8625382 2.3339448 2.2727750 1.8355330 2.4572793 1.8983571 1.1376025 1.1802658 0.0000000 0.7225757 0.8867481 1.0104638 1.1262764 
taxon16    1.6106791 1.6218261 1.7212799 1.6076797 2.1360381 2.1618816 1.7984836 2.1792977 2.5192456 2.6733115 1.9690492 2.6788394 2.2080769 0.9976889 1.0675186 0.7225757 0.0000000 0.3443866 1.1122974 1.1086273 
taxon17    1.9759214 1.9707195 2.0927484 1.9289018 2.9545808 2.3981537 2.1408921 2.3202805 2.5371854 2.7209293 2.0881188 3.0759511 2.4744990 1.3225974 1.3553368 0.8867481 0.3443866 0.0000000 1.2947277 1.3481721 
taxon18    1.0614415 1.2857283 1.1009471 1.1266804 1.5051060 1.6643356 1.5895231 1.6852128 2.2350958 2.4859110 1.6085305 2.0983034 1.7006249 1.2981468 1.2847454 1.0104638 1.1122974 1.2947277 0.0000000 0.4645351 
taxon19    1.0774573 1.2784320 1.2606332 1.2047906 1.6066390 1.7319163 1.5633963 1.9842593 2.2415653 2.4488394 1.8885058 2.0932914 1.8326708 1.3357208 1.4151586 1.1262764 1.1086273 1.3481721 0.4645351 0.0000000 
