20
taxon0     0.0000000 0.1502583 0.4953721 0.4533096 0.5127628 0.7900554 0.8055976 0.7896504 0.8717603 0.8186731 0.7656310 0.9040554 0.8421365 0.7464381 0.8408072 0.8305736 0.8637829 0.8442884 0.8286410 0.7988049 
taxon1     0.1502583 0.0000000 0.4219749 0.3794694 0.4633437 0.6769010 0.7088914 0.7151996 0.7907544 0.7678316 0.6889441 0.8038389 0.7459336 0.6810204 0.7586418 0.7552832 0.7761044 0.7805414 0.7507593 0.7212304 
taxon2     0.4953721 0.4219749 0.0000000 0.2648893 0.3107555 0.6803560 0.7168359 0.7849948 0.8013802 0.7419322 0.6895482 0.7950104 0.7062242 0.7226609 0.7887560 0.7929707 0.8409295 0.8712455 0.7536598 0.7957492 
taxon3     0.4533096 0.3794694 0.2648893 0.0000000 0.1216992 0.6404058 0.6842420 0.7445081 0.8128094 0.7303899 0.6979122 0.7969986 0.6965333 0.7381865 0.7864448 0.8085186 0.7860054 0.7677080 0.7338206 0.7745481 
taxon4     0.5127628 0.4633437 0.3107555 0.1216992 0.0000000 0.7122363 0.7714327 0.8211185 0.8662785 0.7870740 0.7374610 0.8807901 0.7694667 0.7647066 0.8366864 0.8374867 0.8551620 0.8154640 0.7819720 0.8050200 
taxon5     0.7900554 0.6769010 0.6803560 0.6404058 0.7122363 0.0000000 0.2617408 0.3590293 0.3423278 0.5747858 0.5524101 0.6199254 0.5862316 0.6120091 0.7434310 0.7331198 0.6157183 0.6584190 0.5289587 0.5748066 
taxon6     0.8055976 0.7088914 0.7168359 0.6842420 0.7714327 0.2617408 0.0000000 0.2060224 0.2130224 0.6146353 0.5587285 0.6387271 0.5931792 0.6501117 0.6931070 0.7206891 0.6659289 0.7017474 0.5992477 0.6438578 
taxon7     0.7896504 0.7151996 0.7849948 0.7445081 0.8211185 0.3590293 0.2060224 0.0000000 0.2023233 0.6553771 0.6400237 0.6671305 0.6435510 0.6715927 0.7010588 0.7930504 0.6744153 0.7207736 0.6019508 0.6297915 
taxon8     0.8717603 0.7907544 0.8013802 0.8128094 0.8662785 0.3423278 0.2130224 0.2023233 0.0000000 0.6556539 0.6241026 0.7103257 0.6414480 0.6391589 0.7850675 0.7619289 0.7177908 0.7380253 0.6611683 0.6898951 
taxon9     0.8186731 0.7678316 0.7419322 0.7303899 0.7870740 0.5747858 0.6146353 0.6553771 0.6556539 0.0000000 0.2862401 0.3468545 0.5415438 0.5795756 0.7491817 0.7446002 0.6399127 0.6614796 0.5412130 0.5748006 
taxon10    0.7656310 0.6889441 0.6895482 0.6979122 0.7374610 0.5524101 0.5587285 0.6400237 0.6241026 0.2862401 0.0000000 0.1886174 0.5530358 0.5382549 0.7134768 0.6646933 0.6340228 0.6607832 0.5792420 0.6038461 
taxon11    0.9040554 0.8038389 0.7950104 0.7969986 0.8807901 0.6199254 0.6387271 0.6671305 0.7103257 0.3468545 0.1886174 0.0000000 0.6000705 0.6354741 0.7352649 0.6984992 0.7322697 0.7367244 0.6287928 0.6706830 
taxon12    0.8421365 0.7459336 0.7062242 0.6965333 0.7694667 0.5862316 0.5931792 0.6435510 0.6414480 0.5415438 0.5530358 0.6000705 0.0000000 0.2665843 0.3485427 0.3867073 0.4276655 0.4806022 0.3323633 0.3760500 
taxon13    0.7464381 0.6810204 0.7226609 0.7381865 0.7647066 0.6120091 0.6501117 0.6715927 0.6391589 0.5795756 0.5382549 0.6354741 0.2665843 0.0000000 0.2784170 0.2813552 0.4537042 0.5120469 0.3860827 0.4226251 
taxon14    0.8408072 0.7586418 0.7887560 0.7864448 0.8366864 0.7434310 0.6931070 0.7010588 0.7850675 0.7491817 0.7134768 0.7352649 0.3485427 0.2784170 0.0000000 0.1692903 0.5602676 0.6140428 0.4827096 0.4989266 
taxon15    0.8305736 0.7552832 0.7929707 0.8085186 0.8374867 0.7331198 0.7206891 0.7930504 0.7619289 0.7446002 0.6646933 0.6984992 0.3867073 0.2813552 0.1692903 0.0000000 0.5562383 0.6059736 0.5126278 0.5260966 
taxon16    0.8637829 0.7761044 0.8409295 0.7860054 0.8551620 0.6157183 0.6659289 0.6744153 0.7177908 0.6399127 0.6340228 0.7322697 0.4276655 0.4537042 0.5602676 0.5562383 0.0000000 0.1662519 0.2376711 0.2887877 
taxon17    0.8442884 0.7805414 0.8712455 0.7677080 0.8154640 0.6584190 0.7017474 0.7207736 0.7380253 0.6614796 0.6607832 0.7367244 0.4806022 0.5120469 0.6140428 0.6059736 0.1662519 0.0000000 0.3035674 0.3450561 
taxon18    0.8286410 0.7507593 0.7536598 0.7338206 0.7819720 0.5289587 0.5992477 0.6019508 0.6611683 0.5412130 0.5792420 0.6287928 0.3323633 0.3860827 0.4827096 0.5126278 0.2376711 0.3035674 0.0000000 0.0609889 
taxon19    0.7988049 0.7212304 0.7957492 0.7745481 0.8050200 0.5748066 0.6438578 0.6297915 0.6898951 0.5748006 0.6038461 0.6706830 0.3760500 0.4226251 0.4989266 0.5260966 0.2887877 0.3450561 0.0609889 0.0000000 
