20
taxon0     0.0000000 0.0233122 0.0475246 0.0674116 0.0376026 0.0375831 0.0376866 0.0429129 0.0767012 0.0834830 0.0924314 0.0928735 0.2355388 0.2487127 0.2467836 0.2381387 0.2367721 0.2491113 0.2364456 0.2561637 
taxon1     0.0233122 0.0000000 0.0523286 0.0921183 0.0518998 0.0518727 0.0520169 0.0574312 0.0914423 0.1086834 0.0973782 0.1079031 0.2474431 0.2486584 0.2467291 0.2380862 0.2249857 0.2490570 0.2363937 0.2561079 
taxon2     0.0475246 0.0523286 0.0000000 0.0378033 0.0188173 0.0188075 0.0188591 0.0188299 0.0871022 0.1043298 0.0930324 0.1035737 0.2283941 0.2452293 0.2432559 0.2345933 0.2332367 0.2456352 0.2329141 0.2371564 
taxon3     0.0674116 0.0921183 0.0378033 0.0000000 0.0477971 0.0477718 0.0432004 0.0478444 0.1133980 0.1105219 0.1346265 0.1241946 0.2666357 0.2834414 0.2821643 0.2728351 0.2709637 0.2837910 0.2832065 0.2747488 
taxon4     0.0376026 0.0518998 0.0188173 0.0477971 0.0000000 0.0092994 0.0093245 0.0189749 0.0765817 0.0934034 0.0824119 0.0828052 0.2300572 0.2432815 0.2413029 0.2327159 0.2313777 0.2436875 0.2310602 0.2507141 
taxon5     0.0375831 0.0518727 0.0188075 0.0477718 0.0092994 0.0000000 0.0093197 0.0189650 0.0765409 0.0933523 0.0922342 0.0926743 0.2299097 0.2431265 0.2411479 0.2325682 0.2312317 0.2435325 0.2309147 0.2505536 
taxon6     0.0376866 0.0520169 0.0188591 0.0432004 0.0093245 0.0093197 0.0000000 0.0190174 0.0718530 0.0885838 0.0925015 0.0929442 0.2307164 0.2439759 0.2368418 0.2333764 0.2320307 0.2443822 0.2317111 0.2514342 
taxon7     0.0429129 0.0574312 0.0188299 0.0478444 0.0189749 0.0189650 0.0190174 0.0000000 0.0878609 0.1052610 0.0937542 0.0942085 0.2235172 0.2400880 0.2504571 0.2416585 0.2281064 0.2405015 0.2277917 0.2320618 
taxon8     0.0767012 0.0914423 0.0871022 0.1133980 0.0765817 0.0765409 0.0718530 0.0878609 0.0000000 0.0282800 0.0569911 0.0572596 0.2247385 0.2380074 0.2424834 0.2389336 0.2253557 0.2384201 0.2258350 0.2454185 
taxon9     0.0834830 0.1086834 0.1043298 0.1105219 0.0934034 0.0933523 0.0885838 0.1052610 0.0282800 0.0000000 0.0669750 0.0672921 0.2354345 0.2363997 0.2531728 0.2495069 0.2238503 0.2368116 0.2363410 0.2437542 
taxon10    0.0924314 0.0973782 0.0930324 0.1346265 0.0824119 0.0922342 0.0925015 0.0937542 0.0569911 0.0669750 0.0000000 0.0185722 0.2298583 0.2193320 0.2541705 0.2454061 0.2313909 0.2327658 0.2202363 0.2397280 
taxon11    0.0928735 0.1079031 0.1035737 0.1241946 0.0828052 0.0926743 0.0929442 0.0942085 0.0572596 0.0672921 0.0185722 0.0000000 0.2430350 0.2439974 0.2798739 0.2707366 0.2444041 0.2577765 0.2449260 0.2649373 
taxon12    0.2355388 0.2474431 0.2283941 0.2666357 0.2300572 0.2299097 0.2307164 0.2235172 0.2247385 0.2354345 0.2298583 0.2430350 0.0000000 0.0289850 0.0538370 0.0437490 0.0791732 0.0591604 0.0590471 0.0635826 
taxon13    0.2487127 0.2486584 0.2452293 0.2834414 0.2432815 0.2431265 0.2439759 0.2400880 0.2380074 0.2363997 0.2193320 0.2439974 0.0289850 0.0000000 0.0531515 0.0431910 0.0682259 0.0386182 0.0483919 0.0536814 
taxon14    0.2467836 0.2467291 0.2432559 0.2821643 0.2413029 0.2411479 0.2368418 0.2504571 0.2424834 0.2531728 0.2541705 0.2798739 0.0538370 0.0531515 0.0000000 0.0190434 0.0587509 0.0541108 0.0539321 0.0695109 
taxon15    0.2381387 0.2380862 0.2345933 0.2728351 0.2327159 0.2325682 0.2333764 0.2416585 0.2389336 0.2495069 0.2454061 0.2707366 0.0437490 0.0431910 0.0190434 0.0000000 0.0631805 0.0532755 0.0531031 0.0684492 
taxon16    0.2367721 0.2249857 0.2332367 0.2709637 0.2313777 0.2312317 0.2320307 0.2281064 0.2253557 0.2238503 0.2313909 0.2444041 0.0791732 0.0682259 0.0587509 0.0631805 0.0000000 0.0334499 0.0430532 0.0482375 
taxon17    0.2491113 0.2490570 0.2456352 0.2837910 0.2436875 0.2435325 0.2443822 0.2405015 0.2384201 0.2368116 0.2327658 0.2577765 0.0591604 0.0386182 0.0541108 0.0532755 0.0334499 0.0000000 0.0189201 0.0238519 
taxon18    0.2364456 0.2363937 0.2329141 0.2832065 0.2310602 0.2309147 0.2317111 0.2277917 0.2258350 0.2363410 0.2202363 0.2449260 0.0590471 0.0483919 0.0539321 0.0531031 0.0430532 0.0189201 0.0000000 0.0142372 
taxon19    0.2561637 0.2561079 0.2371564 0.2747488 0.2507141 0.2505536 0.2514342 0.2320618 0.2454185 0.2437542 0.2397280 0.2649373 0.0635826 0.0536814 0.0695109 0.0684492 0.0482375 0.0238519 0.0142372 0.0000000 
