20
taxon0     0.0000000 0.0249208 0.0611091 0.0506753 0.1357733 0.1797518 0.1588788 0.1730083 0.1665731 0.2039013 0.1975858 0.1921118 0.2107190 0.1782361 0.1909229 0.1927515 0.1794258 0.2021036 0.2135284 0.1973334 
taxon1     0.0249208 0.0000000 0.0455686 0.0456355 0.1529442 0.1851822 0.1415784 0.1668200 0.1604403 0.1734632 0.1673183 0.1619859 0.1801229 0.1547544 0.1671365 0.1687761 0.1557708 0.1906165 0.1895248 0.1734061 
taxon2     0.0611091 0.0455686 0.0000000 0.0199210 0.1541350 0.1545237 0.1532937 0.1731130 0.1666724 0.1617660 0.1556750 0.1619682 0.1683736 0.1669519 0.1674636 0.1691095 0.1680615 0.1909365 0.1777752 0.1857399 
taxon3     0.0506753 0.0456355 0.0199210 0.0000000 0.1423898 0.1666544 0.1535276 0.1733794 0.1669284 0.1740758 0.1679057 0.1742562 0.1807625 0.1672085 0.1677217 0.1693719 0.1683214 0.2031025 0.2022432 0.1983117 
taxon4     0.1357733 0.1529442 0.1541350 0.1423898 0.0000000 0.0509264 0.0550555 0.0611595 0.0557888 0.0717444 0.0664018 0.0827554 0.0883512 0.0878392 0.0771032 0.0779029 0.0773418 0.1152105 0.1197713 0.1041444 
taxon5     0.1797518 0.1851822 0.1545237 0.1666544 0.0509264 0.0000000 0.0761786 0.0600371 0.0652863 0.0827855 0.0773635 0.0888560 0.0761865 0.0972596 0.0865556 0.0874339 0.0993652 0.1382510 0.1313522 0.1156083 
taxon6     0.1588788 0.1415784 0.1532937 0.1535276 0.0550555 0.0761786 0.0000000 0.0299198 0.0248131 0.0453548 0.0300211 0.0559775 0.0613606 0.0505864 0.0505588 0.0510980 0.0403792 0.0770499 0.0711260 0.0558474 
taxon7     0.1730083 0.1668200 0.1731130 0.1733794 0.0611595 0.0600371 0.0299198 0.0000000 0.0146573 0.0617235 0.0564002 0.0726818 0.0555364 0.0605127 0.0553792 0.0559631 0.0618802 0.0996539 0.0988335 0.0777758 
taxon8     0.1665731 0.1604403 0.1666724 0.1669284 0.0557888 0.0652863 0.0248131 0.0146573 0.0000000 0.0563055 0.0510244 0.0671696 0.0608073 0.0551975 0.0500971 0.0506274 0.0564494 0.0939521 0.0931808 0.0722422 
taxon9     0.2039013 0.1734632 0.1617660 0.1740758 0.0717444 0.0827855 0.0453548 0.0617235 0.0563055 0.0000000 0.0146903 0.0460515 0.0514157 0.0557071 0.0453460 0.0458322 0.0454783 0.0822257 0.0761858 0.0609544 
taxon10    0.1975858 0.1673183 0.1556750 0.1679057 0.0664018 0.0773635 0.0300211 0.0564002 0.0510244 0.0146903 0.0000000 0.0408071 0.0461305 0.0504814 0.0401790 0.0406122 0.0402949 0.0768412 0.0605241 0.0556976 
taxon11    0.1921118 0.1619859 0.1619682 0.1742562 0.0827554 0.0888560 0.0559775 0.0726818 0.0671696 0.0460515 0.0408071 0.0000000 0.0251044 0.0617914 0.0512444 0.0404175 0.0401031 0.0761823 0.0702733 0.0552039 
taxon12    0.2107190 0.1801229 0.1683736 0.1807625 0.0883512 0.0761865 0.0613606 0.0555364 0.0608073 0.0514157 0.0461305 0.0251044 0.0000000 0.0555421 0.0452102 0.0456937 0.0568084 0.0816594 0.0756598 0.0605186 
taxon13    0.1782361 0.1547544 0.1669519 0.1672085 0.0878392 0.0972596 0.0505864 0.0605127 0.0551975 0.0557071 0.0504814 0.0617914 0.0555421 0.0000000 0.0195032 0.0197151 0.0199737 0.0662682 0.0602703 0.0453653 
taxon14    0.1909229 0.1671365 0.1674636 0.1677217 0.0771032 0.0865556 0.0505588 0.0553792 0.0500971 0.0453460 0.0401790 0.0512444 0.0452102 0.0195032 0.0000000 0.0098071 0.0199614 0.0662346 0.0604335 0.0453401 
taxon15    0.1927515 0.1687761 0.1691095 0.1693719 0.0779029 0.0874339 0.0510980 0.0559631 0.0506274 0.0458322 0.0406122 0.0404175 0.0456937 0.0197151 0.0098071 0.0000000 0.0098364 0.0669272 0.0610643 0.0458257 
taxon16    0.1794258 0.1557708 0.1680615 0.1683214 0.0773418 0.0993652 0.0403792 0.0618802 0.0564494 0.0454783 0.0402949 0.0401031 0.0568084 0.0199737 0.0199614 0.0098364 0.0000000 0.0559630 0.0606131 0.0352124 
taxon17    0.2021036 0.1906165 0.1909365 0.2031025 0.1152105 0.1382510 0.0770499 0.0996539 0.0939521 0.0822257 0.0768412 0.0761823 0.0816594 0.0662682 0.0662346 0.0669272 0.0559630 0.0000000 0.0341515 0.0195022 
taxon18    0.2135284 0.1895248 0.1777752 0.2022432 0.1197713 0.1313522 0.0711260 0.0988335 0.0931808 0.0761858 0.0605241 0.0702733 0.0756598 0.0602703 0.0604335 0.0610643 0.0606131 0.0341515 0.0000000 0.0242117 
taxon19    0.1973334 0.1734061 0.1857399 0.1983117 0.1041444 0.1156083 0.0558474 0.0777758 0.0722422 0.0609544 0.0556976 0.0552039 0.0605186 0.0453653 0.0453401 0.0458257 0.0352124 0.0195022 0.0242117 0.0000000 
