20
taxon0     0.0000000 0.0283812 0.0526705 0.0577668 0.0681257 0.0532360 0.2962985 0.2759636 0.2943324 0.2920341 0.3025250 0.2931063 0.2771208 0.2784263 0.2765404 0.3093833 0.3055628 0.3117156 0.3002123 0.2624849 
taxon1     0.0283812 0.0000000 0.0529624 0.0577750 0.0629380 0.0581979 0.2851225 0.2768287 0.2832214 0.2681917 0.2782875 0.2687925 0.2658355 0.2736596 0.2582025 0.2846086 0.2810779 0.2871730 0.2757538 0.2389001 
taxon2     0.0526705 0.0529624 0.0000000 0.0187866 0.0379621 0.0331153 0.3171858 0.3085484 0.3150780 0.2995389 0.3101854 0.3007619 0.2967620 0.2774154 0.2755457 0.3172355 0.3133119 0.3195013 0.3154003 0.2968452 
taxon3     0.0577668 0.0577750 0.0187866 0.0000000 0.0331691 0.0478669 0.3235900 0.3027121 0.3214384 0.3117697 0.3226334 0.3071283 0.2969753 0.2979261 0.2820693 0.3299696 0.3197469 0.3321189 0.3213417 0.3026728 
taxon4     0.0681257 0.0629380 0.0379621 0.0331691 0.0000000 0.0140604 0.3112796 0.2979472 0.3092071 0.2996940 0.3103473 0.2948733 0.2901352 0.2640172 0.2632337 0.3174031 0.3073692 0.3196680 0.3001271 0.2970010 
taxon5     0.0532360 0.0581979 0.0331153 0.0478669 0.0140604 0.0000000 0.3120381 0.2986735 0.3099569 0.2944546 0.3050440 0.2955806 0.2848618 0.2453776 0.2580055 0.3119962 0.3081244 0.3143167 0.2947935 0.2917023 
taxon6     0.2962985 0.2851225 0.3171858 0.3235900 0.3112796 0.3120381 0.0000000 0.0237383 0.0094626 0.0432672 0.0483911 0.0544675 0.0688644 0.0896248 0.0850507 0.0639224 0.0633685 0.0784105 0.0892366 0.0640787 
taxon7     0.2759636 0.2768287 0.3085484 0.3027121 0.2979472 0.2986735 0.0237383 0.0000000 0.0141074 0.0477830 0.0529055 0.0590331 0.0684678 0.0840291 0.0744591 0.0692317 0.0686302 0.0837862 0.0947348 0.0794781 
taxon8     0.2943324 0.2832214 0.3150780 0.3214384 0.3092071 0.3099569 0.0094626 0.0141074 0.0000000 0.0333288 0.0383389 0.0441512 0.0584493 0.0838659 0.0743147 0.0641918 0.0636325 0.0787368 0.0896088 0.0643494 
taxon9     0.2920341 0.2681917 0.2995389 0.3117697 0.2996940 0.2944546 0.0432672 0.0477830 0.0333288 0.0000000 0.0096044 0.0393620 0.0542274 0.0745178 0.0635598 0.0547297 0.0643707 0.0693841 0.0802059 0.0537262 
taxon10    0.3025250 0.2782875 0.3101854 0.3226334 0.3103473 0.3050440 0.0483911 0.0529055 0.0383389 0.0096044 0.0000000 0.0290507 0.0436687 0.0740086 0.0695151 0.0543287 0.0639166 0.0689026 0.0796638 0.0595290 
taxon11    0.2931063 0.2687925 0.3007619 0.3071283 0.2948733 0.2955806 0.0544675 0.0590331 0.0441512 0.0393620 0.0290507 0.0000000 0.0442170 0.0646704 0.0600894 0.0448873 0.0601200 0.0698930 0.0808086 0.0603998 
taxon12    0.2771208 0.2658355 0.2967620 0.2969753 0.2901352 0.2848618 0.0688644 0.0684678 0.0584493 0.0542274 0.0436687 0.0442170 0.0000000 0.0487182 0.0441352 0.0807153 0.0904066 0.0955279 0.0909113 0.0755682 
taxon13    0.2784263 0.2736596 0.2774154 0.2979261 0.2640172 0.2453776 0.0896248 0.0840291 0.0838659 0.0745178 0.0740086 0.0646704 0.0487182 0.0000000 0.0243422 0.0808688 0.0905754 0.0957050 0.0905525 0.0966667 
taxon14    0.2765404 0.2582025 0.2755457 0.2820693 0.2632337 0.2580055 0.0850507 0.0744591 0.0743147 0.0635598 0.0695151 0.0600894 0.0441352 0.0243422 0.0000000 0.0649870 0.0860845 0.0912371 0.0973225 0.0802102 
taxon15    0.3093833 0.2846086 0.3172355 0.3299696 0.3174031 0.3119962 0.0639224 0.0692317 0.0641918 0.0547297 0.0543287 0.0448873 0.0807153 0.0808688 0.0649870 0.0000000 0.0388552 0.0437552 0.0540977 0.0441980 
taxon16    0.3055628 0.2810779 0.3133119 0.3197469 0.3073692 0.3081244 0.0633685 0.0686302 0.0636325 0.0643707 0.0639166 0.0601200 0.0904066 0.0905754 0.0860845 0.0388552 0.0000000 0.0141768 0.0534651 0.0436791 
taxon17    0.3117156 0.2871730 0.3195013 0.3321189 0.3196680 0.3143167 0.0784105 0.0837862 0.0787368 0.0693841 0.0689026 0.0698930 0.0955279 0.0957050 0.0912371 0.0437552 0.0141768 0.0000000 0.0485503 0.0485799 
taxon18    0.3002123 0.2757538 0.3154003 0.3213417 0.3001271 0.2947935 0.0892366 0.0947348 0.0896088 0.0802059 0.0796638 0.0808086 0.0909113 0.0905525 0.0973225 0.0540977 0.0534651 0.0485503 0.0000000 0.0488624 
taxon19    0.2624849 0.2389001 0.2968452 0.3026728 0.2970010 0.2917023 0.0640787 0.0794781 0.0643494 0.0537262 0.0595290 0.0603998 0.0755682 0.0966667 0.0802102 0.0441980 0.0436791 0.0485799 0.0488624 0.0000000 
