19
taxon0     0.0000000 0.0245805 0.0246913 0.0196363 0.1603479 0.1464927 0.1519408 0.1513362 0.1635356 0.1793262 0.1781632 0.1728201 0.1728201 0.1582222 0.1536300 0.1587730 0.1587730 0.1594880 0.1646489 
taxon1     0.0245805 0.0000000 0.0298940 0.0247639 0.1617279 0.1537164 0.1592128 0.1585731 0.1709396 0.1808678 0.1863854 0.1809943 0.1809943 0.1607057 0.1625077 0.1677319 0.1677319 0.1684962 0.1737262 
taxon2     0.0246913 0.0298940 0.0000000 0.0049200 0.1427478 0.1351491 0.1406009 0.1400421 0.1521607 0.1614995 0.1605427 0.1551729 0.1551729 0.1478476 0.1562708 0.1540857 0.1540857 0.1547849 0.1599902 
taxon3     0.0196363 0.0247639 0.0049200 0.0000000 0.1490596 0.1413627 0.1468317 0.1462456 0.1584539 0.1679462 0.1669558 0.1615796 0.1615796 0.1480996 0.1495459 0.1547475 0.1547475 0.1554522 0.1606764 
taxon4     0.1603479 0.1617279 0.1427478 0.1490596 0.0000000 0.0101554 0.0204174 0.0303052 0.0251905 0.0203124 0.0304390 0.0254280 0.0254280 0.0568287 0.0471999 0.0520399 0.0520399 0.0577742 0.0572691 
taxon5     0.1464927 0.1537164 0.1351491 0.1413627 0.0101554 0.0000000 0.0100217 0.0251766 0.0200910 0.0310138 0.0360516 0.0309836 0.0309836 0.0622995 0.0527049 0.0575279 0.0575279 0.0633362 0.0627817 
taxon6     0.1519408 0.1592128 0.1406009 0.1468317 0.0204174 0.0100217 0.0000000 0.0199910 0.0099804 0.0310085 0.0413553 0.0309783 0.0309783 0.0622905 0.0635846 0.0575193 0.0575193 0.0685256 0.0682700 
taxon7     0.1513362 0.1585731 0.1400421 0.1462456 0.0303052 0.0251766 0.0199910 0.0000000 0.0099450 0.0414601 0.0465233 0.0414261 0.0414261 0.0770531 0.0734510 0.0724230 0.0724230 0.0727374 0.0670598 
taxon8     0.1635356 0.1709396 0.1521607 0.1584539 0.0251905 0.0200910 0.0099804 0.0099450 0.0000000 0.0310663 0.0414261 0.0310360 0.0310360 0.0666750 0.0680396 0.0619833 0.0619833 0.0729108 0.0619950 
taxon9     0.1793262 0.1808678 0.1614995 0.1679462 0.0203124 0.0310138 0.0310085 0.0414601 0.0310663 0.0000000 0.0359189 0.0205450 0.0205450 0.0572602 0.0574361 0.0632179 0.0632179 0.0743510 0.0697336 
taxon10    0.1781632 0.1863854 0.1605427 0.1669558 0.0304390 0.0360516 0.0413553 0.0465233 0.0414261 0.0359189 0.0000000 0.0202565 0.0202565 0.0779144 0.0739155 0.0732403 0.0732403 0.0788836 0.0687423 
taxon11    0.1728201 0.1809943 0.1551729 0.1615796 0.0254280 0.0309836 0.0309783 0.0414261 0.0310360 0.0205450 0.0202565 0.0000000 0.0000010 0.0623515 0.0688243 0.0626903 0.0626903 0.0737479 0.0691552 
taxon12    0.1728201 0.1809943 0.1551729 0.1615796 0.0254280 0.0309836 0.0309783 0.0414261 0.0310360 0.0205450 0.0202565 0.0000010 0.0000000 0.0623515 0.0688243 0.0626903 0.0626903 0.0737479 0.0691552 
taxon13    0.1582222 0.1607057 0.1478476 0.1480996 0.0568287 0.0622995 0.0622905 0.0770531 0.0666750 0.0572602 0.0779144 0.0623515 0.0623515 0.0000000 0.0514672 0.0458761 0.0458761 0.0565326 0.0563263 
taxon14    0.1536300 0.1625077 0.1562708 0.1495459 0.0471999 0.0527049 0.0635846 0.0734510 0.0680396 0.0574361 0.0739155 0.0688243 0.0688243 0.0514672 0.0000000 0.0203483 0.0203483 0.0256706 0.0254472 
taxon15    0.1587730 0.1677319 0.1540857 0.1547475 0.0520399 0.0575279 0.0575193 0.0724230 0.0619833 0.0632179 0.0732403 0.0626903 0.0626903 0.0458761 0.0203483 0.0000000 0.0000010 0.0100600 0.0100235 
taxon16    0.1587730 0.1677319 0.1540857 0.1547475 0.0520399 0.0575279 0.0575193 0.0724230 0.0619833 0.0632179 0.0732403 0.0626903 0.0626903 0.0458761 0.0203483 0.0000010 0.0000000 0.0100600 0.0100235 
taxon17    0.1594880 0.1684962 0.1547849 0.1554522 0.0577742 0.0633362 0.0685256 0.0727374 0.0729108 0.0743510 0.0788836 0.0737479 0.0737479 0.0565326 0.0256706 0.0100600 0.0100600 0.0000000 0.0151125 
taxon19    0.1646489 0.1737262 0.1599902 0.1606764 0.0572691 0.0627817 0.0682700 0.0670598 0.0619950 0.0697336 0.0687423 0.0691552 0.0691552 0.0563263 0.0254472 0.0100235 0.0100235 0.0151125 0.0000000 
