20
taxon0     0.0000000 0.1026644 0.1039520 0.0975516 0.1025939 0.2939819 0.3013128 0.3078707 0.3183220 0.3301961 0.2702733 0.2954713 0.2939231 0.3033873 0.3107592 0.3573112 0.3167611 0.3311796 0.3354868 0.3216180 
taxon1     0.1026644 0.0000000 0.0445332 0.1146921 0.1147512 0.2700500 0.2723644 0.2810714 0.2936349 0.3001129 0.2839734 0.3233645 0.3080344 0.2777316 0.2711289 0.3004362 0.2679517 0.2914132 0.2947150 0.2853849 
taxon2     0.1039520 0.0445332 0.0000000 0.1145415 0.1205571 0.2858607 0.2931439 0.2879502 0.3183928 0.3127858 0.2788505 0.3250502 0.3096554 0.2977360 0.2910294 0.3207809 0.2820524 0.3149076 0.2978209 0.3070017 
taxon3     0.0975516 0.1146921 0.1145415 0.0000000 0.0486551 0.2615611 0.2637979 0.2787133 0.3015111 0.2913970 0.2641007 0.2859875 0.2713815 0.2597313 0.2332226 0.2759326 0.2788560 0.2638637 0.2962370 0.2904532 
taxon4     0.1025939 0.1147512 0.1205571 0.0486551 0.0000000 0.2766317 0.2789918 0.2937002 0.3169796 0.2810830 0.2538444 0.2866425 0.2721621 0.2652265 0.2509631 0.2949021 0.2939078 0.2867935 0.3188705 0.2994778 
taxon5     0.2939819 0.2700500 0.2858607 0.2615611 0.2766317 0.0000000 0.0047649 0.0766892 0.0864687 0.0905206 0.0856653 0.1178471 0.0951696 0.1075909 0.0965279 0.1193769 0.1098693 0.1111105 0.1279382 0.1147805 
taxon6     0.3013128 0.2723644 0.2931439 0.2637979 0.2789918 0.0047649 0.0000000 0.0821085 0.0919060 0.0852784 0.0910647 0.1234757 0.1005801 0.1085240 0.0973677 0.1204119 0.1108013 0.1120624 0.1290274 0.1157487 
taxon7     0.3078707 0.2810714 0.2879502 0.2787133 0.2937002 0.0766892 0.0821085 0.0000000 0.0387630 0.1285221 0.1074022 0.1117954 0.1106433 0.1109668 0.1000016 0.1121492 0.1109172 0.1176833 0.1242126 0.1055098 
taxon8     0.3183220 0.2936349 0.3183928 0.3015111 0.3169796 0.0864687 0.0919060 0.0387630 0.0000000 0.1403839 0.1135564 0.1340898 0.1328587 0.1118690 0.1008203 0.1130677 0.1270251 0.1232610 0.1243440 0.1111608 
taxon9     0.3301961 0.3001129 0.3127858 0.2913970 0.2810830 0.0905206 0.0852784 0.1285221 0.1403839 0.0000000 0.0691626 0.1270364 0.1098653 0.1357746 0.1242330 0.1597502 0.1439187 0.1455653 0.1632058 0.1437859 
taxon10    0.2702733 0.2839734 0.2788505 0.2641007 0.2538444 0.0856653 0.0910647 0.1074022 0.1135564 0.0691626 0.0000000 0.0844284 0.0739172 0.1131343 0.1019677 0.1363065 0.1265326 0.1227787 0.1184493 0.1263407 
taxon11    0.2954713 0.3233645 0.3250502 0.2859875 0.2866425 0.1178471 0.1234757 0.1117954 0.1340898 0.1270364 0.0844284 0.0000000 0.0684122 0.1165083 0.1165612 0.1344327 0.1204141 0.1217724 0.1332451 0.1199974 
taxon12    0.2939231 0.3080344 0.3096554 0.2713815 0.2721621 0.0951696 0.1005801 0.1106433 0.1328587 0.1098653 0.0739172 0.0684122 0.0000000 0.1108743 0.0999281 0.1291836 0.1253663 0.1267767 0.1438162 0.1302820 
taxon13    0.3033873 0.2777316 0.2977360 0.2597313 0.2652265 0.1075909 0.1085240 0.1109668 0.1118690 0.1357746 0.1131343 0.1165083 0.1108743 0.0000000 0.0190221 0.0387970 0.0543601 0.0499721 0.0600756 0.0593587 
taxon14    0.3107592 0.2711289 0.2910294 0.2332226 0.2509631 0.0965279 0.0973677 0.1000016 0.1008203 0.1242330 0.1019677 0.1165612 0.0999281 0.0190221 0.0000000 0.0290040 0.0644788 0.0601825 0.0651991 0.0695069 
taxon15    0.3573112 0.3004362 0.3207809 0.2759326 0.2949021 0.1193769 0.1204119 0.1121492 0.1130677 0.1597502 0.1363065 0.1344327 0.1291836 0.0387970 0.0290040 0.0000000 0.0859317 0.0817842 0.0921115 0.0807757 
taxon16    0.3167611 0.2679517 0.2820524 0.2788560 0.2939078 0.1098693 0.1108013 0.1109172 0.1270251 0.1439187 0.1265326 0.1204141 0.1253663 0.0543601 0.0644788 0.0859317 0.0000000 0.0291580 0.0540738 0.0334856 
taxon17    0.3311796 0.2914132 0.3149076 0.2638637 0.2867935 0.1111105 0.1120624 0.1176833 0.1232610 0.1455653 0.1227787 0.1217724 0.1267767 0.0499721 0.0601825 0.0817842 0.0291580 0.0000000 0.0546165 0.0435406 
taxon18    0.3354868 0.2947150 0.2978209 0.2962370 0.3188705 0.1279382 0.1290274 0.1242126 0.1243440 0.1632058 0.1184493 0.1332451 0.1438162 0.0600756 0.0651991 0.0921115 0.0540738 0.0546165 0.0000000 0.0538644 
taxon19    0.3216180 0.2853849 0.3070017 0.2904532 0.2994778 0.1147805 0.1157487 0.1055098 0.1111608 0.1437859 0.1263407 0.1199974 0.1302820 0.0593587 0.0695069 0.0807757 0.0334856 0.0435406 0.0538644 0.0000000 
