20
taxon0     0.0000000 0.5381476 0.7292641 1.6163093 1.7106816 2.3663316 1.3385673 2.3507642 1.9933448 1.9469970 1.9822332 1.5394974 2.0078294 1.3871152 1.4662900 2.0095602 1.5480608 1.6177066 1.5769861 1.8788114 
taxon1     0.5381476 0.0000000 0.4263927 1.0431248 1.2509133 1.4632108 0.9323455 1.6288975 1.2523312 1.1667094 1.2097734 0.8019540 1.2821134 0.7481569 0.8156055 1.4903383 0.8832060 0.8756111 0.9784531 1.2011017 
taxon2     0.7292641 0.4263927 0.0000000 1.0123820 1.2572650 1.3806735 1.0070668 1.5979436 1.2076975 1.1120998 1.3395145 0.9488971 1.4948611 0.8313348 0.9194094 1.5530350 0.9844232 0.9851846 1.0453855 1.4011736 
taxon3     1.6163093 1.0431248 1.0123820 0.0000000 1.1093701 1.6565094 1.1495359 1.6532367 1.3624208 1.2953479 1.5289431 1.1826684 1.4565904 1.0270966 1.1241313 1.8405119 1.0720428 1.1257756 1.4284710 1.8159460 
taxon4     1.7106816 1.2509133 1.2572650 1.1093701 0.0000000 1.8315534 1.2320080 2.0461264 1.5958177 1.4904223 1.7287950 1.1926732 1.7174857 1.0535940 1.1726002 1.8134646 1.1626252 1.2658211 1.4169532 1.6404050 
taxon5     2.3663316 1.4632108 1.3806735 1.6565094 1.8315534 0.0000000 0.6987640 1.7045386 1.3479391 1.2593587 1.6351465 1.2721791 2.0789259 1.1749626 1.2463923 2.1139450 1.4849908 1.3707996 1.6420606 2.2812219 
taxon6     1.3385673 0.9323455 1.0070668 1.1495359 1.2320080 0.6987640 0.0000000 1.0032535 0.7179370 0.6976299 1.0758144 0.7817469 1.2051175 0.7172914 0.7329112 1.5541440 0.7980153 0.7235539 0.9259391 1.4276533 
taxon7     2.3507642 1.6288975 1.5979436 1.6532367 2.0461264 1.7045386 1.0032535 0.0000000 0.8897390 0.8101271 1.7039713 1.4842289 1.9783894 1.3806197 1.4852707 2.4252097 1.4897611 1.4369441 1.5262254 2.0389853 
taxon8     1.9933448 1.2523312 1.2076975 1.3624208 1.5958177 1.3479391 0.7179370 0.8897390 0.0000000 0.3679504 1.6854432 1.3170289 1.8171258 1.1444442 1.2002291 1.8929189 1.1081931 1.1593475 1.2185812 1.7572529 
taxon9     1.9469970 1.1667094 1.1120998 1.2953479 1.4904223 1.2593587 0.6976299 0.8101271 0.3679504 0.0000000 1.3684666 1.0691359 1.4762859 0.9204835 0.9297173 1.7085125 0.9052443 0.9802940 0.9985477 1.4934544 
taxon10    1.9822332 1.2097734 1.3395145 1.5289431 1.7287950 1.6351465 1.0758144 1.7039713 1.6854432 1.3684666 0.0000000 0.8237117 1.0817724 0.8983864 0.9434254 1.8728785 1.2144974 1.2422840 1.3171754 1.9942495 
taxon11    1.5394974 0.8019540 0.9488971 1.1826684 1.1926732 1.2721791 0.7817469 1.4842289 1.3170289 1.0691359 0.8237117 0.0000000 0.4661681 0.5408493 0.5479448 1.5733325 0.7326777 0.7610294 0.9997984 1.4595294 
taxon12    2.0078294 1.2821134 1.4948611 1.4565904 1.7174857 2.0789259 1.2051175 1.9783894 1.8171258 1.4762859 1.0817724 0.4661681 0.0000000 0.9139312 0.8979071 2.1498361 1.2171724 1.2648318 1.5321067 2.2050504 
taxon13    1.3871152 0.7481569 0.8313348 1.0270966 1.0535940 1.1749626 0.7172914 1.3806197 1.1444442 0.9204835 0.8983864 0.5408493 0.9139312 0.0000000 0.2389688 1.4264785 0.7777364 0.7777967 0.8647691 1.3646857 
taxon14    1.4662900 0.8156055 0.9194094 1.1241313 1.1726002 1.2463923 0.7329112 1.4852707 1.2002291 0.9297173 0.9434254 0.5479448 0.8979071 0.2389688 0.0000000 1.4295122 0.6963511 0.6761350 0.8731431 1.2138249 
taxon15    2.0095602 1.4903383 1.5530350 1.8405119 1.8134646 2.1139450 1.5541440 2.4252097 1.8929189 1.7085125 1.8728785 1.5733325 2.1498361 1.4264785 1.4295122 0.0000000 1.0795217 0.9816176 1.3509288 1.5029545 
taxon16    1.5480608 0.8832060 0.9844232 1.0720428 1.1626252 1.4849908 0.7980153 1.4897611 1.1081931 0.9052443 1.2144974 0.7326777 1.2171724 0.7777364 0.6963511 1.0795217 0.0000000 0.2760356 0.6986711 0.9866761 
taxon17    1.6177066 0.8756111 0.9851846 1.1257756 1.2658211 1.3707996 0.7235539 1.4369441 1.1593475 0.9802940 1.2422840 0.7610294 1.2648318 0.7777967 0.6761350 0.9816176 0.2760356 0.0000000 0.5627903 0.7789618 
taxon18    1.5769861 0.9784531 1.0453855 1.4284710 1.4169532 1.6420606 0.9259391 1.5262254 1.2185812 0.9985477 1.3171754 0.9997984 1.5321067 0.8647691 0.8731431 1.3509288 0.6986711 0.5627903 0.0000000 0.4036975 
taxon19    1.8788114 1.2011017 1.4011736 1.8159460 1.6404050 2.2812219 1.4276533 2.0389853 1.7572529 1.4934544 1.9942495 1.4595294 2.2050504 1.3646857 1.2138249 1.5029545 0.9866761 0.7789618 0.4036975 0.0000000 
