20
taxon0     0.0000000 0.2430290 0.4901679 0.5147633 0.6341842 0.6482390 0.6932063 0.6977701 0.5882892 0.7658526 0.7616707 0.7592824 0.7767038 0.6272329 0.6276295 0.6719530 0.6217764 0.6590465 0.6806739 0.6042075 
taxon1     0.2430290 0.0000000 0.4679630 0.4554462 0.6861189 0.6801994 0.7419224 0.7552371 0.5805505 0.7222289 0.7043898 0.7134073 0.6978432 0.6017551 0.6471327 0.6477199 0.5955901 0.5936220 0.6108534 0.5968009 
taxon2     0.4901679 0.4679630 0.0000000 0.0849496 0.4957235 0.4993110 0.5523159 0.5262828 0.3514459 0.4777265 0.5033167 0.4974472 0.4947078 0.4485616 0.4635888 0.5400976 0.5139846 0.5595568 0.5637111 0.4609584 
taxon3     0.5147633 0.4554462 0.0849496 0.0000000 0.4715155 0.4705819 0.5334708 0.5027752 0.3459126 0.4500972 0.4678603 0.4576980 0.4553152 0.4154330 0.4332577 0.5002259 0.4759885 0.5291472 0.5262716 0.4060973 
taxon4     0.6341842 0.6861189 0.4957235 0.4715155 0.0000000 0.1011802 0.1493911 0.1547690 0.4197684 0.3888922 0.4093309 0.3812099 0.3964306 0.3140360 0.3266273 0.3920974 0.4033059 0.4349398 0.4558215 0.3268287 
taxon5     0.6482390 0.6801994 0.4993110 0.4705819 0.1011802 0.0000000 0.1072783 0.1054157 0.4339667 0.3864094 0.4010472 0.3739685 0.3714449 0.3254064 0.3396018 0.4148172 0.4252191 0.4462149 0.4793500 0.3278704 
taxon6     0.6932063 0.7419224 0.5523159 0.5334708 0.1493911 0.1072783 0.0000000 0.0702757 0.4826294 0.4213790 0.4353709 0.4177248 0.4219925 0.3712850 0.3848726 0.4178019 0.4308917 0.4703039 0.4840846 0.3643696 
taxon7     0.6977701 0.7552371 0.5262828 0.5027752 0.1547690 0.1054157 0.0702757 0.0000000 0.4429472 0.3966397 0.3969860 0.3818007 0.3843104 0.3281367 0.3576681 0.4147888 0.4268645 0.4525019 0.4809412 0.3217743 
taxon8     0.5882892 0.5805505 0.3514459 0.3459126 0.4197684 0.4339667 0.4826294 0.4429472 0.0000000 0.2007356 0.2277383 0.2515770 0.2345477 0.3056791 0.3491044 0.3750732 0.3774333 0.3899938 0.3775368 0.3167017 
taxon9     0.7658526 0.7222289 0.4777265 0.4500972 0.3888922 0.3864094 0.4213790 0.3966397 0.2007356 0.0000000 0.0975511 0.1208997 0.1142352 0.2936582 0.3241050 0.3786331 0.4106026 0.3972501 0.3981361 0.2847093 
taxon10    0.7616707 0.7043898 0.5033167 0.4678603 0.4093309 0.4010472 0.4353709 0.3969860 0.2277383 0.0975511 0.0000000 0.1067361 0.0898909 0.3135671 0.3464780 0.4009917 0.4159898 0.4081109 0.3904047 0.3066625 
taxon11    0.7592824 0.7134073 0.4974472 0.4576980 0.3812099 0.3739685 0.4177248 0.3818007 0.2515770 0.1208997 0.1067361 0.0000000 0.0734900 0.3224979 0.3659460 0.4164293 0.4324068 0.4186923 0.4275070 0.3136727 
taxon12    0.7767038 0.6978432 0.4947078 0.4553152 0.3964306 0.3714449 0.4219925 0.3843104 0.2345477 0.1142352 0.0898909 0.0734900 0.0000000 0.3123049 0.3402676 0.3977462 0.3858794 0.4012406 0.4098781 0.3030040 
taxon13    0.6272329 0.6017551 0.4485616 0.4154330 0.3140360 0.3254064 0.3712850 0.3281367 0.3056791 0.2936582 0.3135671 0.3224979 0.3123049 0.0000000 0.0797991 0.1777667 0.2185202 0.2283352 0.2490702 0.0931882 
taxon14    0.6276295 0.6471327 0.4635888 0.4332577 0.3266273 0.3396018 0.3848726 0.3576681 0.3491044 0.3241050 0.3464780 0.3659460 0.3402676 0.0797991 0.0000000 0.2340097 0.2684828 0.2830585 0.2991598 0.1479295 
taxon15    0.6719530 0.6477199 0.5400976 0.5002259 0.3920974 0.4148172 0.4178019 0.4147888 0.3750732 0.3786331 0.4009917 0.4164293 0.3977462 0.1777667 0.2340097 0.0000000 0.1539781 0.1606478 0.1579549 0.1199253 
taxon16    0.6217764 0.5955901 0.5139846 0.4759885 0.4033059 0.4252191 0.4308917 0.4268645 0.3774333 0.4106026 0.4159898 0.4324068 0.3858794 0.2185202 0.2684828 0.1539781 0.0000000 0.1529853 0.1382486 0.1424973 
taxon17    0.6590465 0.5936220 0.5595568 0.5291472 0.4349398 0.4462149 0.4703039 0.4525019 0.3899938 0.3972501 0.4081109 0.4186923 0.4012406 0.2283352 0.2830585 0.1606478 0.1529853 0.0000000 0.0684909 0.1575180 
taxon18    0.6806739 0.6108534 0.5637111 0.5262716 0.4558215 0.4793500 0.4840846 0.4809412 0.3775368 0.3981361 0.3904047 0.4275070 0.4098781 0.2490702 0.2991598 0.1579549 0.1382486 0.0684909 0.0000000 0.1707142 
taxon19    0.6042075 0.5968009 0.4609584 0.4060973 0.3268287 0.3278704 0.3643696 0.3217743 0.3167017 0.2847093 0.3066625 0.3136727 0.3030040 0.0931882 0.1479295 0.1199253 0.1424973 0.1575180 0.1707142 0.0000000 
