20
taxon0     0.0000000 0.0661160 0.1071779 0.1151429 0.1327135 0.1378301 0.2504756 0.2560208 0.2568999 0.2768682 0.3016355 0.2719351 0.2730888 0.2921793 0.2880138 0.3034492 0.3108730 0.3163185 0.3612263 0.3456107 
taxon1     0.0661160 0.0000000 0.0824004 0.0859319 0.1753528 0.1696121 0.2515384 0.2636812 0.2668765 0.2941658 0.3223214 0.3024112 0.2901977 0.3047599 0.3166963 0.3193129 0.3446896 0.3405926 0.3869025 0.3702730 
taxon2     0.1071779 0.0824004 0.0000000 0.0620496 0.2263008 0.2307226 0.3018531 0.2927238 0.3143753 0.3478117 0.3524391 0.3059265 0.3204288 0.3108034 0.3350995 0.3241343 0.3439163 0.3398335 0.3929356 0.3666970 
taxon3     0.1151429 0.0859319 0.0620496 0.0000000 0.2068141 0.2112089 0.2727523 0.2744639 0.3066208 0.3272139 0.3344438 0.2987747 0.3035154 0.3113860 0.3159235 0.3129304 0.3323252 0.3283641 0.3805332 0.3457555 
taxon4     0.1327135 0.1753528 0.2263008 0.2068141 0.0000000 0.0285564 0.2287282 0.2324143 0.2407585 0.2472899 0.2869803 0.2509295 0.2640209 0.2667842 0.2832650 0.2567596 0.2591821 0.2781719 0.3155134 0.3267728 
taxon5     0.1378301 0.1696121 0.2307226 0.2112089 0.0285564 0.0000000 0.2193898 0.2343454 0.2383666 0.2507985 0.2824288 0.2656963 0.2603698 0.2759610 0.2924500 0.2546610 0.2680219 0.2869500 0.3122385 0.3234107 
taxon6     0.2504756 0.2515384 0.3018531 0.2727523 0.2287282 0.2193898 0.0000000 0.0534647 0.1486175 0.1548025 0.1836585 0.1643649 0.1728788 0.1949149 0.2054792 0.1753800 0.1770296 0.1662352 0.2131599 0.2123227 
taxon7     0.2560208 0.2636812 0.2927238 0.2744639 0.2324143 0.2343454 0.0534647 0.0000000 0.1759855 0.1704201 0.1842879 0.1693028 0.1795197 0.1863109 0.2059491 0.1932787 0.1921826 0.1835733 0.2323547 0.2207232 
taxon8     0.2568999 0.2668765 0.3143753 0.3066208 0.2407585 0.2383666 0.1486175 0.1759855 0.0000000 0.0773507 0.1102670 0.1522419 0.1529655 0.1765594 0.1902335 0.1735038 0.1632151 0.1805341 0.2184605 0.2229693 
taxon9     0.2768682 0.2941658 0.3478117 0.3272139 0.2472899 0.2507985 0.1548025 0.1704201 0.0773507 0.0000000 0.0701139 0.1684926 0.1864948 0.1918419 0.1942328 0.1958169 0.1760891 0.1821915 0.2235054 0.2280352 
taxon10    0.3016355 0.3223214 0.3524391 0.3344438 0.2869803 0.2824288 0.1836585 0.1842879 0.1102670 0.0701139 0.0000000 0.1757683 0.1788187 0.1840229 0.1976768 0.1766050 0.1841113 0.2033309 0.2339588 0.2278151 
taxon11    0.2719351 0.3024112 0.3059265 0.2987747 0.2509295 0.2656963 0.1643649 0.1693028 0.1522419 0.1684926 0.1757683 0.0000000 0.0547407 0.1055528 0.1297576 0.1209727 0.1289280 0.1259953 0.1628742 0.1726053 
taxon12    0.2730888 0.2901977 0.3204288 0.3035154 0.2640209 0.2603698 0.1728788 0.1795197 0.1529655 0.1864948 0.1788187 0.0547407 0.0000000 0.1147340 0.1235457 0.1204337 0.1323232 0.1432871 0.1696402 0.1539641 
taxon13    0.2921793 0.3047599 0.3108034 0.3113860 0.2667842 0.2759610 0.1949149 0.1863109 0.1765594 0.1918419 0.1840229 0.1055528 0.1147340 0.0000000 0.0617987 0.0931945 0.1057694 0.1102303 0.1464784 0.1373449 
taxon14    0.2880138 0.3166963 0.3350995 0.3159235 0.2832650 0.2924500 0.2054792 0.2059491 0.1902335 0.1942328 0.1976768 0.1297576 0.1235457 0.0617987 0.0000000 0.1277500 0.1354080 0.1459197 0.1842560 0.1627817 
taxon15    0.3034492 0.3193129 0.3241343 0.3129304 0.2567596 0.2546610 0.1753800 0.1932787 0.1735038 0.1958169 0.1766050 0.1209727 0.1204337 0.0931945 0.1277500 0.0000000 0.0346025 0.0443549 0.0757703 0.0803702 
taxon16    0.3108730 0.3446896 0.3439163 0.3323252 0.2591821 0.2680219 0.1770296 0.1921826 0.1632151 0.1760891 0.1841113 0.1289280 0.1323232 0.1057694 0.1354080 0.0346025 0.0000000 0.0397541 0.0707360 0.0753565 
taxon17    0.3163185 0.3405926 0.3398335 0.3283641 0.2781719 0.2869500 0.1662352 0.1835733 0.1805341 0.1821915 0.2033309 0.1259953 0.1432871 0.1102303 0.1459197 0.0443549 0.0397541 0.0000000 0.0393638 0.0440253 
taxon18    0.3612263 0.3869025 0.3929356 0.3805332 0.3155134 0.3122385 0.2131599 0.2323547 0.2184605 0.2235054 0.2339588 0.1628742 0.1696402 0.1464784 0.1842560 0.0757703 0.0707360 0.0393638 0.0000000 0.0242318 
taxon19    0.3456107 0.3702730 0.3666970 0.3457555 0.3267728 0.3234107 0.2123227 0.2207232 0.2229693 0.2280352 0.2278151 0.1726053 0.1539641 0.1373449 0.1627817 0.0803702 0.0753565 0.0440253 0.0242318 0.0000000 
