20
taxon0     0.0000000 0.1220178 0.1652345 0.2160642 0.2955463 0.2892355 0.4120542 0.3449111 0.3734421 0.4026558 0.3647008 0.3666146 0.3854982 0.4074768 0.4323347 0.3869065 0.3664984 0.4189679 0.4237292 0.4447026 
taxon1     0.1220178 0.0000000 0.0772148 0.2256966 0.3272629 0.2944174 0.3662878 0.3215532 0.3253275 0.3675380 0.3428502 0.3491050 0.3362471 0.3566366 0.3831265 0.3794182 0.3427895 0.4165688 0.4251652 0.4472742 
taxon2     0.1652345 0.0772148 0.0000000 0.2779874 0.3540844 0.3472587 0.4161434 0.3742883 0.3802276 0.4269683 0.4007368 0.4163198 0.4025921 0.4035194 0.4395931 0.4424661 0.4096747 0.4680718 0.4855084 0.5025249 
taxon3     0.2160642 0.2256966 0.2779874 0.0000000 0.1243554 0.1117815 0.3571637 0.3111002 0.3240917 0.3595765 0.3355429 0.3438132 0.3370978 0.3495931 0.3685273 0.3990673 0.3278881 0.4242973 0.4170118 0.4397304 
taxon4     0.2955463 0.3272629 0.3540844 0.1243554 0.0000000 0.1101075 0.3849865 0.3569069 0.3618163 0.4051178 0.3780257 0.3864186 0.3880375 0.3883004 0.3903005 0.4748950 0.4141209 0.4706370 0.4766333 0.4851348 
taxon5     0.2892355 0.2944174 0.3472587 0.1117815 0.1101075 0.0000000 0.4054596 0.3773787 0.3791920 0.4253971 0.3962602 0.4136513 0.4153639 0.3941738 0.3993834 0.4885472 0.4246264 0.4909750 0.4890602 0.5046591 
taxon6     0.4120542 0.3662878 0.4161434 0.3571637 0.3849865 0.4054596 0.0000000 0.0746159 0.1544849 0.1700622 0.1373954 0.1660740 0.1549668 0.1649184 0.2098105 0.2306916 0.1756898 0.2569386 0.2822690 0.3038329 
taxon7     0.3449111 0.3215532 0.3742883 0.3111002 0.3569069 0.3773787 0.0746159 0.0000000 0.1100812 0.1369518 0.0996491 0.1214818 0.1108629 0.1308969 0.1721849 0.1710793 0.1294290 0.2120809 0.2347055 0.2635600 
taxon8     0.3734421 0.3253275 0.3802276 0.3240917 0.3618163 0.3791920 0.1544849 0.1100812 0.0000000 0.0439886 0.1000103 0.1264855 0.1158837 0.1425550 0.1626536 0.2081172 0.1613903 0.2364171 0.2429232 0.2563011 
taxon9     0.4026558 0.3675380 0.4269683 0.3595765 0.4051178 0.4253971 0.1700622 0.1369518 0.0439886 0.0000000 0.1157666 0.1311157 0.1317398 0.1590337 0.1793623 0.2387158 0.1842334 0.2595119 0.2819663 0.2714658 
taxon10    0.3647008 0.3428502 0.4007368 0.3355429 0.3780257 0.3962602 0.1373954 0.0996491 0.1000103 0.1157666 0.0000000 0.0611063 0.0509090 0.0864897 0.1353435 0.1977501 0.1320242 0.2328429 0.2390766 0.2617387 
taxon11    0.3666146 0.3491050 0.4163198 0.3438132 0.3864186 0.4136513 0.1660740 0.1214818 0.1264855 0.1311157 0.0611063 0.0000000 0.0195109 0.1206861 0.1536487 0.2285667 0.1589532 0.2403892 0.2467022 0.2498088 
taxon12    0.3854982 0.3362471 0.4025921 0.3370978 0.3880375 0.4153639 0.1549668 0.1108629 0.1158837 0.1317398 0.0509090 0.0195109 0.0000000 0.1097032 0.1480853 0.2168492 0.1479325 0.2424096 0.2487825 0.2655316 
taxon13    0.4074768 0.3566366 0.4035194 0.3495931 0.3883004 0.3941738 0.1649184 0.1308969 0.1425550 0.1590337 0.0864897 0.1206861 0.1097032 0.0000000 0.1552828 0.2564917 0.1841772 0.2757288 0.2862529 0.3113980 
taxon14    0.4323347 0.3831265 0.4395931 0.3685273 0.3903005 0.3993834 0.2098105 0.1721849 0.1626536 0.1793623 0.1353435 0.1536487 0.1480853 0.1552828 0.0000000 0.2928463 0.2166617 0.2661041 0.2854160 0.2839982 
taxon15    0.3869065 0.3794182 0.4424661 0.3990673 0.4748950 0.4885472 0.2306916 0.1710793 0.2081172 0.2387158 0.1977501 0.2285667 0.2168492 0.2564917 0.2928463 0.0000000 0.0636666 0.1438288 0.1798703 0.1898523 
taxon16    0.3664984 0.3427895 0.4096747 0.3278881 0.4141209 0.4246264 0.1756898 0.1294290 0.1613903 0.1842334 0.1320242 0.1589532 0.1479325 0.1841772 0.2166617 0.0636666 0.0000000 0.1140681 0.1480925 0.1670773 
taxon17    0.4189679 0.4165688 0.4680718 0.4242973 0.4706370 0.4909750 0.2569386 0.2120809 0.2364171 0.2595119 0.2328429 0.2403892 0.2424096 0.2757288 0.2661041 0.1438288 0.1140681 0.0000000 0.0973071 0.1038329 
taxon18    0.4237292 0.4251652 0.4855084 0.4170118 0.4766333 0.4890602 0.2822690 0.2347055 0.2429232 0.2819663 0.2390766 0.2467022 0.2487825 0.2862529 0.2854160 0.1798703 0.1480925 0.0973071 0.0000000 0.0355910 
taxon19    0.4447026 0.4472742 0.5025249 0.4397304 0.4851348 0.5046591 0.3038329 0.2635600 0.2563011 0.2714658 0.2617387 0.2498088 0.2655316 0.3113980 0.2839982 0.1898523 0.1670773 0.1038329 0.0355910 0.0000000 
