20
taxon0     0.0000000 0.1166856 0.0851294 0.1218793 0.1286993 0.1160177 0.0950333 0.1208150 0.1269516 0.1282749 0.1477592 0.1629146 0.1102582 0.1522583 0.2679335 0.2967700 0.2724336 0.3036145 0.2991128 0.2811500 
taxon1     0.1166856 0.0000000 0.0954436 0.1229639 0.1460718 0.1180462 0.0945241 0.1049385 0.1274801 0.1288158 0.1534942 0.1396298 0.1211514 0.1467103 0.2617961 0.2755974 0.2569370 0.2867981 0.3253578 0.2861272 
taxon2     0.0851294 0.0954436 0.0000000 0.1106138 0.1086033 0.1289195 0.0951694 0.1106208 0.1168235 0.1180519 0.1588165 0.1457607 0.1158396 0.1470135 0.2581701 0.2888249 0.2646798 0.2826091 0.3213302 0.2984153 
taxon3     0.1218793 0.1229639 0.1106138 0.0000000 0.0975765 0.1073262 0.0943879 0.1045464 0.0933819 0.0999682 0.1336570 0.1733740 0.1161816 0.1455311 0.2519285 0.2986941 0.2742769 0.2922398 0.3032715 0.2930337 
taxon4     0.1286993 0.1460718 0.1086033 0.0975765 0.0000000 0.1311974 0.1175222 0.1285105 0.1236845 0.1367486 0.1557133 0.1588980 0.1069462 0.1435477 0.2642869 0.2951140 0.2920927 0.3430635 0.3298437 0.3164581 
taxon5     0.1160177 0.1180462 0.1289195 0.1073262 0.1311974 0.0000000 0.0910646 0.0962054 0.1131588 0.1259899 0.1669979 0.1713153 0.1221526 0.1528614 0.2340810 0.2953921 0.2707947 0.3187645 0.3134265 0.2850240 
taxon6     0.0950333 0.0945241 0.0951694 0.0943879 0.1175222 0.0910646 0.0000000 0.0578749 0.0737159 0.0852473 0.1455561 0.1369133 0.1061574 0.1364199 0.2475043 0.2612017 0.2425735 0.2614751 0.2991605 0.2745039 
taxon7     0.1208150 0.1049385 0.1106208 0.1045464 0.1285105 0.0962054 0.0578749 0.0000000 0.0383694 0.0489351 0.1171737 0.1510192 0.1047008 0.1346367 0.2527242 0.2700626 0.2466815 0.2800892 0.3113490 0.2797408 
taxon8     0.1269516 0.1274801 0.1168235 0.0933819 0.1236845 0.1131588 0.0737159 0.0383694 0.0000000 0.0189476 0.0839062 0.1508390 0.1160067 0.1452675 0.2669795 0.3059839 0.2816774 0.3095411 0.3489734 0.3088255 
taxon9     0.1282749 0.1288158 0.1180519 0.0999682 0.1367486 0.1259899 0.0852473 0.0489351 0.0189476 0.0000000 0.0847867 0.1395098 0.1286672 0.1588125 0.2842641 0.3243152 0.2993453 0.3107027 0.3687452 0.3272611 
taxon10    0.1477592 0.1534942 0.1588165 0.1336570 0.1557133 0.1669979 0.1455561 0.1171737 0.0839062 0.0847867 0.0000000 0.1578037 0.1191951 0.1452532 0.2920812 0.3373817 0.2977375 0.3321707 0.3548949 0.3251523 
taxon11    0.1629146 0.1396298 0.1457607 0.1733740 0.1588980 0.1713153 0.1369133 0.1510192 0.1508390 0.1395098 0.1578037 0.0000000 0.0906619 0.1012193 0.3153833 0.3471999 0.3188707 0.3214693 0.3223262 0.3057606 
taxon12    0.1102582 0.1211514 0.1158396 0.1161816 0.1069462 0.1221526 0.1061574 0.1047008 0.1160067 0.1286672 0.1191951 0.0906619 0.0000000 0.0444915 0.2421017 0.2820671 0.2714199 0.2883743 0.2763784 0.2479626 
taxon13    0.1522583 0.1467103 0.1470135 0.1455311 0.1435477 0.1528614 0.1364199 0.1346367 0.1452675 0.1588125 0.1452532 0.1012193 0.0444915 0.0000000 0.2824637 0.3099368 0.2792231 0.3100849 0.2931010 0.2782135 
taxon14    0.2679335 0.2617961 0.2581701 0.2519285 0.2642869 0.2340810 0.2475043 0.2527242 0.2669795 0.2842641 0.2920812 0.3153833 0.2421017 0.2824637 0.0000000 0.0860652 0.0554770 0.1208577 0.1183321 0.0947697 
taxon15    0.2967700 0.2755974 0.2888249 0.2986941 0.2951140 0.2953921 0.2612017 0.2700626 0.3059839 0.3243152 0.3373817 0.3471999 0.2820671 0.3099368 0.0860652 0.0000000 0.0394880 0.1208936 0.1538214 0.1396154 
taxon16    0.2724336 0.2569370 0.2646798 0.2742769 0.2920927 0.2707947 0.2425735 0.2466815 0.2816774 0.2993453 0.2977375 0.3188707 0.2714199 0.2792231 0.0554770 0.0394880 0.0000000 0.0866445 0.1141052 0.1011422 
taxon17    0.3036145 0.2867981 0.2826091 0.2922398 0.3430635 0.3187645 0.2614751 0.2800892 0.3095411 0.3107027 0.3321707 0.3214693 0.2883743 0.3100849 0.1208577 0.1208936 0.0866445 0.0000000 0.0650592 0.0695286 
taxon18    0.2991128 0.3253578 0.3213302 0.3032715 0.3298437 0.3134265 0.2991605 0.3113490 0.3489734 0.3687452 0.3548949 0.3223262 0.2763784 0.2931010 0.1183321 0.1538214 0.1141052 0.0650592 0.0000000 0.0586598 
taxon19    0.2811500 0.2861272 0.2984153 0.2930337 0.3164581 0.2850240 0.2745039 0.2797408 0.3088255 0.3272611 0.3251523 0.3057606 0.2479626 0.2782135 0.0947697 0.1396154 0.1011422 0.0695286 0.0586598 0.0000000 
