20
taxon0     0.0000000 0.0150680 0.0628940 0.0634068 0.0859651 0.0803052 0.0803052 0.0462703 0.1339749 0.1477376 0.1389376 0.1499572 0.1533587 0.1529689 0.1340728 0.1568364 0.1335004 0.1580929 0.1523041 0.1523041 
taxon1     0.0150680 0.0000000 0.0627316 0.0740698 0.0857497 0.0800947 0.0800947 0.0461531 0.1333218 0.1484893 0.1445499 0.1440181 0.1473002 0.1588903 0.1454747 0.1683274 0.1448631 0.1696550 0.1518912 0.1518912 
taxon2     0.0628940 0.0627316 0.0000000 0.0100046 0.0355029 0.0151419 0.0151419 0.0420426 0.1438120 0.1573381 0.1551946 0.1669456 0.1438398 0.1502709 0.1439817 0.1613732 0.1552555 0.1413339 0.1497995 0.1497995 
taxon3     0.0634068 0.0740698 0.0100046 0.0000000 0.0301671 0.0150029 0.0150029 0.0531924 0.1571889 0.1559601 0.1482189 0.1655152 0.1425759 0.1369357 0.1307772 0.1479660 0.1419283 0.1283689 0.1484917 0.1484917 
taxon4     0.0859651 0.0857497 0.0355029 0.0301671 0.0000000 0.0199986 0.0199986 0.0698188 0.1754286 0.1684208 0.1539938 0.1596381 0.1604207 0.1612307 0.1680495 0.1601367 0.1544558 0.1170253 0.1487319 0.1487319 
taxon5     0.0803052 0.0800947 0.0151419 0.0150029 0.0199986 0.0000000 0.0000010 0.0590512 0.1513432 0.1501482 0.1481074 0.1597664 0.1368373 0.1431900 0.1498767 0.1542392 0.1481721 0.1226436 0.1427497 0.1427497 
taxon6     0.0803052 0.0800947 0.0151419 0.0150029 0.0199986 0.0000010 0.0000000 0.0590512 0.1513432 0.1501482 0.1481074 0.1597664 0.1368373 0.1431900 0.1498767 0.1542392 0.1481721 0.1226436 0.1427497 0.1427497 
taxon7     0.0462703 0.0461531 0.0420426 0.0531924 0.0698188 0.0590512 0.0590512 0.0000000 0.1095732 0.1288960 0.1409701 0.1398213 0.1286507 0.1400596 0.1156046 0.1415094 0.1407732 0.1543286 0.1161302 0.1161302 
taxon8     0.1339749 0.1333218 0.1438120 0.1571889 0.1754286 0.1513432 0.1513432 0.1095732 0.0000000 0.0207930 0.0311681 0.0415508 0.0206994 0.0310969 0.0309913 0.0524580 0.0418932 0.0639324 0.0308986 0.0308986 
taxon9     0.1477376 0.1484893 0.1573381 0.1559601 0.1684208 0.1501482 0.1501482 0.1288960 0.0207930 0.0000000 0.0260378 0.0364408 0.0207324 0.0311484 0.0307762 0.0467715 0.0366931 0.0586777 0.0255854 0.0255854 
taxon10    0.1389376 0.1445499 0.1551946 0.1482189 0.1539938 0.1481074 0.1481074 0.1409701 0.0311681 0.0260378 0.0000000 0.0355577 0.0311980 0.0364674 0.0363142 0.0463560 0.0255416 0.0467921 0.0362339 0.0362339 
taxon11    0.1499572 0.1440181 0.1669456 0.1655152 0.1596381 0.1597664 0.1597664 0.1398213 0.0415508 0.0364408 0.0355577 0.0000000 0.0310566 0.0414715 0.0518219 0.0406691 0.0408652 0.0517663 0.0365289 0.0365289 
taxon12    0.1533587 0.1473002 0.1438398 0.1425759 0.1604207 0.1368373 0.1368373 0.1286507 0.0206994 0.0207324 0.0311980 0.0310566 0.0000000 0.0100818 0.0309715 0.0522882 0.0418567 0.0519919 0.0312923 0.0312923 
taxon13    0.1529689 0.1588903 0.1502709 0.1369357 0.1612307 0.1431900 0.1431900 0.1400596 0.0310969 0.0311484 0.0364674 0.0414715 0.0100818 0.0000000 0.0308969 0.0468264 0.0417550 0.0465240 0.0417805 0.0417805 
taxon14    0.1340728 0.1454747 0.1439817 0.1307772 0.1680495 0.1498767 0.1498767 0.1156046 0.0309913 0.0307762 0.0363142 0.0518219 0.0309715 0.0308969 0.0000000 0.0415909 0.0257464 0.0526164 0.0308038 0.0308038 
taxon15    0.1568364 0.1683274 0.1613732 0.1479660 0.1601367 0.1542392 0.1542392 0.1415094 0.0524580 0.0467715 0.0463560 0.0406691 0.0522882 0.0468264 0.0415909 0.0000000 0.0413669 0.0470338 0.0417968 0.0417968 
taxon16    0.1335004 0.1448631 0.1552555 0.1419283 0.1544558 0.1481721 0.1481721 0.1407732 0.0418932 0.0366931 0.0255416 0.0408652 0.0418567 0.0417550 0.0257464 0.0413669 0.0000000 0.0362471 0.0363010 0.0363010 
taxon17    0.1580929 0.1696550 0.1413339 0.1283689 0.1170253 0.1226436 0.1226436 0.1543286 0.0639324 0.0586777 0.0467921 0.0517663 0.0519919 0.0465240 0.0526164 0.0470338 0.0362471 0.0000000 0.0417159 0.0417159 
taxon18    0.1523041 0.1518912 0.1497995 0.1484917 0.1487319 0.1427497 0.1427497 0.1161302 0.0308986 0.0255854 0.0362339 0.0365289 0.0312923 0.0417805 0.0308038 0.0417968 0.0363010 0.0417159 0.0000000 0.0000010 
taxon19    0.1523041 0.1518912 0.1497995 0.1484917 0.1487319 0.1427497 0.1427497 0.1161302 0.0308986 0.0255854 0.0362339 0.0365289 0.0312923 0.0417805 0.0308038 0.0417968 0.0363010 0.0417159 0.0000010 0.0000000 
