20
taxon0     0.0000000 0.0419566 0.0850950 0.1080657 0.0911694 0.0862314 0.0926272 0.0815368 0.1497228 0.1503950 0.1509785 0.1297019 0.1531222 0.1902828 0.1599628 0.1598101 0.1848858 0.1594394 0.1631295 0.1757145 
taxon1     0.0419566 0.0000000 0.0611919 0.0718874 0.0939529 0.0877561 0.0751072 0.0823093 0.1442458 0.1448955 0.1332916 0.1209548 0.1270821 0.1631130 0.1336128 0.1268385 0.1508896 0.1265389 0.1376766 0.1498906 
taxon2     0.0850950 0.0611919 0.0000000 0.0298623 0.0924741 0.0867398 0.0897314 0.0982400 0.1679030 0.1686655 0.1491475 0.1563194 0.1449465 0.1689194 0.1516613 0.1386205 0.1575242 0.1382679 0.1328019 0.1510836 
taxon3     0.1080657 0.0718874 0.0298623 0.0000000 0.1137602 0.1023866 0.0831369 0.0913546 0.1623617 0.1630988 0.1683713 0.1628255 0.1328198 0.1445514 0.1394006 0.1568424 0.1689350 0.1563559 0.1508941 0.1695560 
taxon4     0.0911694 0.0939529 0.0924741 0.1137602 0.0000000 0.0099989 0.0686118 0.0569726 0.1857871 0.1740375 0.1682275 0.1529998 0.1581794 0.1954509 0.1579844 0.1536242 0.1804433 0.1532313 0.1657541 0.1803679 
taxon5     0.0862314 0.0877561 0.0867398 0.1023866 0.0099989 0.0000000 0.0577891 0.0463813 0.1793566 0.1734086 0.1618764 0.1468159 0.1515201 0.1884290 0.1583045 0.1467484 0.1732226 0.1463741 0.1587537 0.1731526 
taxon6     0.0926272 0.0751072 0.0897314 0.0831369 0.0686118 0.0577891 0.0000000 0.0305176 0.1627644 0.1635016 0.1501625 0.1483120 0.1375140 0.1659406 0.1440683 0.1446776 0.1707781 0.1442274 0.1555470 0.1696317 
taxon7     0.0815368 0.0823093 0.0982400 0.0913546 0.0569726 0.0463813 0.0305176 0.0000000 0.1605333 0.1669453 0.1602227 0.1379411 0.1406906 0.1696530 0.1473864 0.1491682 0.1759379 0.1486959 0.1606577 0.1751568 
taxon8     0.1497228 0.1442458 0.1679030 0.1623617 0.1857871 0.1793566 0.1627644 0.1605333 0.0000000 0.0199487 0.0840034 0.0571358 0.1073590 0.1180437 0.1191837 0.1198334 0.1252088 0.1135452 0.1205206 0.1318006 
taxon9     0.1503950 0.1448955 0.1686655 0.1630988 0.1740375 0.1734086 0.1635016 0.1669453 0.0199487 0.0000000 0.0785371 0.0571329 0.1017686 0.1181719 0.1076669 0.1139863 0.1248314 0.1077613 0.1150833 0.1263541 
taxon10    0.1509785 0.1332916 0.1491475 0.1683713 0.1682275 0.1618764 0.1501625 0.1602227 0.0840034 0.0785371 0.0000000 0.0415140 0.1084515 0.1554142 0.1092231 0.1082433 0.1199962 0.1020804 0.1140762 0.1138000 
taxon11    0.1297019 0.1209548 0.1563194 0.1628255 0.1529998 0.1468159 0.1483120 0.1379411 0.0571358 0.0571329 0.0415140 0.0000000 0.0861559 0.1321954 0.0918548 0.1038788 0.1091728 0.0976900 0.1095446 0.1092778 
taxon12    0.1531222 0.1270821 0.1449465 0.1328198 0.1581794 0.1515201 0.1375140 0.1406906 0.1073590 0.1017686 0.1084515 0.0861559 0.0000000 0.0405868 0.0100166 0.0684733 0.0897763 0.0678007 0.0739270 0.0908253 
taxon13    0.1902828 0.1631130 0.1689194 0.1445514 0.1954509 0.1884290 0.1659406 0.1696530 0.1180437 0.1181719 0.1554142 0.1321954 0.0405868 0.0000000 0.0511948 0.0948237 0.1220778 0.0995878 0.1072569 0.1247783 
taxon14    0.1599628 0.1336128 0.1516613 0.1394006 0.1579844 0.1583045 0.1440683 0.1473864 0.1191837 0.1076669 0.1092231 0.0918548 0.0100166 0.0511948 0.0000000 0.0797415 0.1012655 0.0789570 0.0852713 0.1024452 
taxon15    0.1598101 0.1268385 0.1386205 0.1568424 0.1536242 0.1467484 0.1446776 0.1491682 0.1198334 0.1139863 0.1082433 0.1038788 0.0684733 0.0948237 0.0797415 0.0000000 0.0464659 0.0251438 0.0520406 0.0577961 
taxon16    0.1848858 0.1508896 0.1575242 0.1689350 0.1804433 0.1732226 0.1707781 0.1759379 0.1252088 0.1248314 0.1199962 0.1091728 0.0897763 0.1220778 0.1012655 0.0464659 0.0000000 0.0460067 0.0805103 0.0755158 
taxon17    0.1594394 0.1265389 0.1382679 0.1563559 0.1532313 0.1463741 0.1442274 0.1486959 0.1135452 0.1077613 0.1020804 0.0976900 0.0678007 0.0995878 0.0789570 0.0251438 0.0460067 0.0000000 0.0622897 0.0681248 
taxon18    0.1631295 0.1376766 0.1328019 0.1508941 0.1657541 0.1587537 0.1555470 0.1606577 0.1205206 0.1150833 0.1140762 0.1095446 0.0739270 0.1072569 0.0852713 0.0520406 0.0805103 0.0622897 0.0000000 0.0150544 
taxon19    0.1757145 0.1498906 0.1510836 0.1695560 0.1803679 0.1731526 0.1696317 0.1751568 0.1318006 0.1263541 0.1138000 0.1092778 0.0908253 0.1247783 0.1024452 0.0577961 0.0755158 0.0681248 0.0150544 0.0000000 
