20
taxon0     0.0000000 0.0446094 0.0344904 0.0404136 0.0393913 0.0347168 0.0599395 0.2238744 0.2288403 0.1880563 0.1913636 0.1825555 0.2034033 0.2201633 0.2080484 0.2079191 0.1881956 0.2078293 0.1958952 0.1958952 
taxon1     0.0446094 0.0000000 0.0293868 0.0344104 0.0342587 0.0295798 0.0814015 0.2285725 0.2548369 0.2146932 0.2081518 0.1927278 0.2085641 0.2213070 0.2090467 0.2089198 0.2147853 0.1966596 0.2090676 0.2090676 
taxon2     0.0344904 0.0293868 0.0000000 0.0249161 0.0145039 0.0196018 0.0670519 0.2162271 0.2420081 0.2188639 0.1895514 0.1875513 0.1963683 0.2375397 0.2130496 0.2129206 0.2188935 0.2004325 0.2130777 0.2130777 
taxon3     0.0404136 0.0344104 0.0249161 0.0000000 0.0247901 0.0301519 0.0739281 0.2267422 0.2434092 0.2126960 0.1994336 0.2095900 0.2108508 0.2222148 0.2102496 0.2101220 0.2039623 0.1859168 0.1982501 0.1982501 
taxon4     0.0393913 0.0342587 0.0145039 0.0247901 0.0000000 0.0145848 0.0721088 0.2177227 0.2435954 0.2244979 0.1909630 0.1930002 0.1943185 0.2431342 0.2185815 0.2184529 0.2244420 0.2018753 0.2145579 0.2145579 
taxon5     0.0347168 0.0295798 0.0196018 0.0301519 0.0145848 0.0000000 0.0712871 0.2019905 0.2269834 0.2044535 0.1972360 0.1739787 0.1751543 0.2230272 0.1989688 0.1988417 0.2047061 0.1865924 0.1989736 0.1989736 
taxon6     0.0599395 0.0814015 0.0670519 0.0739281 0.0721088 0.0712871 0.0000000 0.2447657 0.2569123 0.2199763 0.2047999 0.2194983 0.2093845 0.2506518 0.2383039 0.2320110 0.2465469 0.2267118 0.2334303 0.2334303 
taxon7     0.2238744 0.2285725 0.2162271 0.2267422 0.2177227 0.2019905 0.2447657 0.0000000 0.0678018 0.0725635 0.0555784 0.0732080 0.0851400 0.0889801 0.0782663 0.0783385 0.0905403 0.0627158 0.0679573 0.0679573 
taxon8     0.2288403 0.2548369 0.2420081 0.2434092 0.2435954 0.2269834 0.2569123 0.0678018 0.0000000 0.0791344 0.0623867 0.1025161 0.1095159 0.1267645 0.1154100 0.1032906 0.1093257 0.0979240 0.0858266 0.0858266 
taxon9     0.1880563 0.2146932 0.2188639 0.2126960 0.2244979 0.2044535 0.2199763 0.0725635 0.0791344 0.0000000 0.0564912 0.0743408 0.0862468 0.1009413 0.0900338 0.0846647 0.0791308 0.0956778 0.0790617 0.0790617 
taxon10    0.1913636 0.2081518 0.1895514 0.1994336 0.1909630 0.1972360 0.2047999 0.0555784 0.0623867 0.0564912 0.0000000 0.0788454 0.0796331 0.1185982 0.1074807 0.1020274 0.0963695 0.0903252 0.0847694 0.0847694 
taxon11    0.1825555 0.1927278 0.1875513 0.2095900 0.1930002 0.1739787 0.2194983 0.0732080 0.1025161 0.0743408 0.0788454 0.0000000 0.0406461 0.0502836 0.0351547 0.0403670 0.0454485 0.0505931 0.0351015 0.0351015 
taxon12    0.2034033 0.2085641 0.1963683 0.2108508 0.1943185 0.1751543 0.2093845 0.0851400 0.1095159 0.0862468 0.0796331 0.0406461 0.0000000 0.0891335 0.0676364 0.0731973 0.0677889 0.0731417 0.0675563 0.0675563 
taxon13    0.2201633 0.2213070 0.2375397 0.2222148 0.2431342 0.2230272 0.2506518 0.0889801 0.1267645 0.1009413 0.1185982 0.0502836 0.0891335 0.0000000 0.0194508 0.0495026 0.0500598 0.0551713 0.0397680 0.0397680 
taxon14    0.2080484 0.2090467 0.2130496 0.2102496 0.2185815 0.1989688 0.2383039 0.0782663 0.1154100 0.0900338 0.1074807 0.0351547 0.0676364 0.0194508 0.0000000 0.0294620 0.0399033 0.0449743 0.0297185 0.0297185 
taxon15    0.2079191 0.2089198 0.2129206 0.2101220 0.2184529 0.1988417 0.2320110 0.0783385 0.1032906 0.0846647 0.1020274 0.0403670 0.0731973 0.0495026 0.0294620 0.0000000 0.0348676 0.0398198 0.0246679 0.0246679 
taxon16    0.1881956 0.2147853 0.2188935 0.2039623 0.2244420 0.2047061 0.2465469 0.0905403 0.1093257 0.0791308 0.0963695 0.0454485 0.0677889 0.0500598 0.0399033 0.0348676 0.0000000 0.0450350 0.0297545 0.0297545 
taxon17    0.2078293 0.1966596 0.2004325 0.1859168 0.2018753 0.1865924 0.2267118 0.0627158 0.0979240 0.0956778 0.0903252 0.0505931 0.0731417 0.0551713 0.0449743 0.0398198 0.0450350 0.0000000 0.0146294 0.0146294 
taxon18    0.1958952 0.2090676 0.2130777 0.1982501 0.2145579 0.1989736 0.2334303 0.0679573 0.0858266 0.0790617 0.0847694 0.0351015 0.0675563 0.0397680 0.0297185 0.0246679 0.0297545 0.0146294 0.0000000 0.0000010 
taxon19    0.1958952 0.2090676 0.2130777 0.1982501 0.2145579 0.1989736 0.2334303 0.0679573 0.0858266 0.0790617 0.0847694 0.0351015 0.0675563 0.0397680 0.0297185 0.0246679 0.0297545 0.0146294 0.0000010 0.0000000 
