20
taxon0     0.0000000 0.0049001 0.0098238 0.0098094 0.0197582 0.0246921 0.0197348 0.0246863 0.0246984 0.0349483 0.0246984 0.0297326 0.0347277 0.0348228 0.0348228 0.1956905 0.1893985 0.2273734 0.2115401 0.2021735 
taxon1     0.0049001 0.0000000 0.0098034 0.0048853 0.0247523 0.0296961 0.0247232 0.0296893 0.0297039 0.0400296 0.0297039 0.0347653 0.0397773 0.0398861 0.0398861 0.2018570 0.1829336 0.2206569 0.2049986 0.2083788 
taxon2     0.0098238 0.0098034 0.0000000 0.0048974 0.0198138 0.0247616 0.0297405 0.0347228 0.0247679 0.0350478 0.0247679 0.0298166 0.0348259 0.0349215 0.0349215 0.2081521 0.1951843 0.2212911 0.2055785 0.2147182 
taxon3     0.0098094 0.0048853 0.0048974 0.0000000 0.0197844 0.0247247 0.0296961 0.0346708 0.0247310 0.0349948 0.0247310 0.0297720 0.0347736 0.0348689 0.0348689 0.2077728 0.1887846 0.2147046 0.1991615 0.2143247 
taxon4     0.0197582 0.0247523 0.0198138 0.0197844 0.0000000 0.0148058 0.0197586 0.0247159 0.0148094 0.0148068 0.0148094 0.0198087 0.0247888 0.0147534 0.0147534 0.2086929 0.2023293 0.2145631 0.1990359 0.2013890 
taxon5     0.0246921 0.0296961 0.0247616 0.0247247 0.0148058 0.0000000 0.0048987 0.0197257 0.0197413 0.0299297 0.0197413 0.0147646 0.0197082 0.0197625 0.0197625 0.2015512 0.2080231 0.2284534 0.2184429 0.2210029 
taxon6     0.0197348 0.0247232 0.0297405 0.0296961 0.0197586 0.0048987 0.0000000 0.0147801 0.0246989 0.0349491 0.0246989 0.0197038 0.0246574 0.0247250 0.0247250 0.1956573 0.2020966 0.2344722 0.2243556 0.2150277 
taxon7     0.0246863 0.0296893 0.0347228 0.0346708 0.0247159 0.0197257 0.0147801 0.0000000 0.0097933 0.0197958 0.0097933 0.0147363 0.0196705 0.0197245 0.0197245 0.2143866 0.2080101 0.2465616 0.2302880 0.2086417 
taxon8     0.0246984 0.0297039 0.0247679 0.0247310 0.0148094 0.0197413 0.0246989 0.0097933 0.0000000 0.0098847 0.0000010 0.0049054 0.0098218 0.0098489 0.0098489 0.2145187 0.2081378 0.2346182 0.2185662 0.2087700 
taxon9     0.0349483 0.0400296 0.0350478 0.0349948 0.0148068 0.0299297 0.0349491 0.0197958 0.0098847 0.0000000 0.0098847 0.0148741 0.0198542 0.0098472 0.0098472 0.2285616 0.2220857 0.2345224 0.2184813 0.2086902 
taxon10    0.0246984 0.0297039 0.0247679 0.0247310 0.0148094 0.0197413 0.0246989 0.0097933 0.0000010 0.0098847 0.0000000 0.0049054 0.0098218 0.0098489 0.0098489 0.2145187 0.2081378 0.2346182 0.2185662 0.2087700 
taxon11    0.0297326 0.0347653 0.0298166 0.0297720 0.0198087 0.0147646 0.0197038 0.0147363 0.0049054 0.0148741 0.0049054 0.0000000 0.0048973 0.0049108 0.0049108 0.2080968 0.2146265 0.2352368 0.2250718 0.2152761 
taxon12    0.0347277 0.0397773 0.0348259 0.0347736 0.0247888 0.0197082 0.0246574 0.0196705 0.0098218 0.0198542 0.0098218 0.0048973 0.0000000 0.0098324 0.0098324 0.2140998 0.2206668 0.2413880 0.2311098 0.2213312 
taxon13    0.0348228 0.0398861 0.0349215 0.0348689 0.0147534 0.0197625 0.0247250 0.0197245 0.0098489 0.0098472 0.0098489 0.0049108 0.0098324 0.0000000 0.0000010 0.2146905 0.2212755 0.2276645 0.2176940 0.2079294 
taxon14    0.0348228 0.0398861 0.0349215 0.0348689 0.0147534 0.0197625 0.0247250 0.0197245 0.0098489 0.0098472 0.0098489 0.0049108 0.0098324 0.0000010 0.0000000 0.2146905 0.2212755 0.2276645 0.2176940 0.2079294 
taxon15    0.1956905 0.2018570 0.2081521 0.2077728 0.2086929 0.2015512 0.1956573 0.2143866 0.2145187 0.2285616 0.2145187 0.2080968 0.2140998 0.2146905 0.2146905 0.0000000 0.0445959 0.0605638 0.0762197 0.0655620 
taxon16    0.1893985 0.1829336 0.1951843 0.1887846 0.2023293 0.2080231 0.2020966 0.2080101 0.2081378 0.2220857 0.2081378 0.2146265 0.2206668 0.2212755 0.2212755 0.0445959 0.0000000 0.0825437 0.0869058 0.0826584 
taxon17    0.2273734 0.2206569 0.2212911 0.2147046 0.2145631 0.2284534 0.2344722 0.2465616 0.2346182 0.2345224 0.2346182 0.2352368 0.2413880 0.2276645 0.2276645 0.0605638 0.0825437 0.0000000 0.0293697 0.0288538 
taxon18    0.2115401 0.2049986 0.2055785 0.1991615 0.1990359 0.2184429 0.2243556 0.2302880 0.2185662 0.2184813 0.2185662 0.2250718 0.2311098 0.2176940 0.2176940 0.0762197 0.0869058 0.0293697 0.0000000 0.0392239 
taxon19    0.2021735 0.2083788 0.2147182 0.2143247 0.2013890 0.2210029 0.2150277 0.2086417 0.2087700 0.2086902 0.2087700 0.2152761 0.2213312 0.2079294 0.2079294 0.0655620 0.0826584 0.0288538 0.0392239 0.0000000 
