19
taxon0     0.0000000 0.0207191 0.0408531 0.0356681 0.0357174 0.2288225 0.2284437 0.2329513 0.2015187 0.1743442 0.2000831 0.1875190 0.1912988 0.1866388 0.2068027 0.1894300 0.1894300 0.2221393 0.2088471 
taxon1     0.0207191 0.0000000 0.0562885 0.0510553 0.0511268 0.2340697 0.2336757 0.2503947 0.2181070 0.1903731 0.2051928 0.2038375 0.1872310 0.1768466 0.1873756 0.1795098 0.1795098 0.2119801 0.1987986 
taxon2     0.0408531 0.0562885 0.0000000 0.0049511 0.0149131 0.2122832 0.1996352 0.2068322 0.2139711 0.1865391 0.1972060 0.1998505 0.1925478 0.2115223 0.2252508 0.2146415 0.2146415 0.2479944 0.2344192 
taxon3     0.0356681 0.0510553 0.0049511 0.0000000 0.0099200 0.2184399 0.2057505 0.2130104 0.2076369 0.1803581 0.1910181 0.1935894 0.1863390 0.2052292 0.2188744 0.2082650 0.2082650 0.2414429 0.2279445 
taxon4     0.0357174 0.0511268 0.0149131 0.0099200 0.0000000 0.2188256 0.2184819 0.2258914 0.2079959 0.1806614 0.1913400 0.1939196 0.1866539 0.2055816 0.2192559 0.2086275 0.2086275 0.2418764 0.2283483 
taxon5     0.2288225 0.2340697 0.2122832 0.2184399 0.2188256 0.0000000 0.0307501 0.0590294 0.0635703 0.0648826 0.0752187 0.0820995 0.0760187 0.0871883 0.0861150 0.0816242 0.0816242 0.0987382 0.0872963 
taxon6     0.2284437 0.2336757 0.1996352 0.2057505 0.2184819 0.0307501 0.0000000 0.0364674 0.0856253 0.0760331 0.0863540 0.0934506 0.0872679 0.0758546 0.0874234 0.0828895 0.0828895 0.1048635 0.0933269 
taxon7     0.2329513 0.2503947 0.2068322 0.2130104 0.2258914 0.0590294 0.0364674 0.0000000 0.0681650 0.0694585 0.0920235 0.0865971 0.0890152 0.0915234 0.0977953 0.0988378 0.0988378 0.1208517 0.1092094 
taxon8     0.2015187 0.2181070 0.2139711 0.2076369 0.2079959 0.0635703 0.0856253 0.0681650 0.0000000 0.0203577 0.0412604 0.0256841 0.0373781 0.0620513 0.0678439 0.0685578 0.0685578 0.0851103 0.0740450 
taxon9     0.1743442 0.1903731 0.1865391 0.1803581 0.1806614 0.0648826 0.0760331 0.0694585 0.0203577 0.0000000 0.0201124 0.0150717 0.0156876 0.0403633 0.0562852 0.0463243 0.0463243 0.0623419 0.0516348 
taxon10    0.2000831 0.2051928 0.1972060 0.1910181 0.1913400 0.0752187 0.0863540 0.0920235 0.0412604 0.0201124 0.0000000 0.0253595 0.0201106 0.0614229 0.0723405 0.0678695 0.0678695 0.0843034 0.0733159 
taxon11    0.1875190 0.2038375 0.1998505 0.1935894 0.1939196 0.0820995 0.0934506 0.0865971 0.0256841 0.0150717 0.0253595 0.0000000 0.0103683 0.0562667 0.0726202 0.0512220 0.0512220 0.0672141 0.0565236 
taxon12    0.1912988 0.1872310 0.1925478 0.1863390 0.1866539 0.0760187 0.0872679 0.0890152 0.0373781 0.0156876 0.0201106 0.0103683 0.0000000 0.0580269 0.0674980 0.0528762 0.0528762 0.0692098 0.0582968 
taxon13    0.1866388 0.1768466 0.2115223 0.2052292 0.2055816 0.0871883 0.0758546 0.0915234 0.0620513 0.0403633 0.0614229 0.0562667 0.0580269 0.0000000 0.0251033 0.0151542 0.0151542 0.0410121 0.0305752 
taxon14    0.2068027 0.1873756 0.2252508 0.2188744 0.2192559 0.0861150 0.0874234 0.0977953 0.0678439 0.0562852 0.0723405 0.0726202 0.0674980 0.0251033 0.0000000 0.0200403 0.0200403 0.0457720 0.0353840 
taxon15    0.1894300 0.1795098 0.2146415 0.2082650 0.2086275 0.0816242 0.0828895 0.0988378 0.0685578 0.0463243 0.0678695 0.0512220 0.0528762 0.0151542 0.0200403 0.0000000 0.0000010 0.0251099 0.0149750 
taxon16    0.1894300 0.1795098 0.2146415 0.2082650 0.2086275 0.0816242 0.0828895 0.0988378 0.0685578 0.0463243 0.0678695 0.0512220 0.0528762 0.0151542 0.0200403 0.0000010 0.0000000 0.0251099 0.0149750 
taxon18    0.2221393 0.2119801 0.2479944 0.2414429 0.2418764 0.0987382 0.1048635 0.1208517 0.0851103 0.0623419 0.0843034 0.0672141 0.0692098 0.0410121 0.0457720 0.0251099 0.0251099 0.0000000 0.0098762 
taxon19    0.2088471 0.1987986 0.2344192 0.2279445 0.2283483 0.0872963 0.0933269 0.1092094 0.0740450 0.0516348 0.0733159 0.0565236 0.0582968 0.0305752 0.0353840 0.0149750 0.0149750 0.0098762 0.0000000 
