20
taxon0     0.0000000 0.0202767 0.0152347 0.0203582 0.1822174 0.2028043 0.2011154 0.2213281 0.2017327 0.2026093 0.2093500 0.2095364 0.2263967 0.2328877 0.1943243 0.1867496 0.1942616 0.1883299 0.2074203 0.2020601 
taxon1     0.0202767 0.0000000 0.0203449 0.0254865 0.1722330 0.1985908 0.2052256 0.2426784 0.2226863 0.2236385 0.2140565 0.2142477 0.2450125 0.2476224 0.2133047 0.2055461 0.2132348 0.2072684 0.2207370 0.2212085 
taxon2     0.0152347 0.0203449 0.0000000 0.0152602 0.1763203 0.2025577 0.2091631 0.2430027 0.2229686 0.2239235 0.2096699 0.2098571 0.2314602 0.2379391 0.2089256 0.2011402 0.2088568 0.2028447 0.2222613 0.2168626 
taxon3     0.0203582 0.0254865 0.0152602 0.0000000 0.1825483 0.2089301 0.2155712 0.2497242 0.2295952 0.2305720 0.2162480 0.2164438 0.2461538 0.2527100 0.2154818 0.2076287 0.1999278 0.2093832 0.2288776 0.2234804 
taxon4     0.1822174 0.1722330 0.1763203 0.1825483 0.0000000 0.0306710 0.0409892 0.1942817 0.1894002 0.1902157 0.1865159 0.1794032 0.2008895 0.1943305 0.1958961 0.1882727 0.1958325 0.1898718 0.2028823 0.2036793 
taxon5     0.2028043 0.1985908 0.2025577 0.2089301 0.0306710 0.0000000 0.0203837 0.1942476 0.1893714 0.1901859 0.1908532 0.1837658 0.1917211 0.1852805 0.1944187 0.2002165 0.2078590 0.2018998 0.2013426 0.2021289 
taxon6     0.2011154 0.2052256 0.2091631 0.2155712 0.0409892 0.0203837 0.0000000 0.1943450 0.1894664 0.1902817 0.1988469 0.1916388 0.2075205 0.2009328 0.1941744 0.1999758 0.2076217 0.2016584 0.2011014 0.2018875 
taxon7     0.2213281 0.2426784 0.2430027 0.2497242 0.1942817 0.1942476 0.1943450 0.0000000 0.0257686 0.0310153 0.1237916 0.1180897 0.1178375 0.1179298 0.1308734 0.1364216 0.1431898 0.1299908 0.1174827 0.1301408 
taxon8     0.2017327 0.2226863 0.2229686 0.2295952 0.1894002 0.1893714 0.1894664 0.0257686 0.0000000 0.0050450 0.0933048 0.0877691 0.1109909 0.1110783 0.0999533 0.1054010 0.1117841 0.0992935 0.0873806 0.0994094 
taxon9     0.2026093 0.2236385 0.2239235 0.2305720 0.1902157 0.1901859 0.1902817 0.0310153 0.0050450 0.0000000 0.0937325 0.0881742 0.1054577 0.1055417 0.1004125 0.1058798 0.1122913 0.0937977 0.0931305 0.0939078 
taxon10    0.2093500 0.2140565 0.2096699 0.2162480 0.1865159 0.1908532 0.1988469 0.1237916 0.0933048 0.0937325 0.0000000 0.0100799 0.0527053 0.0580405 0.0364042 0.0415685 0.0471032 0.0419135 0.0470182 0.0419631 
taxon11    0.2095364 0.2142477 0.2098571 0.2164438 0.1794032 0.1837658 0.1916388 0.1180897 0.0877691 0.0881742 0.0100799 0.0000000 0.0580124 0.0633577 0.0416294 0.0467930 0.0523693 0.0471799 0.0522751 0.0472353 
taxon12    0.2263967 0.2450125 0.2314602 0.2461538 0.2008895 0.1917211 0.2075205 0.1178375 0.1109909 0.1054577 0.0527053 0.0580124 0.0000000 0.0050606 0.0423696 0.0476178 0.0532914 0.0366725 0.0472245 0.0367160 
taxon13    0.2328877 0.2476224 0.2379391 0.2527100 0.1943305 0.1852805 0.2009328 0.1179298 0.1110783 0.1055417 0.0580405 0.0633577 0.0050606 0.0000000 0.0477130 0.0529616 0.0586795 0.0419539 0.0472648 0.0420035 
taxon14    0.1943243 0.2133047 0.2089256 0.2154818 0.1958961 0.1944187 0.1941744 0.1308734 0.0999533 0.1004125 0.0364042 0.0416294 0.0423696 0.0477130 0.0000000 0.0151345 0.0203225 0.0152594 0.0202864 0.0152775 
taxon15    0.1867496 0.2055461 0.2011402 0.2076287 0.1882727 0.2002165 0.1999758 0.1364216 0.1054010 0.1058798 0.0415685 0.0467930 0.0476178 0.0529616 0.0151345 0.0000000 0.0050250 0.0100991 0.0151455 0.0203518 
taxon16    0.1942616 0.2132348 0.2088568 0.1999278 0.1958325 0.2078590 0.2076217 0.1431898 0.1117841 0.1122913 0.0471032 0.0523693 0.0532914 0.0586795 0.0203225 0.0050250 0.0000000 0.0152564 0.0203373 0.0256224 
taxon17    0.1883299 0.2072684 0.2028447 0.2093832 0.1898718 0.2018998 0.2016584 0.1299908 0.0992935 0.0937977 0.0419135 0.0471799 0.0366725 0.0419539 0.0152594 0.0100991 0.0152564 0.0000000 0.0201633 0.0100755 
taxon18    0.2074203 0.2207370 0.2222613 0.2288776 0.2028823 0.2013426 0.2011014 0.1174827 0.0873806 0.0931305 0.0470182 0.0522751 0.0472245 0.0472648 0.0202864 0.0151455 0.0203373 0.0201633 0.0000000 0.0201869 
taxon19    0.2020601 0.2212085 0.2168626 0.2234804 0.2036793 0.2021289 0.2018875 0.1301408 0.0994094 0.0939078 0.0419631 0.0472353 0.0367160 0.0420035 0.0152775 0.0203518 0.0256224 0.0100755 0.0201869 0.0000000 
