20
taxon0     0.0000000 0.1196967 0.1588622 0.2160829 0.1477239 0.1625018 0.1970145 0.3250526 0.3398035 0.4280481 0.3528066 0.3593068 0.3502817 0.3499732 0.3745119 0.3901495 0.3492408 0.3547676 0.2977946 0.3497281 
taxon1     0.1196967 0.0000000 0.1585327 0.2178606 0.1433421 0.1912621 0.2107968 0.3319264 0.3492796 0.4394443 0.3689725 0.3705151 0.3380186 0.3409265 0.3680892 0.4129641 0.3424273 0.3509326 0.3175688 0.3563272 
taxon2     0.1588622 0.1585327 0.0000000 0.1843172 0.1267576 0.1762890 0.2265028 0.3505102 0.3194609 0.4505300 0.3656713 0.3444857 0.3565305 0.3489489 0.3407513 0.3694556 0.3116820 0.3472698 0.3382736 0.3322525 
taxon3     0.2160829 0.2178606 0.1843172 0.0000000 0.1420876 0.2017992 0.2951228 0.3530975 0.3867644 0.4716324 0.3821434 0.3721833 0.4459407 0.3847310 0.3697723 0.3722564 0.4132878 0.4288009 0.4024291 0.4090985 
taxon4     0.1477239 0.1433421 0.1267576 0.1420876 0.0000000 0.1815341 0.2129485 0.3427998 0.3198390 0.4692086 0.3823396 0.3722376 0.3400169 0.3489314 0.3450975 0.3634709 0.3609340 0.3617331 0.3250962 0.3466149 
taxon5     0.1625018 0.1912621 0.1762890 0.2017992 0.1815341 0.0000000 0.1929098 0.3608853 0.3948065 0.4158248 0.3834745 0.3361129 0.3975146 0.3593203 0.3525265 0.3897024 0.3918584 0.3757891 0.3673247 0.3733393 
taxon6     0.1970145 0.2107968 0.2265028 0.2951228 0.2129485 0.1929098 0.0000000 0.4685071 0.4383648 0.4872391 0.4636889 0.4267035 0.4439153 0.4189684 0.4371818 0.4622597 0.4708294 0.4269798 0.3994182 0.4023947 
taxon7     0.3250526 0.3319264 0.3505102 0.3530975 0.3427998 0.3608853 0.4685071 0.0000000 0.1642017 0.2351028 0.1675298 0.1907845 0.1588937 0.1628032 0.2092193 0.2173141 0.2022613 0.1959378 0.1640996 0.2056037 
taxon8     0.3398035 0.3492796 0.3194609 0.3867644 0.3198390 0.3948065 0.4383648 0.1642017 0.0000000 0.2013254 0.1030559 0.1791184 0.0721541 0.1435651 0.1921939 0.2058873 0.1071343 0.1297946 0.1284856 0.1357872 
taxon9     0.4280481 0.4394443 0.4505300 0.4716324 0.4692086 0.4158248 0.4872391 0.2351028 0.2013254 0.0000000 0.1479474 0.2221245 0.2185052 0.2058892 0.2460147 0.2430113 0.2608956 0.2367886 0.2354061 0.2372472 
taxon10    0.3528066 0.3689725 0.3656713 0.3821434 0.3823396 0.3834745 0.4636889 0.1675298 0.1030559 0.1479474 0.0000000 0.1753320 0.1286776 0.1582707 0.1765691 0.1897561 0.1734557 0.1837755 0.1734375 0.1741388 
taxon11    0.3593068 0.3705151 0.3444857 0.3721833 0.3722376 0.3361129 0.4267035 0.1907845 0.1791184 0.2221245 0.1753320 0.0000000 0.1872023 0.1708159 0.1964864 0.1894536 0.2103947 0.2153791 0.1808732 0.2000449 
taxon12    0.3502817 0.3380186 0.3565305 0.4459407 0.3400169 0.3975146 0.4439153 0.1588937 0.0721541 0.2185052 0.1286776 0.1872023 0.0000000 0.1215729 0.1770096 0.1968570 0.1384491 0.1139019 0.1105362 0.1467014 
taxon13    0.3499732 0.3409265 0.3489489 0.3847310 0.3489314 0.3593203 0.4189684 0.1628032 0.1435651 0.2058892 0.1582707 0.1708159 0.1215729 0.0000000 0.1076521 0.1058700 0.1853853 0.1772991 0.1429021 0.1379688 
taxon14    0.3745119 0.3680892 0.3407513 0.3697723 0.3450975 0.3525265 0.4371818 0.2092193 0.1921939 0.2460147 0.1765691 0.1964864 0.1770096 0.1076521 0.0000000 0.0551439 0.2023527 0.2413997 0.1811395 0.1979470 
taxon15    0.3901495 0.4129641 0.3694556 0.3722564 0.3634709 0.3897024 0.4622597 0.2173141 0.2058873 0.2430113 0.1897561 0.1894536 0.1968570 0.1058700 0.0551439 0.0000000 0.2154066 0.2184085 0.1942812 0.2097924 
taxon16    0.3492408 0.3424273 0.3116820 0.4132878 0.3609340 0.3918584 0.4708294 0.2022613 0.1071343 0.2608956 0.1734557 0.2103947 0.1384491 0.1853853 0.2023527 0.2154066 0.0000000 0.0720701 0.1503089 0.1564075 
taxon17    0.3547676 0.3509326 0.3472698 0.4288009 0.3617331 0.3757891 0.4269798 0.1959378 0.1297946 0.2367886 0.1837755 0.2153791 0.1139019 0.1772991 0.2413997 0.2184085 0.0720701 0.0000000 0.1383962 0.1433734 
taxon18    0.2977946 0.3175688 0.3382736 0.4024291 0.3250962 0.3673247 0.3994182 0.1640996 0.1284856 0.2354061 0.1734375 0.1808732 0.1105362 0.1429021 0.1811395 0.1942812 0.1503089 0.1383962 0.0000000 0.1143915 
taxon19    0.3497281 0.3563272 0.3322525 0.4090985 0.3466149 0.3733393 0.4023947 0.2056037 0.1357872 0.2372472 0.1741388 0.2000449 0.1467014 0.1379688 0.1979470 0.2097924 0.1564075 0.1433734 0.1143915 0.0000000 
