20
taxon0     0.0000000 0.0406593 0.1603779 0.1365274 0.1760928 0.1825810 0.1970604 0.1905653 0.1972436 0.2121500 0.2137635 0.2133903 0.2197499 0.2138678 0.1246373 0.1539268 0.1740980 0.1622966 0.1737546 0.1835463 
taxon1     0.0406593 0.0000000 0.1647239 0.1432868 0.1712647 0.1777639 0.1986951 0.1857609 0.1924621 0.2073988 0.2090003 0.2086335 0.2150261 0.2091043 0.1137140 0.1538980 0.1569744 0.1506569 0.1560939 0.1776654 
taxon2     0.1603779 0.1647239 0.0000000 0.0619785 0.0835822 0.0953522 0.0952512 0.0896963 0.0956694 0.1070913 0.1137697 0.1025081 0.1080558 0.1138342 0.0946320 0.1053667 0.0928719 0.1841727 0.1925689 0.2239800 
taxon3     0.1365274 0.1432868 0.0619785 0.0000000 0.0356265 0.0464408 0.0517882 0.0464785 0.0518321 0.0680973 0.0687074 0.0686066 0.0739828 0.0687496 0.1021063 0.0854305 0.1158575 0.2121428 0.2132774 0.2062436 
taxon4     0.1760928 0.1712647 0.0835822 0.0356265 0.0000000 0.0202390 0.0253469 0.0151297 0.0202467 0.0358081 0.0361472 0.0360960 0.0412113 0.0361705 0.1335956 0.1205899 0.1173872 0.2151316 0.2150668 0.2402775 
taxon5     0.1825810 0.1777639 0.0953522 0.0464408 0.0202390 0.0000000 0.0304093 0.0201682 0.0253027 0.0409153 0.0412973 0.0412387 0.0464563 0.0413236 0.1468032 0.1272465 0.1241289 0.2273471 0.2272939 0.2440164 
taxon6     0.1970604 0.1986951 0.0952512 0.0517882 0.0253469 0.0304093 0.0000000 0.0099017 0.0200986 0.0355433 0.0358774 0.0358262 0.0463633 0.0359004 0.1520333 0.1332494 0.1304364 0.2263470 0.2352622 0.2364052 
taxon7     0.1905653 0.1857609 0.0896963 0.0464785 0.0151297 0.0201682 0.0099017 0.0000000 0.0099982 0.0252579 0.0255001 0.0254639 0.0358812 0.0255167 0.1468984 0.1273323 0.1242148 0.2133054 0.2220094 0.2295377 
taxon8     0.1972436 0.1924621 0.0956694 0.0518321 0.0202467 0.0253027 0.0200986 0.0099982 0.0000000 0.0250656 0.0150320 0.0252689 0.0356073 0.0253204 0.1531399 0.1209536 0.1303384 0.2285806 0.2278539 0.2384888 
taxon9     0.2121500 0.2073988 0.1070913 0.0680973 0.0358081 0.0409153 0.0355433 0.0252579 0.0250656 0.0000000 0.0203027 0.0151567 0.0254250 0.0203159 0.1605661 0.1399132 0.1369716 0.2232106 0.2224877 0.2608352 
taxon10    0.2137635 0.2090003 0.1137697 0.0687074 0.0361472 0.0412973 0.0358774 0.0255001 0.0150320 0.0203027 0.0000000 0.0099688 0.0200718 0.0099892 0.1681972 0.1344122 0.1443244 0.2317263 0.2309886 0.2554938 
taxon11    0.2133903 0.2086335 0.1025081 0.0686066 0.0360960 0.0412387 0.0358262 0.0254639 0.0252689 0.0151567 0.0099688 0.0000000 0.0099946 0.0099755 0.1559469 0.1353160 0.1322834 0.2186061 0.2178864 0.2622514 
taxon12    0.2197499 0.2150261 0.1080558 0.0739828 0.0412113 0.0464563 0.0463633 0.0358812 0.0356073 0.0254250 0.0200718 0.0099946 0.0000000 0.0200840 0.1619480 0.1290877 0.1259662 0.2253032 0.2245736 0.2706150 
taxon13    0.2138678 0.2091043 0.1138342 0.0687496 0.0361705 0.0413236 0.0359004 0.0255167 0.0253204 0.0203159 0.0099892 0.0099755 0.0200840 0.0000000 0.1682861 0.1472546 0.1444047 0.2318347 0.2310967 0.2628520 
taxon14    0.1246373 0.1137140 0.0946320 0.1021063 0.1335956 0.1468032 0.1520333 0.1468984 0.1531399 0.1605661 0.1681972 0.1559469 0.1619480 0.1682861 0.0000000 0.0675836 0.0680309 0.1681330 0.1817578 0.1968433 
taxon15    0.1539268 0.1538980 0.1053667 0.0854305 0.1205899 0.1272465 0.1332494 0.1273323 0.1209536 0.1399132 0.1344122 0.1353160 0.1290877 0.1472546 0.0675836 0.0000000 0.0456479 0.1951815 0.2028011 0.1786976 
taxon16    0.1740980 0.1569744 0.0928719 0.1158575 0.1173872 0.1241289 0.1304364 0.1242148 0.1303384 0.1369716 0.1443244 0.1322834 0.1259662 0.1444047 0.0680309 0.0456479 0.0000000 0.1859055 0.1997892 0.2017629 
taxon17    0.1622966 0.1506569 0.1841727 0.2121428 0.2151316 0.2273471 0.2263470 0.2133054 0.2285806 0.2232106 0.2317263 0.2186061 0.2253032 0.2318347 0.1681330 0.1951815 0.1859055 0.0000000 0.0520673 0.1258242 
taxon18    0.1737546 0.1560939 0.1925689 0.2132774 0.2150668 0.2272939 0.2352622 0.2220094 0.2278539 0.2224877 0.2309886 0.2178864 0.2245736 0.2310967 0.1817578 0.2028011 0.1997892 0.0520673 0.0000000 0.1346041 
taxon19    0.1835463 0.1776654 0.2239800 0.2062436 0.2402775 0.2440164 0.2364052 0.2295377 0.2384888 0.2608352 0.2554938 0.2622514 0.2706150 0.2628520 0.1968433 0.1786976 0.2017629 0.1258242 0.1346041 0.0000000 
