20
taxon0     0.0000000 0.2777701 0.2639249 0.5046765 0.4714508 0.5026996 0.4994672 0.5302163 0.5606892 0.5363213 0.8091390 0.9412170 1.0297428 1.0318474 1.0117733 0.9729394 1.0391781 1.0477585 0.9877036 0.8976723 
taxon1     0.2777701 0.0000000 0.1184546 0.6355493 0.6364391 0.6471238 0.5703804 0.6197353 0.6484449 0.6539587 0.8881606 1.0036460 1.0750375 1.0914102 1.0699962 1.1389046 1.1542455 1.2096388 1.1921154 1.0511984 
taxon2     0.2639249 0.1184546 0.0000000 0.6028779 0.5809295 0.6442631 0.5308162 0.5585115 0.6289607 0.6355415 0.8485377 0.9676366 1.0280801 1.0311320 1.0616720 1.0970898 1.1274778 1.1348684 1.0994377 1.0194634 
taxon3     0.5046765 0.6355493 0.6028779 0.0000000 0.1766591 0.2377477 0.3531178 0.3820745 0.6481861 0.6793406 0.7416725 0.9201336 0.9247682 0.9242850 0.9831340 0.9317254 1.0349963 1.0542537 0.8896100 0.8674869 
taxon4     0.4714508 0.6364391 0.5809295 0.1766591 0.0000000 0.1271418 0.3530237 0.4064393 0.6246983 0.6869759 0.6523361 0.8473791 0.8861433 0.8782539 0.9647808 0.8973275 0.9678380 0.9760567 0.8473933 0.8204601 
taxon5     0.5026996 0.6471238 0.6442631 0.2377477 0.1271418 0.0000000 0.4155473 0.4550722 0.6217175 0.6617048 0.7198754 0.9151919 0.9134155 0.8939952 1.0059795 0.9771011 0.9915245 1.0499093 0.9231300 0.8712773 
taxon6     0.4994672 0.5703804 0.5308162 0.3531178 0.3530237 0.4155473 0.0000000 0.1242230 0.6329818 0.6694650 0.8350580 0.9896758 1.0005807 0.9915815 1.1455351 1.0798770 1.1359679 1.1586655 0.9849900 0.9629201 
taxon7     0.5302163 0.6197353 0.5585115 0.3820745 0.4064393 0.4550722 0.1242230 0.0000000 0.7100798 0.7537664 0.8431614 1.0106120 1.0548732 1.0200590 1.1086695 1.0855922 1.1364931 1.1759457 0.9876526 0.9290370 
taxon8     0.5606892 0.6484449 0.6289607 0.6481861 0.6246983 0.6217175 0.6329818 0.7100798 0.0000000 0.2503094 0.7385941 0.9223321 0.9419923 0.9132617 1.0068133 0.9042319 0.9869837 1.0082208 0.9208330 0.8455639 
taxon9     0.5363213 0.6539587 0.6355415 0.6793406 0.6869759 0.6617048 0.6694650 0.7537664 0.2503094 0.0000000 0.7379742 0.9329461 0.9894103 0.9817393 0.9103327 0.8679313 0.9145420 0.9489085 0.8971165 0.7967693 
taxon10    0.8091390 0.8881606 0.8485377 0.7416725 0.6523361 0.7198754 0.8350580 0.8431614 0.7385941 0.7379742 0.0000000 0.2050874 0.1981675 0.2773674 0.3604936 0.3877476 0.3466341 0.3947607 0.2696800 0.3163733 
taxon11    0.9412170 1.0036460 0.9676366 0.9201336 0.8473791 0.9151919 0.9896758 1.0106120 0.9223321 0.9329461 0.2050874 0.0000000 0.1994751 0.2534372 0.5289038 0.5569037 0.5083869 0.5638482 0.4199978 0.4544284 
taxon12    1.0297428 1.0750375 1.0280801 0.9247682 0.8861433 0.9134155 1.0005807 1.0548732 0.9419923 0.9894103 0.1981675 0.1994751 0.0000000 0.1726877 0.5384644 0.5790892 0.5237521 0.5965399 0.4493889 0.5069009 
taxon13    1.0318474 1.0914102 1.0311320 0.9242850 0.8782539 0.8939952 0.9915815 1.0200590 0.9132617 0.9817393 0.2773674 0.2534372 0.1726877 0.0000000 0.6011009 0.6505358 0.6002783 0.6885652 0.4970428 0.5089006 
taxon14    1.0117733 1.0699962 1.0616720 0.9831340 0.9647808 1.0059795 1.1455351 1.1086695 1.0068133 0.9103327 0.3604936 0.5289038 0.5384644 0.6011009 0.0000000 0.1728213 0.2025168 0.2334507 0.3368321 0.3100854 
taxon15    0.9729394 1.1389046 1.0970898 0.9317254 0.8973275 0.9771011 1.0798770 1.0855922 0.9042319 0.8679313 0.3877476 0.5569037 0.5790892 0.6505358 0.1728213 0.0000000 0.1803819 0.1879244 0.3667496 0.3455750 
taxon16    1.0391781 1.1542455 1.1274778 1.0349963 0.9678380 0.9915245 1.1359679 1.1364931 0.9869837 0.9145420 0.3466341 0.5083869 0.5237521 0.6002783 0.2025168 0.1803819 0.0000000 0.1007624 0.3349270 0.3567487 
taxon17    1.0477585 1.2096388 1.1348684 1.0542537 0.9760567 1.0499093 1.1586655 1.1759457 1.0082208 0.9489085 0.3947607 0.5638482 0.5965399 0.6885652 0.2334507 0.1879244 0.1007624 0.0000000 0.3593450 0.3687692 
taxon18    0.9877036 1.1921154 1.0994377 0.8896100 0.8473933 0.9231300 0.9849900 0.9876526 0.9208330 0.8971165 0.2696800 0.4199978 0.4493889 0.4970428 0.3368321 0.3667496 0.3349270 0.3593450 0.0000000 0.1844362 
taxon19    0.8976723 1.0511984 1.0194634 0.8674869 0.8204601 0.8712773 0.9629201 0.9290370 0.8455639 0.7967693 0.3163733 0.4544284 0.5069009 0.5089006 0.3100854 0.3455750 0.3567487 0.3687692 0.1844362 0.0000000 
