20
taxon0     0.0000000 0.4509012 0.7249977 1.3543221 1.1706839 1.5719263 1.4567428 1.7484644 1.7370472 1.9495191 2.3408540 1.8174694 1.8035135 1.7045079 1.7591197 1.7781679 1.8247536 1.6280819 1.8818363 1.4627025 
taxon1     0.4509012 0.0000000 0.3621553 1.1627712 1.1676622 1.4515973 1.3448453 1.7638563 1.5936291 1.7709412 2.2416941 1.8660470 2.0268977 1.5256700 1.5702802 1.9267969 1.7586701 1.5615467 1.8443494 1.4775395 
taxon2     0.7249977 0.3621553 0.0000000 1.5721151 1.5652686 1.9551854 1.6906502 2.2612245 2.0106210 2.0970164 2.6667037 2.1055545 2.1635684 1.9719088 1.7270965 1.9437713 1.9115203 1.8697278 2.2617799 1.7821518 
taxon3     1.3543221 1.1627712 1.5721151 0.0000000 0.3961898 1.5078098 1.5741054 2.0364503 1.3104192 1.4509165 2.1536062 1.9755450 1.9717937 1.1997514 1.4182592 1.8458693 1.8167477 1.7039058 1.9073869 1.5392721 
taxon4     1.1706839 1.1676622 1.5652686 0.3961898 0.0000000 1.5398055 1.5333468 1.8497743 1.3001567 1.5967839 2.1863617 2.0309772 2.0578420 1.2847788 1.4502031 1.6807876 1.7189361 1.5631954 2.1071884 1.5424606 
taxon5     1.5719263 1.4515973 1.9551854 1.5078098 1.5398055 0.0000000 0.7600654 1.1170204 1.3065080 1.2312702 1.6292009 1.3291510 1.5315894 1.1101417 1.3915546 2.2980065 2.4132404 2.1275608 2.0907946 1.8216582 
taxon6     1.4567428 1.3448453 1.6906502 1.5741054 1.5333468 0.7600654 0.0000000 0.6347153 1.2359362 1.3213099 1.7158814 1.5600131 1.4765467 1.1470499 1.4010685 2.3602335 2.5106951 2.2263114 2.2940300 2.0714307 
taxon7     1.7484644 1.7638563 2.2612245 2.0364503 1.8497743 1.1170204 0.6347153 0.0000000 1.6589403 1.9084927 2.3625661 2.0303331 2.1581927 1.6236674 2.0390025 3.6612957 3.5613724 2.8223827 2.9841350 2.6147626 
taxon8     1.7370472 1.5936291 2.0106210 1.3104192 1.3001567 1.3065080 1.2359362 1.6589403 0.0000000 0.6938354 1.1122805 1.0363038 1.3386693 0.6991480 0.9300261 2.4079948 2.1980351 2.0776141 2.0897842 2.0223427 
taxon9     1.9495191 1.7709412 2.0970164 1.4509165 1.5967839 1.2312702 1.3213099 1.9084927 0.6938354 0.0000000 0.7732210 0.6245958 0.9797353 0.7667468 0.9150955 1.9682459 2.3332992 1.9460790 1.9869343 1.8028853 
taxon10    2.3408540 2.2416941 2.6667037 2.1536062 2.1863617 1.6292009 1.7158814 2.3625661 1.1122805 0.7732210 0.0000000 0.4302470 0.7587788 1.1253425 1.3224364 2.0775233 2.3405433 2.1672451 2.5957716 2.2582243 
taxon11    1.8174694 1.8660470 2.1055545 1.9755450 2.0309772 1.3291510 1.5600131 2.0303331 1.0363038 0.6245958 0.4302470 0.0000000 0.3531639 0.9900545 1.2448032 2.1083024 2.1497791 2.0277746 2.3208356 2.1990458 
taxon12    1.8035135 2.0268977 2.1635684 1.9717937 2.0578420 1.5315894 1.4765467 2.1581927 1.3386693 0.9797353 0.7587788 0.3531639 0.0000000 1.2214687 1.2858076 2.0615905 2.1285705 2.1545599 2.2086601 2.0924955 
taxon13    1.7045079 1.5256700 1.9719088 1.1997514 1.2847788 1.1101417 1.1470499 1.6236674 0.6991480 0.7667468 1.1253425 0.9900545 1.2214687 0.0000000 0.4340287 2.0959311 1.9696367 1.9021652 2.2837744 1.8256743 
taxon14    1.7591197 1.5702802 1.7270965 1.4182592 1.4502031 1.3915546 1.4010685 2.0390025 0.9300261 0.9150955 1.3224364 1.2448032 1.2858076 0.4340287 0.0000000 2.1560022 2.3082175 2.0650701 2.1083014 2.0143354 
taxon15    1.7781679 1.9267969 1.9437713 1.8458693 1.6807876 2.2980065 2.3602335 3.6612957 2.4079948 1.9682459 2.0775233 2.1083024 2.0615905 2.0959311 2.1560022 0.0000000 0.3646372 0.8596804 1.4063622 1.1386765 
taxon16    1.8247536 1.7586701 1.9115203 1.8167477 1.7189361 2.4132404 2.5106951 3.5613724 2.1980351 2.3332992 2.3405433 2.1497791 2.1285705 1.9696367 2.3082175 0.3646372 0.0000000 0.7056642 1.2662737 1.0365600 
taxon17    1.6280819 1.5615467 1.8697278 1.7039058 1.5631954 2.1275608 2.2263114 2.8223827 2.0776141 1.9460790 2.1672451 2.0277746 2.1545599 1.9021652 2.0650701 0.8596804 0.7056642 0.0000000 1.2120587 1.0105460 
taxon18    1.8818363 1.8443494 2.2617799 1.9073869 2.1071884 2.0907946 2.2940300 2.9841350 2.0897842 1.9869343 2.5957716 2.3208356 2.2086601 2.2837744 2.1083014 1.4063622 1.2662737 1.2120587 0.0000000 0.5710469 
taxon19    1.4627025 1.4775395 1.7821518 1.5392721 1.5424606 1.8216582 2.0714307 2.6147626 2.0223427 1.8028853 2.2582243 2.1990458 2.0924955 1.8256743 2.0143354 1.1386765 1.0365600 1.0105460 0.5710469 0.0000000 
