20
taxon0     0.0000000 0.2335263 0.2468664 0.2676622 0.4652188 0.5260749 0.5140785 0.5194041 0.4155927 0.4387213 0.6273236 0.5582909 0.5986681 0.6758403 0.6954971 0.7090133 0.6413442 0.5890863 0.5953692 0.6043331 
taxon1     0.2335263 0.0000000 0.3611187 0.3559549 0.4340470 0.5056163 0.4715229 0.4581851 0.4977982 0.5398736 0.6673864 0.6437508 0.6657764 0.6879164 0.6578997 0.7259145 0.6231894 0.6357014 0.6840166 0.6325493 
taxon2     0.2468664 0.3611187 0.0000000 0.0729226 0.4226621 0.4470047 0.4708815 0.4748260 0.3796003 0.4044039 0.5816761 0.5602621 0.5441878 0.6764715 0.6965725 0.7146402 0.6188521 0.5477062 0.5456745 0.5694765 
taxon3     0.2676622 0.3559549 0.0729226 0.0000000 0.4278029 0.4561208 0.4842718 0.4749845 0.3719779 0.3941474 0.6437546 0.6122841 0.6036896 0.7209288 0.7427758 0.7602429 0.6629034 0.6064728 0.6049941 0.6032189 
taxon4     0.4652188 0.4340470 0.4226621 0.4278029 0.0000000 0.1316330 0.1470544 0.1238823 0.1865779 0.2473965 0.6432890 0.6009698 0.6082636 0.5802572 0.5937703 0.6329244 0.5987081 0.6125480 0.6072624 0.5980282 
taxon5     0.5260749 0.5056163 0.4470047 0.4561208 0.1316330 0.0000000 0.1009876 0.0789049 0.2606277 0.3028411 0.6767029 0.6381566 0.6936034 0.6873876 0.7237934 0.7468441 0.6885090 0.6679680 0.6500649 0.6389963 
taxon6     0.5140785 0.4715229 0.4708815 0.4842718 0.1470544 0.1009876 0.0000000 0.0759506 0.2726810 0.3369958 0.6886120 0.6421928 0.7361385 0.6976754 0.7290807 0.7508760 0.6958230 0.6951366 0.6969982 0.6646377 
taxon7     0.5194041 0.4581851 0.4748260 0.4749845 0.1238823 0.0789049 0.0759506 0.0000000 0.2611022 0.3181206 0.7287365 0.6881910 0.7332264 0.7293559 0.7525451 0.7730585 0.7042996 0.7173878 0.7086935 0.6787952 
taxon8     0.4155927 0.4977982 0.3796003 0.3719779 0.1865779 0.2606277 0.2726810 0.2611022 0.0000000 0.1165381 0.6538983 0.5893222 0.6063229 0.6177555 0.6539072 0.6816268 0.6531632 0.6271142 0.6163443 0.6375222 
taxon9     0.4387213 0.5398736 0.4044039 0.3941474 0.2473965 0.3028411 0.3369958 0.3181206 0.1165381 0.0000000 0.6205195 0.5629187 0.5825384 0.6278280 0.6614475 0.6935404 0.6410497 0.6069178 0.6116693 0.6202863 
taxon10    0.6273236 0.6673864 0.5816761 0.6437546 0.6432890 0.6767029 0.6886120 0.7287365 0.6538983 0.6205195 0.0000000 0.1087719 0.2364466 0.3456045 0.3950852 0.4080052 0.3585999 0.3212409 0.3424252 0.3565232 
taxon11    0.5582909 0.6437508 0.5602621 0.6122841 0.6009698 0.6381566 0.6421928 0.6881910 0.5893222 0.5629187 0.1087719 0.0000000 0.1978720 0.3222069 0.3718184 0.3900554 0.3484823 0.2822872 0.3111624 0.3378878 
taxon12    0.5986681 0.6657764 0.5441878 0.6036896 0.6082636 0.6936034 0.7361385 0.7332264 0.6063229 0.5825384 0.2364466 0.1978720 0.0000000 0.1701747 0.2167987 0.2498987 0.3467104 0.3155667 0.3273864 0.3331704 
taxon13    0.6758403 0.6879164 0.6764715 0.7209288 0.5802572 0.6873876 0.6976754 0.7293559 0.6177555 0.6278280 0.3456045 0.3222069 0.1701747 0.0000000 0.1150893 0.1371280 0.3869576 0.4043555 0.3857635 0.4081185 
taxon14    0.6954971 0.6578997 0.6965725 0.7427758 0.5937703 0.7237934 0.7290807 0.7525451 0.6539072 0.6614475 0.3950852 0.3718184 0.2167987 0.1150893 0.0000000 0.0986453 0.4024725 0.4444467 0.4511983 0.4621789 
taxon15    0.7090133 0.7259145 0.7146402 0.7602429 0.6329244 0.7468441 0.7508760 0.7730585 0.6816268 0.6935404 0.4080052 0.3900554 0.2498987 0.1371280 0.0986453 0.0000000 0.4261847 0.4484167 0.4604118 0.4170085 
taxon16    0.6413442 0.6231894 0.6188521 0.6629034 0.5987081 0.6885090 0.6958230 0.7042996 0.6531632 0.6410497 0.3585999 0.3484823 0.3467104 0.3869576 0.4024725 0.4261847 0.0000000 0.1792657 0.2916188 0.3112252 
taxon17    0.5890863 0.6357014 0.5477062 0.6064728 0.6125480 0.6679680 0.6951366 0.7173878 0.6271142 0.6069178 0.3212409 0.2822872 0.3155667 0.4043555 0.4444467 0.4484167 0.1792657 0.0000000 0.2154648 0.2370967 
taxon18    0.5953692 0.6840166 0.5456745 0.6049941 0.6072624 0.6500649 0.6969982 0.7086935 0.6163443 0.6116693 0.3424252 0.3111624 0.3273864 0.3857635 0.4511983 0.4604118 0.2916188 0.2154648 0.0000000 0.1356740 
taxon19    0.6043331 0.6325493 0.5694765 0.6032189 0.5980282 0.6389963 0.6646377 0.6787952 0.6375222 0.6202863 0.3565232 0.3378878 0.3331704 0.4081185 0.4621789 0.4170085 0.3112252 0.2370967 0.1356740 0.0000000 
