20
taxon0     0.0000000 0.0537373 0.0589447 0.0643841 0.0692801 0.0793539 0.3053639 0.2930612 0.2910038 0.2852875 0.2922011 0.3175643 0.3188682 0.3013458 0.3326618 0.3326618 0.3219326 0.3233389 0.3308550 0.3246297 
taxon1     0.0537373 0.0000000 0.0486490 0.0437701 0.0485902 0.0584335 0.2575552 0.2644598 0.2626061 0.2632881 0.2670557 0.2709385 0.2890332 0.2725786 0.2990484 0.2990484 0.2684459 0.2763973 0.2713277 0.2775462 
taxon2     0.0589447 0.0486490 0.0000000 0.0241290 0.0289292 0.0386593 0.2779290 0.2779607 0.2760112 0.2698241 0.2975416 0.3019083 0.3031133 0.2724517 0.3076858 0.3076858 0.2923311 0.3006922 0.3080488 0.3019189 
taxon3     0.0643841 0.0437701 0.0241290 0.0000000 0.0143763 0.0141677 0.2555660 0.2555640 0.2696617 0.2635043 0.2910288 0.2786463 0.2797056 0.2797989 0.3153121 0.3153121 0.2858280 0.2940928 0.3014037 0.2953008 
taxon4     0.0692801 0.0485902 0.0289292 0.0143763 0.0000000 0.0191540 0.2771547 0.2771851 0.2698254 0.2690866 0.2912078 0.2848462 0.2859391 0.2696555 0.3045053 0.3045053 0.2756124 0.2836695 0.2908575 0.2848397 
taxon5     0.0793539 0.0584335 0.0386593 0.0141677 0.0191540 0.0000000 0.2482697 0.2482581 0.2568025 0.2560960 0.2778956 0.2710556 0.2853789 0.2854675 0.3073145 0.3073145 0.2914896 0.2998071 0.3071298 0.3010267 
taxon6     0.3053639 0.2575552 0.2779290 0.2555660 0.2771547 0.2482697 0.0000000 0.0240313 0.0339769 0.0292165 0.0491913 0.0392465 0.0646747 0.0595125 0.0757779 0.0757779 0.0650391 0.0702793 0.0600330 0.0651270 
taxon7     0.2930612 0.2644598 0.2779607 0.2555640 0.2771851 0.2482581 0.0240313 0.0000000 0.0193288 0.0242753 0.0393032 0.0244200 0.0495161 0.0498795 0.0655997 0.0655997 0.0652874 0.0600767 0.0599951 0.0549596 
taxon8     0.2910038 0.2626061 0.2760112 0.2696617 0.2698254 0.2568025 0.0339769 0.0193288 0.0000000 0.0241029 0.0289985 0.0345268 0.0600112 0.0495242 0.0651335 0.0651335 0.0648254 0.0596509 0.0595705 0.0545692 
taxon9     0.2852875 0.2632881 0.2698241 0.2635043 0.2690866 0.2560960 0.0292165 0.0242753 0.0241029 0.0000000 0.0341434 0.0396495 0.0653393 0.0492310 0.0651363 0.0651363 0.0599397 0.0599467 0.0598655 0.0548387 
taxon10    0.2922011 0.2670557 0.2975416 0.2910288 0.2912078 0.2778956 0.0491913 0.0393032 0.0289985 0.0341434 0.0000000 0.0342251 0.0707558 0.0544598 0.0542777 0.0542777 0.0591336 0.0591404 0.0590613 0.0541005 
taxon11    0.3175643 0.2709385 0.3019083 0.2786463 0.2848462 0.2710556 0.0392465 0.0244200 0.0345268 0.0396495 0.0342251 0.0000000 0.0445567 0.0448869 0.0494889 0.0494889 0.0492572 0.0441916 0.0441335 0.0392017 
taxon12    0.3188682 0.2890332 0.3031133 0.2797056 0.2859391 0.2853789 0.0646747 0.0495161 0.0600112 0.0653393 0.0707558 0.0445567 0.0000000 0.0297564 0.0404311 0.0404311 0.0348226 0.0449334 0.0448734 0.0398611 
taxon13    0.3013458 0.2725786 0.2724517 0.2797989 0.2696555 0.2854675 0.0595125 0.0498795 0.0495242 0.0492310 0.0544598 0.0448869 0.0297564 0.0000000 0.0347302 0.0347302 0.0343612 0.0346118 0.0345665 0.0296090 
taxon14    0.3326618 0.2990484 0.3076858 0.3153121 0.3045053 0.3073145 0.0757779 0.0655997 0.0651335 0.0651363 0.0542777 0.0494889 0.0404311 0.0347302 0.0000000 0.0000010 0.0394083 0.0443000 0.0442417 0.0392969 
taxon15    0.3326618 0.2990484 0.3076858 0.3153121 0.3045053 0.3073145 0.0757779 0.0655997 0.0651335 0.0651363 0.0542777 0.0494889 0.0404311 0.0347302 0.0000010 0.0000000 0.0394083 0.0443000 0.0442417 0.0392969 
taxon16    0.3219326 0.2684459 0.2923311 0.2858280 0.2756124 0.2914896 0.0650391 0.0652874 0.0648254 0.0599397 0.0591336 0.0492572 0.0348226 0.0343612 0.0394083 0.0394083 0.0000000 0.0241907 0.0241599 0.0193138 
taxon17    0.3233389 0.2763973 0.3006922 0.2940928 0.2836695 0.2998071 0.0702793 0.0600767 0.0596509 0.0599467 0.0591404 0.0441916 0.0449334 0.0346118 0.0443000 0.0443000 0.0241907 0.0000000 0.0096032 0.0047981 
taxon18    0.3308550 0.2713277 0.3080488 0.3014037 0.2908575 0.3071298 0.0600330 0.0599951 0.0595705 0.0598655 0.0590613 0.0441335 0.0448734 0.0345665 0.0442417 0.0442417 0.0241599 0.0096032 0.0000000 0.0047922 
taxon19    0.3246297 0.2775462 0.3019189 0.2953008 0.2848397 0.3010267 0.0651270 0.0549596 0.0545692 0.0548387 0.0541005 0.0392017 0.0398611 0.0296090 0.0392969 0.0392969 0.0193138 0.0047981 0.0047922 0.0000000 
