20
taxon0     0.0000000 0.0199628 0.0199084 0.0627392 0.0460336 0.2476540 0.2601066 0.2650699 0.2712384 0.2473698 0.2539489 0.2602608 0.2608337 0.2604315 0.2454494 0.2682415 0.2880652 0.2635022 0.2699350 0.2853058 
taxon1     0.0199628 0.0000000 0.0098711 0.0412452 0.0355053 0.2462529 0.2722201 0.2635905 0.2697295 0.2459720 0.2525177 0.2587988 0.2593657 0.2589675 0.2604525 0.2667325 0.2864353 0.2620090 0.2684106 0.2836937 
taxon2     0.0199084 0.0098711 0.0000000 0.0517248 0.0354084 0.2319201 0.2714367 0.2490860 0.2551429 0.2452620 0.2517897 0.2580541 0.2586178 0.2582218 0.2596999 0.2659626 0.2712398 0.2473153 0.2536321 0.2685812 
taxon3     0.0627392 0.0412452 0.0517248 0.0000000 0.0298913 0.2726758 0.3026324 0.2935218 0.2998219 0.2894600 0.2962787 0.3027931 0.3034809 0.2889184 0.3047147 0.2815750 0.2997952 0.2889701 0.2954753 0.3112541 
taxon4     0.0460336 0.0355053 0.0354084 0.0298913 0.0000000 0.2448020 0.2737604 0.2650859 0.2712478 0.2609332 0.2675775 0.2739424 0.2600178 0.2604524 0.2756896 0.2533469 0.2708297 0.2604549 0.2668211 0.2820051 
taxon5     0.2476540 0.2462529 0.2319201 0.2726758 0.2448020 0.0000000 0.0503303 0.0297510 0.0347219 0.0301454 0.0352461 0.0403218 0.0403914 0.0403392 0.0405882 0.0456550 0.0461218 0.0299334 0.0349704 0.0453943 
taxon6     0.2601066 0.2722201 0.2714367 0.3026324 0.2737604 0.0503303 0.0000000 0.0397086 0.0345730 0.0500749 0.0552046 0.0499581 0.0603925 0.0499981 0.0502821 0.0553287 0.0674413 0.0609777 0.0661513 0.0664216 
taxon7     0.2650699 0.2635905 0.2490860 0.2935218 0.2650859 0.0297510 0.0397086 0.0000000 0.0048457 0.0449727 0.0398677 0.0448679 0.0552433 0.0449039 0.0451598 0.0501933 0.0618718 0.0555442 0.0606773 0.0609235 
taxon8     0.2712384 0.2697295 0.2551429 0.2998219 0.2712478 0.0347219 0.0345730 0.0048457 0.0000000 0.0499901 0.0448688 0.0498737 0.0602916 0.0499135 0.0501967 0.0552355 0.0670360 0.0606172 0.0657596 0.0660268 
taxon9     0.2473698 0.2459720 0.2452620 0.2894600 0.2609332 0.0301454 0.0500749 0.0449727 0.0499901 0.0000000 0.0048584 0.0097266 0.0097426 0.0097305 0.0097907 0.0146818 0.0354520 0.0197144 0.0246768 0.0348761 
taxon10    0.2539489 0.2525177 0.2517897 0.2962787 0.2675775 0.0352461 0.0552046 0.0398677 0.0448688 0.0048584 0.0000000 0.0146216 0.0146457 0.0146275 0.0147177 0.0196185 0.0405932 0.0246963 0.0296762 0.0399455 
taxon11    0.2602608 0.2587988 0.2580541 0.3027931 0.2739424 0.0403218 0.0499581 0.0448679 0.0498737 0.0097266 0.0146216 0.0000000 0.0097388 0.0195234 0.0097681 0.0245484 0.0457008 0.0296655 0.0346574 0.0347948 
taxon12    0.2608337 0.2593657 0.2586178 0.3034809 0.2600178 0.0403914 0.0603925 0.0552433 0.0602916 0.0097426 0.0146457 0.0097388 0.0000000 0.0195557 0.0196759 0.0245895 0.0457803 0.0297156 0.0347161 0.0450624 
taxon13    0.2604315 0.2589675 0.2582218 0.2889184 0.2604524 0.0403392 0.0499981 0.0449039 0.0499135 0.0097305 0.0146275 0.0195234 0.0195557 0.0000000 0.0196512 0.0146598 0.0353972 0.0296779 0.0346720 0.0450045 
taxon14    0.2454494 0.2604525 0.2596999 0.3047147 0.2756896 0.0405882 0.0502821 0.0451598 0.0501967 0.0097907 0.0147177 0.0097681 0.0196759 0.0196512 0.0000000 0.0247092 0.0460023 0.0298601 0.0348838 0.0350230 
taxon15    0.2682415 0.2667325 0.2659626 0.2815750 0.2533469 0.0456550 0.0553287 0.0501933 0.0552355 0.0146818 0.0196185 0.0245484 0.0245895 0.0146598 0.0247092 0.0000000 0.0406848 0.0348302 0.0398609 0.0503051 
taxon16    0.2880652 0.2864353 0.2712398 0.2997952 0.2708297 0.0461218 0.0674413 0.0618718 0.0670360 0.0354520 0.0405932 0.0457008 0.0457803 0.0353972 0.0460023 0.0406848 0.0000000 0.0149202 0.0199145 0.0301388 
taxon17    0.2635022 0.2620090 0.2473153 0.2889701 0.2604549 0.0299334 0.0609777 0.0555442 0.0606172 0.0197144 0.0246963 0.0296655 0.0297156 0.0296779 0.0298601 0.0348302 0.0149202 0.0000000 0.0048417 0.0146615 
taxon18    0.2699350 0.2684106 0.2536321 0.2954753 0.2668211 0.0349704 0.0661513 0.0606773 0.0657596 0.0246768 0.0296762 0.0346574 0.0347161 0.0346720 0.0348838 0.0398609 0.0199145 0.0048417 0.0000000 0.0195759 
taxon19    0.2853058 0.2836937 0.2685812 0.3112541 0.2820051 0.0453943 0.0664216 0.0609235 0.0660268 0.0348761 0.0399455 0.0347948 0.0450624 0.0450045 0.0350230 0.0503051 0.0301388 0.0146615 0.0195759 0.0000000 
