19
taxon0     0.0000000 0.0049013 0.0298335 0.0197247 0.0397238 0.0346092 0.0446829 0.0396514 0.0499102 0.0447259 0.0346092 0.1544408 0.1619139 0.1619139 0.1745881 0.1937613 0.1937613 0.1618663 0.1610953 
taxon1     0.0049013 0.0000000 0.0348819 0.0247092 0.0447872 0.0396398 0.0497570 0.0447057 0.0550226 0.0498049 0.0396398 0.1604649 0.1680137 0.1680137 0.1807535 0.2000297 0.2000297 0.1679624 0.1671706 
taxon2     0.0298335 0.0348819 0.0000000 0.0098535 0.0196485 0.0246979 0.0347204 0.0297106 0.0296228 0.0347537 0.0246979 0.1606483 0.1682056 0.1682056 0.1852956 0.1911918 0.1911918 0.1727737 0.1864470 
taxon3     0.0197247 0.0247092 0.0098535 0.0000000 0.0196798 0.0146970 0.0245955 0.0196438 0.0296696 0.0246189 0.0146970 0.1479677 0.1553366 0.1553366 0.1855678 0.1914704 0.1914704 0.1599367 0.1733385 
taxon4     0.0397238 0.0447872 0.0196485 0.0196798 0.0000000 0.0048646 0.0146528 0.0097526 0.0097239 0.0146666 0.0048646 0.1716680 0.1793173 0.1793173 0.1893642 0.1952151 0.1952151 0.1838161 0.1975974 
taxon5     0.0346092 0.0396398 0.0246979 0.0146970 0.0048646 0.0000000 0.0097272 0.0048557 0.0146666 0.0097364 0.0000010 0.1652581 0.1728140 0.1728140 0.1961997 0.2020885 0.2020885 0.1773283 0.1909724 
taxon6     0.0446829 0.0497570 0.0347204 0.0245955 0.0146528 0.0097272 0.0000000 0.0048397 0.0146182 0.0097043 0.0097272 0.1772920 0.1849958 0.1849958 0.2085328 0.2144573 0.2144573 0.1894652 0.2033149 
taxon7     0.0396514 0.0447057 0.0297106 0.0196438 0.0097526 0.0048557 0.0048397 0.0000000 0.0097296 0.0048443 0.0048557 0.1713423 0.1789764 0.1789764 0.2024485 0.2083579 0.2083579 0.1834697 0.1972237 
taxon8     0.0499102 0.0550226 0.0296228 0.0296696 0.0097239 0.0146666 0.0146182 0.0097296 0.0000000 0.0048550 0.0146666 0.1839787 0.1917875 0.1917875 0.2018192 0.1952995 0.1952995 0.1962456 0.2102532 
taxon9     0.0447259 0.0498049 0.0347537 0.0246189 0.0146666 0.0097364 0.0097043 0.0048443 0.0048550 0.0000000 0.0097364 0.1774840 0.1851980 0.1851980 0.2087608 0.2021762 0.2021762 0.1896710 0.2035380 
taxon10    0.0346092 0.0396398 0.0246979 0.0146970 0.0048646 0.0000010 0.0097272 0.0048557 0.0146666 0.0097364 0.0000000 0.1652581 0.1728140 0.1728140 0.1961997 0.2020885 0.2020885 0.1773283 0.1909724 
taxon11    0.1544408 0.1604649 0.1606483 0.1479677 0.1716680 0.1652581 0.1772920 0.1713423 0.1839787 0.1774840 0.1652581 0.0000000 0.0049405 0.0049405 0.0455379 0.0506463 0.0506463 0.0249746 0.0353573 
taxon12    0.1619139 0.1680137 0.1682056 0.1553366 0.1793173 0.1728140 0.1849958 0.1789764 0.1917875 0.1851980 0.1728140 0.0049405 0.0000000 0.0000010 0.0511644 0.0563342 0.0563342 0.0303063 0.0408641 
taxon13    0.1619139 0.1680137 0.1682056 0.1553366 0.1793173 0.1728140 0.1849958 0.1789764 0.1917875 0.1851980 0.1728140 0.0049405 0.0000010 0.0000000 0.0511644 0.0563342 0.0563342 0.0303063 0.0408641 
taxon15    0.1745881 0.1807535 0.1852956 0.1855678 0.1893642 0.1961997 0.2085328 0.2024485 0.2018192 0.2087608 0.1961997 0.0455379 0.0511644 0.0511644 0.0000000 0.0148649 0.0148649 0.0249897 0.0301081 
taxon16    0.1937613 0.2000297 0.1911918 0.1914704 0.1952151 0.2020885 0.2144573 0.2083579 0.1952995 0.2021762 0.2020885 0.0506463 0.0563342 0.0563342 0.0148649 0.0000000 0.0000010 0.0300160 0.0404228 
taxon17    0.1937613 0.2000297 0.1911918 0.1914704 0.1952151 0.2020885 0.2144573 0.2083579 0.1952995 0.2021762 0.2020885 0.0506463 0.0563342 0.0563342 0.0148649 0.0000010 0.0000000 0.0300160 0.0404228 
taxon18    0.1618663 0.1679624 0.1727737 0.1599367 0.1838161 0.1773283 0.1894652 0.1834697 0.1962456 0.1896710 0.1773283 0.0249746 0.0303063 0.0303063 0.0249897 0.0300160 0.0300160 0.0000000 0.0149299 
taxon19    0.1610953 0.1671706 0.1864470 0.1733385 0.1975974 0.1909724 0.2033149 0.1972237 0.2102532 0.2035380 0.1909724 0.0353573 0.0408641 0.0408641 0.0301081 0.0404228 0.0404228 0.0149299 0.0000000 
