18
taxon0     0.0000000 0.0049759 0.0357089 0.0410167 0.0357089 0.0306023 0.0306023 0.0691886 0.0748636 0.0861509 0.0750219 0.0750219 0.0866449 0.0866449 0.0885162 0.0872437 0.0867866 0.0811286 
taxon1     0.0049759 0.0000000 0.0409497 0.0463021 0.0409497 0.0358249 0.0358249 0.0747654 0.0751255 0.0864537 0.0806567 0.0806567 0.0923782 0.0923782 0.0872709 0.0929955 0.0925148 0.0868210 
taxon2     0.0357089 0.0409497 0.0000000 0.0049580 0.0000010 0.0149976 0.0149976 0.0743020 0.0799809 0.0853828 0.0801499 0.0801499 0.0805227 0.0805227 0.0879483 0.0866907 0.0919202 0.0862462 
taxon3     0.0410167 0.0463021 0.0049580 0.0000000 0.0049580 0.0200977 0.0200977 0.0800128 0.0857462 0.0911807 0.0859290 0.0859290 0.0748242 0.0748242 0.0821161 0.0809296 0.0861410 0.0805092 
taxon4     0.0357089 0.0409497 0.0000010 0.0049580 0.0000000 0.0149976 0.0149976 0.0743020 0.0799809 0.0853828 0.0801499 0.0801499 0.0805227 0.0805227 0.0879483 0.0866907 0.0919202 0.0862462 
taxon6     0.0306023 0.0358249 0.0149976 0.0200977 0.0149976 0.0000000 0.0000010 0.0689993 0.0746552 0.0859031 0.0748125 0.0748125 0.0866555 0.0866555 0.0824965 0.0813001 0.0752928 0.0697012 
taxon7     0.0306023 0.0358249 0.0149976 0.0200977 0.0149976 0.0000010 0.0000000 0.0689993 0.0746552 0.0859031 0.0748125 0.0748125 0.0866555 0.0866555 0.0824965 0.0813001 0.0752928 0.0697012 
taxon8     0.0691886 0.0747654 0.0743020 0.0800128 0.0743020 0.0689993 0.0689993 0.0000000 0.0200757 0.0252814 0.0150965 0.0150965 0.0305691 0.0305691 0.0315751 0.0310713 0.0311230 0.0371014 
taxon9     0.0748636 0.0751255 0.0799809 0.0857462 0.0799809 0.0746552 0.0746552 0.0200757 0.0000000 0.0100201 0.0099943 0.0099943 0.0252971 0.0252971 0.0306012 0.0355773 0.0356360 0.0416072 
taxon10    0.0861509 0.0864537 0.0853828 0.0911807 0.0853828 0.0859031 0.0859031 0.0252814 0.0100201 0.0000000 0.0099598 0.0099598 0.0252094 0.0252094 0.0304952 0.0354542 0.0355116 0.0414598 
taxon11    0.0750219 0.0806567 0.0801499 0.0859290 0.0801499 0.0748125 0.0748125 0.0150965 0.0099943 0.0099598 0.0000000 0.0000010 0.0150536 0.0150536 0.0256082 0.0252019 0.0252429 0.0309551 
taxon12    0.0750219 0.0806567 0.0801499 0.0859290 0.0801499 0.0748125 0.0748125 0.0150965 0.0099943 0.0099598 0.0000010 0.0000000 0.0150536 0.0150536 0.0256082 0.0252019 0.0252429 0.0309551 
taxon13    0.0866449 0.0923782 0.0805227 0.0748242 0.0805227 0.0866555 0.0866555 0.0305691 0.0252971 0.0252094 0.0150536 0.0150536 0.0000000 0.0000010 0.0257173 0.0253085 0.0303814 0.0304978 
taxon14    0.0866449 0.0923782 0.0805227 0.0748242 0.0805227 0.0866555 0.0866555 0.0305691 0.0252971 0.0252094 0.0150536 0.0150536 0.0000010 0.0000000 0.0257173 0.0253085 0.0303814 0.0304978 
taxon16    0.0885162 0.0872709 0.0879483 0.0821161 0.0879483 0.0824965 0.0824965 0.0315751 0.0306012 0.0304952 0.0256082 0.0256082 0.0257173 0.0257173 0.0000000 0.0101169 0.0204236 0.0205586 
taxon17    0.0872437 0.0929955 0.0866907 0.0809296 0.0866907 0.0813001 0.0813001 0.0310713 0.0355773 0.0354542 0.0252019 0.0252019 0.0253085 0.0253085 0.0101169 0.0000000 0.0200955 0.0202271 
taxon18    0.0867866 0.0925148 0.0919202 0.0861410 0.0919202 0.0752928 0.0752928 0.0311230 0.0356360 0.0355116 0.0252429 0.0252429 0.0303814 0.0303814 0.0204236 0.0200955 0.0000000 0.0101036 
taxon19    0.0811286 0.0868210 0.0862462 0.0805092 0.0862462 0.0697012 0.0697012 0.0371014 0.0416072 0.0414598 0.0309551 0.0309551 0.0304978 0.0304978 0.0205586 0.0202271 0.0101036 0.0000000 
