17
taxon0     0.0000000 0.0144271 0.0096100 0.0144429 0.0193691 0.0144429 0.2860204 0.2723723 0.2777551 0.2697145 0.2502305 0.2502305 0.2698896 0.2495127 0.2951716 0.2997489 0.2875526 
taxon1     0.0144271 0.0000000 0.0242883 0.0242750 0.0293003 0.0242750 0.3005145 0.2866469 0.2920758 0.2838723 0.2641330 0.2641330 0.2712545 0.2507662 0.3098267 0.3143805 0.2890253 
taxon2     0.0096100 0.0242883 0.0000000 0.0144473 0.0193749 0.0144473 0.2780149 0.2793619 0.2698629 0.2619291 0.2426272 0.2426272 0.2620965 0.2419337 0.2958712 0.3004557 0.2882328 
taxon3     0.0144429 0.0242750 0.0144473 0.0000000 0.0048029 0.0000010 0.2855561 0.2719264 0.2914378 0.2832500 0.2498160 0.2498160 0.2627396 0.2425207 0.2946945 0.2992689 0.2802129 
taxon4     0.0193691 0.0293003 0.0193749 0.0048029 0.0000000 0.0048029 0.2935649 0.2797854 0.2994905 0.2911931 0.2574230 0.2574230 0.2704677 0.2500378 0.3028124 0.3073835 0.2881821 
taxon5     0.0144429 0.0242750 0.0144473 0.0000010 0.0048029 0.0000000 0.2855561 0.2719264 0.2914378 0.2832500 0.2498160 0.2498160 0.2627396 0.2425207 0.2946945 0.2992689 0.2802129 
taxon6     0.2860204 0.3005145 0.2780149 0.2855561 0.2935649 0.2855561 0.0000000 0.0247268 0.0393719 0.0446779 0.0296044 0.0296044 0.0396360 0.0344503 0.0727481 0.0835239 0.0827950 
taxon7     0.2723723 0.2866469 0.2793619 0.2719264 0.2797854 0.2719264 0.0247268 0.0000000 0.0446222 0.0500108 0.0247056 0.0247056 0.0449230 0.0346366 0.0835337 0.0944021 0.0719119 
taxon8     0.2777551 0.2920758 0.2698629 0.2914378 0.2994905 0.2914378 0.0393719 0.0446222 0.0000000 0.0048352 0.0294594 0.0294594 0.0496067 0.0393385 0.0616455 0.0881241 0.0715214 
taxon9     0.2697145 0.2838723 0.2619291 0.2832500 0.2911931 0.2832500 0.0446779 0.0500108 0.0048352 0.0000000 0.0243753 0.0243753 0.0443284 0.0341775 0.0561057 0.0823495 0.0659378 
taxon10    0.2502305 0.2641330 0.2426272 0.2498160 0.2574230 0.2498160 0.0296044 0.0247056 0.0294594 0.0243753 0.0000000 0.0000010 0.0194627 0.0096481 0.0616003 0.0721951 0.0504952 
taxon11    0.2502305 0.2641330 0.2426272 0.2498160 0.2574230 0.2498160 0.0296044 0.0247056 0.0294594 0.0243753 0.0000010 0.0000000 0.0194627 0.0096481 0.0616003 0.0721951 0.0504952 
taxon12    0.2698896 0.2712545 0.2620965 0.2627396 0.2704677 0.2627396 0.0396360 0.0449230 0.0496067 0.0443284 0.0194627 0.0194627 0.0000000 0.0145220 0.0721617 0.0828512 0.0610603 
taxon13    0.2495127 0.2507662 0.2419337 0.2425207 0.2500378 0.2425207 0.0344503 0.0346366 0.0393385 0.0341775 0.0096481 0.0096481 0.0145220 0.0000000 0.0665490 0.0771378 0.0504353 
taxon17    0.2951716 0.3098267 0.2958712 0.2946945 0.3028124 0.2946945 0.0727481 0.0835337 0.0616455 0.0561057 0.0616003 0.0616003 0.0721617 0.0665490 0.0000000 0.0398144 0.0448769 
taxon18    0.2997489 0.3143805 0.3004557 0.2992689 0.3073835 0.2992689 0.0835239 0.0944021 0.0881241 0.0823495 0.0721951 0.0721951 0.0828512 0.0771378 0.0398144 0.0000000 0.0656799 
taxon19    0.2875526 0.2890253 0.2882328 0.2802129 0.2881821 0.2802129 0.0827950 0.0719119 0.0715214 0.0659378 0.0504952 0.0504952 0.0610603 0.0504353 0.0448769 0.0656799 0.0000000 
