20
taxon0     0.0000000 0.7289218 0.7093399 0.7465856 1.1740678 1.4410973 1.5099790 1.8424388 1.4541941 0.9890517 1.3360838 1.1086534 1.5601244 1.5380290 1.9022595 0.8773100 0.8065823 1.4168064 1.5961463 1.6647394 
taxon1     0.7289218 0.0000000 0.3071557 0.3192341 1.2732786 1.5530913 1.8153045 1.8722025 1.8612419 0.8766386 1.2128288 0.9339749 1.3404592 1.2639506 1.6539468 0.8956441 0.8659554 1.4921536 1.5430419 1.5760250 
taxon2     0.7093399 0.3071557 0.0000000 0.2252848 1.2646840 1.5290455 1.7163620 1.8945104 1.8136510 0.9892277 1.3224289 1.0984146 1.4342202 1.3262749 1.6074741 0.9463915 0.8337803 1.3924882 1.4629883 1.5800971 
taxon3     0.7465856 0.3192341 0.2252848 0.0000000 1.2432214 1.5934533 1.7333647 2.0595916 1.8853518 0.9499255 1.3028114 1.0661237 1.4251155 1.4001282 1.7311653 1.0242166 0.8460360 1.3921804 1.4828301 1.5784858 
taxon4     1.1740678 1.2732786 1.2646840 1.2432214 0.0000000 0.7875409 0.9035745 0.9576952 0.9178864 0.8400900 1.4310579 0.9387231 1.3805635 1.3262549 1.6190308 0.8010989 0.7698994 1.5093550 1.7540233 1.7825540 
taxon5     1.4410973 1.5530913 1.5290455 1.5934533 0.7875409 0.0000000 0.7104642 0.9518132 0.6940917 1.1370500 1.7163757 1.1340005 1.5010026 1.4765335 1.7546155 1.0841469 1.0583487 1.6906506 1.8400715 1.8180850 
taxon6     1.5099790 1.8153045 1.7163620 1.7333647 0.9035745 0.7104642 0.0000000 0.5423799 0.3462099 1.2374661 1.7696159 1.1991774 1.2979129 1.3043996 1.5543575 1.1638313 1.1073726 1.5986860 1.7832437 2.0185805 
taxon7     1.8424388 1.8722025 1.8945104 2.0595916 0.9576952 0.9518132 0.5423799 0.0000000 0.4808767 1.5475481 2.0861834 1.5839841 1.7682957 1.7843661 2.1524369 1.4518028 1.4315389 1.9505980 2.2036321 2.6934123 
taxon8     1.4541941 1.8612419 1.8136510 1.8853518 0.9178864 0.6940917 0.3462099 0.4808767 0.0000000 1.3087683 1.8434237 1.2863043 1.5297349 1.4264597 1.7479163 1.2228016 1.1955435 1.8211361 1.8619572 2.1831476 
taxon9     0.9890517 0.8766386 0.9892277 0.9499255 0.8400900 1.1370500 1.2374661 1.5475481 1.3087683 0.0000000 0.6561125 0.3959491 0.7666809 0.7929910 1.1127171 0.3332711 0.3084484 1.3275640 1.4777837 1.7513693 
taxon10    1.3360838 1.2128288 1.3224289 1.3028114 1.4310579 1.7163757 1.7696159 2.0861834 1.8434237 0.6561125 0.0000000 0.6854140 1.1111853 1.1775079 1.5871597 0.7180212 0.7301617 1.8165485 1.9494962 2.0855649 
taxon11    1.1086534 0.9339749 1.0984146 1.0661237 0.9387231 1.1340005 1.1991774 1.5839841 1.2863043 0.3959491 0.6854140 0.0000000 0.4741099 0.5779293 0.8669501 0.5116182 0.4525605 1.3025548 1.4247070 1.5384283 
taxon12    1.5601244 1.3404592 1.4342202 1.4251155 1.3805635 1.5010026 1.2979129 1.7682957 1.5297349 0.7666809 1.1111853 0.4741099 0.0000000 0.3299756 0.5985480 0.8481747 0.7869745 1.4709668 1.5959778 1.6882473 
taxon13    1.5380290 1.2639506 1.3262749 1.4001282 1.3262549 1.4765335 1.3043996 1.7843661 1.4264597 0.7929910 1.1775079 0.5779293 0.3299756 0.0000000 0.3669877 0.9350174 0.8560469 1.5187976 1.6821893 1.6688464 
taxon14    1.9022595 1.6539468 1.6074741 1.7311653 1.6190308 1.7546155 1.5543575 2.1524369 1.7479163 1.1127171 1.5871597 0.8669501 0.5985480 0.3669877 0.0000000 1.2326309 1.1955208 1.8621241 2.1887362 2.0959743 
taxon15    0.8773100 0.8956441 0.9463915 1.0242166 0.8010989 1.0841469 1.1638313 1.4518028 1.2228016 0.3332711 0.7180212 0.5116182 0.8481747 0.9350174 1.2326309 0.0000000 0.1731415 1.3996724 1.6013173 1.5838231 
taxon16    0.8065823 0.8659554 0.8337803 0.8460360 0.7698994 1.0583487 1.1073726 1.4315389 1.1955435 0.3084484 0.7301617 0.4525605 0.7869745 0.8560469 1.1955208 0.1731415 0.0000000 1.2544374 1.5001850 1.6794983 
taxon17    1.4168064 1.4921536 1.3924882 1.3921804 1.5093550 1.6906506 1.5986860 1.9505980 1.8211361 1.3275640 1.8165485 1.3025548 1.4709668 1.5187976 1.8621241 1.3996724 1.2544374 0.0000000 0.3847131 0.7685506 
taxon18    1.5961463 1.5430419 1.4629883 1.4828301 1.7540233 1.8400715 1.7832437 2.2036321 1.8619572 1.4777837 1.9494962 1.4247070 1.5959778 1.6821893 2.1887362 1.6013173 1.5001850 0.3847131 0.0000000 0.6669943 
taxon19    1.6647394 1.5760250 1.5800971 1.5784858 1.7825540 1.8180850 2.0185805 2.6934123 2.1831476 1.7513693 2.0855649 1.5384283 1.6882473 1.6688464 2.0959743 1.5838231 1.6794983 0.7685506 0.6669943 0.0000000 
