20
taxon0     0.0000000 0.2151824 0.3183602 0.3688344 0.3982033 0.4039815 0.4367331 0.3921536 0.6568909 0.6413542 0.6324066 0.7061725 0.7861039 1.0182721 0.9819685 0.6733133 0.7204378 0.7605140 0.8173135 0.8117015 
taxon1     0.2151824 0.0000000 0.1632441 0.4210268 0.4722820 0.4651201 0.4930416 0.4635817 0.7427591 0.6832009 0.7334402 0.7997850 0.8399267 0.9956017 0.9553741 0.7660570 0.7827228 0.8909548 0.9639193 0.8704204 
taxon2     0.3183602 0.1632441 0.0000000 0.5001760 0.5544159 0.5278975 0.4880020 0.4961064 0.8075684 0.7553154 0.7662118 0.8292964 0.8573876 1.0272436 0.9871265 0.8120526 0.8433060 0.9286138 0.9271950 0.8820039 
taxon3     0.3688344 0.4210268 0.5001760 0.0000000 0.1723124 0.1617478 0.4397765 0.4061520 0.8032306 0.7660276 0.7373323 0.7991230 0.8650160 0.9972937 0.9714544 0.7704359 0.7973373 0.8946435 0.9271925 0.8952860 
taxon4     0.3982033 0.4722820 0.5544159 0.1723124 0.0000000 0.1026421 0.4212971 0.3933651 0.7839465 0.7717222 0.7504866 0.7970293 0.8777632 0.9983390 0.9899888 0.7714068 0.8046542 0.8837979 0.9052741 0.9099642 
taxon5     0.4039815 0.4651201 0.5278975 0.1617478 0.1026421 0.0000000 0.4234649 0.3997748 0.8025836 0.7640821 0.7362401 0.7810306 0.8560162 0.9893951 0.9369633 0.7571023 0.8164493 0.8593101 0.8930434 0.8817528 
taxon6     0.4367331 0.4930416 0.4880020 0.4397765 0.4212971 0.4234649 0.0000000 0.1166084 0.5788773 0.5714697 0.5348517 0.5623225 0.6125574 0.7796399 0.7440148 0.5975458 0.6156313 0.7219617 0.7327970 0.6932931 
taxon7     0.3921536 0.4635817 0.4961064 0.4061520 0.3933651 0.3997748 0.1166084 0.0000000 0.5720682 0.5563295 0.5314920 0.5633625 0.6437010 0.8149555 0.7841490 0.5757170 0.6103809 0.6839589 0.7049242 0.6655220 
taxon8     0.6568909 0.7427591 0.8075684 0.8032306 0.7839465 0.8025836 0.5788773 0.5720682 0.0000000 0.1603348 0.2884882 0.3096461 0.3993149 0.5294158 0.4757976 0.2995307 0.3282448 0.4952035 0.4378111 0.4600597 
taxon9     0.6413542 0.6832009 0.7553154 0.7660276 0.7717222 0.7640821 0.5714697 0.5563295 0.1603348 0.0000000 0.2583598 0.2931959 0.3951130 0.5536657 0.5061597 0.2857900 0.2923669 0.4532907 0.4469950 0.4221772 
taxon10    0.6324066 0.7334402 0.7662118 0.7373323 0.7504866 0.7362401 0.5348517 0.5314920 0.2884882 0.2583598 0.0000000 0.0710923 0.1712355 0.3087782 0.2820336 0.1472965 0.1711389 0.3014661 0.3046926 0.2641761 
taxon11    0.7061725 0.7997850 0.8292964 0.7991230 0.7970293 0.7810306 0.5623225 0.5633625 0.3096461 0.2931959 0.0710923 0.0000000 0.1361561 0.2705558 0.2404560 0.1706365 0.2098654 0.3317116 0.3544340 0.2946586 
taxon12    0.7861039 0.8399267 0.8573876 0.8650160 0.8777632 0.8560162 0.6125574 0.6437010 0.3993149 0.3951130 0.1712355 0.1361561 0.0000000 0.2076542 0.1776900 0.2975389 0.3016461 0.4407032 0.4637534 0.4107514 
taxon13    1.0182721 0.9956017 1.0272436 0.9972937 0.9983390 0.9893951 0.7796399 0.8149555 0.5294158 0.5536657 0.3087782 0.2705558 0.2076542 0.0000000 0.0804701 0.4070305 0.4277658 0.5863627 0.5720167 0.5113759 
taxon14    0.9819685 0.9553741 0.9871265 0.9714544 0.9899888 0.9369633 0.7440148 0.7841490 0.4757976 0.5061597 0.2820336 0.2404560 0.1776900 0.0804701 0.0000000 0.3799264 0.4128381 0.5634100 0.5626396 0.5098097 
taxon15    0.6733133 0.7660570 0.8120526 0.7704359 0.7714068 0.7571023 0.5975458 0.5757170 0.2995307 0.2857900 0.1472965 0.1706365 0.2975389 0.4070305 0.3799264 0.0000000 0.1550587 0.2691433 0.3197602 0.2544087 
taxon16    0.7204378 0.7827228 0.8433060 0.7973373 0.8046542 0.8164493 0.6156313 0.6103809 0.3282448 0.2923669 0.1711389 0.2098654 0.3016461 0.4277658 0.4128381 0.1550587 0.0000000 0.2398097 0.2497704 0.2117135 
taxon17    0.7605140 0.8909548 0.9286138 0.8946435 0.8837979 0.8593101 0.7219617 0.6839589 0.4952035 0.4532907 0.3014661 0.3317116 0.4407032 0.5863627 0.5634100 0.2691433 0.2398097 0.0000000 0.2524745 0.2229347 
taxon18    0.8173135 0.9639193 0.9271950 0.9271925 0.9052741 0.8930434 0.7327970 0.7049242 0.4378111 0.4469950 0.3046926 0.3544340 0.4637534 0.5720167 0.5626396 0.3197602 0.2497704 0.2524745 0.0000000 0.1714394 
taxon19    0.8117015 0.8704204 0.8820039 0.8952860 0.9099642 0.8817528 0.6932931 0.6655220 0.4600597 0.4221772 0.2641761 0.2946586 0.4107514 0.5113759 0.5098097 0.2544087 0.2117135 0.2229347 0.1714394 0.0000000 
