20
taxon0     0.0000000 0.0049587 0.0410046 0.0403344 0.0458953 0.0306078 0.0517296 0.0519851 0.0573904 0.0635837 0.1523618 0.1509992 0.1581532 0.1666069 0.1591986 0.1524867 0.1524867 0.1582134 0.1724126 0.1559548 
taxon1     0.0049587 0.0000000 0.0358542 0.0352607 0.0510434 0.0357416 0.0465205 0.0520020 0.0626582 0.0689338 0.1466128 0.1567364 0.1639437 0.1724828 0.1650261 0.1582699 0.1582699 0.1640048 0.1665449 0.1502585 
taxon2     0.0410046 0.0358542 0.0000000 0.0302447 0.0406414 0.0200763 0.0359946 0.0465365 0.0678583 0.0742077 0.1533120 0.1634478 0.1694339 0.1780578 0.1705520 0.1637511 0.1637511 0.1694959 0.1734698 0.1569177 
taxon3     0.0403344 0.0352607 0.0302447 0.0000000 0.0460555 0.0303097 0.0466286 0.0524943 0.0630200 0.0693263 0.1465309 0.1448762 0.1562823 0.1646271 0.1573061 0.1506719 0.1506719 0.1563415 0.1531243 0.1501761 
taxon4     0.0458953 0.0510434 0.0406414 0.0460555 0.0000000 0.0253390 0.0466691 0.0468615 0.0524394 0.0468958 0.1667305 0.1712794 0.1775036 0.1743971 0.1739146 0.1717506 0.1717506 0.1657975 0.1935806 0.1585994 
taxon5     0.0306078 0.0357416 0.0200763 0.0303097 0.0253390 0.0000000 0.0308340 0.0361341 0.0520858 0.0581897 0.1540140 0.1522563 0.1520603 0.1604235 0.1530666 0.1464018 0.1464018 0.1521194 0.1738811 0.1576284 
taxon6     0.0517296 0.0465205 0.0359946 0.0466286 0.0466691 0.0308340 0.0000000 0.0100514 0.0407943 0.0411873 0.1400941 0.1721804 0.1784316 0.1706180 0.1796241 0.1726550 0.1726550 0.1784956 0.1658745 0.1594754 
taxon7     0.0519851 0.0520020 0.0465365 0.0524943 0.0468615 0.0361341 0.0100514 0.0000000 0.0356952 0.0360415 0.1474261 0.1739645 0.1802649 0.1723814 0.1814772 0.1744473 0.1744473 0.1803295 0.1735773 0.1670713 
taxon8     0.0573904 0.0626582 0.0678583 0.0630200 0.0524394 0.0520858 0.0407943 0.0356952 0.0000000 0.0201563 0.1658572 0.1807014 0.1870459 0.1672308 0.1834994 0.1812044 0.1812044 0.1751503 0.1847308 0.1740049 
taxon9     0.0635837 0.0689338 0.0742077 0.0693263 0.0468958 0.0581897 0.0411873 0.0360415 0.0201563 0.0000000 0.1682918 0.1833362 0.1897555 0.1697013 0.1861990 0.1838519 0.1838519 0.1777297 0.1873937 0.1765552 
taxon10    0.1523618 0.1466128 0.1533120 0.1465309 0.1667305 0.1540140 0.1400941 0.1474261 0.1658572 0.1682918 0.0000000 0.0259687 0.0312423 0.0256604 0.0314421 0.0260346 0.0260346 0.0312583 0.0206530 0.0154755 
taxon11    0.1509992 0.1567364 0.1634478 0.1448762 0.1712794 0.1522563 0.1721804 0.1739645 0.1807014 0.1833362 0.0259687 0.0000000 0.0101116 0.0154700 0.0101753 0.0050546 0.0050546 0.0101169 0.0260495 0.0306880 
taxon12    0.1581532 0.1639437 0.1694339 0.1562823 0.1775036 0.1520603 0.1784316 0.1802649 0.1870459 0.1897555 0.0312423 0.0101116 0.0000000 0.0154509 0.0101629 0.0050486 0.0050486 0.0101047 0.0365192 0.0358999 
taxon13    0.1666069 0.1724828 0.1780578 0.1646271 0.1743971 0.1604235 0.1706180 0.1723814 0.1672308 0.1697013 0.0256604 0.0154700 0.0154509 0.0000000 0.0104430 0.0103006 0.0103006 0.0051437 0.0308560 0.0313031 
taxon14    0.1591986 0.1650261 0.1705520 0.1573061 0.1739146 0.1530666 0.1796241 0.1814772 0.1834994 0.1861990 0.0314421 0.0101753 0.0101629 0.0104430 0.0000000 0.0050796 0.0050796 0.0051205 0.0367528 0.0311761 
taxon15    0.1524867 0.1582699 0.1637511 0.1506719 0.1717506 0.1464018 0.1726550 0.1744473 0.1812044 0.1838519 0.0260346 0.0050546 0.0050486 0.0103006 0.0050796 0.0000000 0.0000010 0.0050512 0.0313010 0.0307646 
taxon16    0.1524867 0.1582699 0.1637511 0.1506719 0.1717506 0.1464018 0.1726550 0.1744473 0.1812044 0.1838519 0.0260346 0.0050546 0.0050486 0.0103006 0.0050796 0.0000010 0.0000000 0.0050512 0.0313010 0.0307646 
taxon17    0.1582134 0.1640048 0.1694959 0.1563415 0.1657975 0.1521194 0.1784956 0.1803295 0.1751503 0.1777297 0.0312583 0.0101169 0.0101047 0.0051437 0.0051205 0.0050512 0.0050512 0.0000000 0.0365377 0.0255993 
taxon18    0.1724126 0.1665449 0.1734698 0.1531243 0.1935806 0.1738811 0.1658745 0.1735773 0.1847308 0.1873937 0.0206530 0.0260495 0.0365192 0.0308560 0.0367528 0.0313010 0.0313010 0.0365377 0.0000000 0.0261446 
taxon19    0.1559548 0.1502585 0.1569177 0.1501761 0.1585994 0.1576284 0.1594754 0.1670713 0.1740049 0.1765552 0.0154755 0.0306880 0.0358999 0.0313031 0.0311761 0.0307646 0.0307646 0.0255993 0.0261446 0.0000000 
