20
taxon0     0.0000000 0.0253730 0.0689592 0.0924447 0.1045152 0.0974569 0.0858877 0.0918503 0.0988328 0.1049184 0.2213111 0.2090528 0.2059467 0.1981087 0.2047867 0.2236877 0.1889329 0.2034354 0.2009053 0.1995990 
taxon1     0.0253730 0.0000000 0.0798665 0.1225420 0.1272339 0.1275455 0.1043055 0.0972829 0.1177719 0.1240811 0.2411977 0.2384346 0.2355491 0.2273624 0.2342880 0.2339283 0.2176429 0.2328442 0.2298632 0.2146325 
taxon2     0.0689592 0.0798665 0.0000000 0.0755708 0.0530889 0.0877957 0.0823630 0.0933133 0.0983588 0.0926813 0.1970828 0.2091481 0.1957696 0.1917813 0.1846224 0.1704811 0.2032246 0.2192851 0.1895608 0.1962181 
taxon3     0.0924447 0.1225420 0.0755708 0.0000000 0.0310511 0.0518880 0.0572024 0.0682904 0.0523681 0.0579278 0.1890881 0.1857720 0.1725941 0.1805581 0.1734797 0.1798906 0.1798161 0.1820867 0.1784451 0.1850341 
taxon4     0.1045152 0.1272339 0.0530889 0.0310511 0.0000000 0.0576435 0.0630212 0.0735301 0.0630845 0.0576908 0.1950981 0.2073341 0.1937785 0.1897123 0.1824607 0.1802663 0.2013223 0.2175771 0.1874785 0.1942222 
taxon5     0.0974569 0.1275455 0.0877957 0.0518880 0.0576435 0.0000000 0.0252014 0.0461891 0.0515668 0.0462977 0.1876707 0.1843832 0.1586677 0.1656460 0.1721201 0.1943763 0.1804161 0.1960923 0.1790342 0.1728350 
taxon6     0.0858877 0.1043055 0.0823630 0.0572024 0.0630212 0.0252014 0.0000000 0.0264319 0.0517137 0.0464305 0.1940565 0.1875007 0.1708734 0.1718554 0.1783616 0.1940716 0.1917017 0.2121354 0.1945606 0.1979024 
taxon7     0.0918503 0.0972829 0.0933133 0.0682904 0.0735301 0.0461891 0.0264319 0.0000000 0.0409590 0.0463333 0.1867258 0.1851567 0.1796001 0.1798169 0.1864201 0.1939428 0.2001705 0.2096967 0.1921987 0.2060870 
taxon8     0.0988328 0.1177719 0.0983588 0.0523681 0.0630845 0.0515668 0.0517137 0.0409590 0.0000000 0.0050147 0.1858908 0.1856388 0.1715064 0.1724394 0.1789701 0.1814873 0.1816910 0.1974411 0.1802637 0.1876573 
taxon9     0.1049184 0.1240811 0.0926813 0.0579278 0.0576908 0.0462977 0.0464305 0.0463333 0.0050147 0.0000000 0.1930183 0.1927491 0.1784520 0.1794243 0.1860197 0.1886207 0.1888423 0.2048144 0.1873474 0.1948480 
taxon10    0.2213111 0.2411977 0.1970828 0.1890881 0.1950981 0.1876707 0.1940565 0.1867258 0.1858908 0.1930183 0.0000000 0.0357412 0.0306656 0.0310128 0.0256933 0.0410594 0.0531306 0.0534129 0.0520509 0.0690368 
taxon11    0.2090528 0.2384346 0.2091481 0.1857720 0.2073341 0.1843832 0.1875007 0.1851567 0.1856388 0.1927491 0.0357412 0.0000000 0.0251527 0.0305596 0.0253199 0.0517747 0.0465636 0.0525885 0.0407425 0.0624531 
taxon12    0.2059467 0.2355491 0.1957696 0.1725941 0.1937785 0.1586677 0.1708734 0.1796001 0.1715064 0.1784520 0.0306656 0.0251527 0.0000000 0.0252215 0.0200603 0.0411360 0.0414329 0.0524284 0.0409052 0.0411636 
taxon13    0.1981087 0.2273624 0.1917813 0.1805581 0.1897123 0.1656460 0.1718554 0.1798169 0.1724394 0.1794243 0.0310128 0.0305596 0.0252215 0.0000000 0.0050098 0.0415451 0.0367211 0.0480572 0.0254080 0.0414572 
taxon14    0.2047867 0.2342880 0.1846224 0.1734797 0.1824607 0.1721201 0.1783616 0.1864201 0.1789701 0.1860197 0.0256933 0.0253199 0.0200603 0.0050098 0.0000000 0.0361375 0.0420878 0.0535530 0.0305885 0.0467929 
taxon15    0.2236877 0.2339283 0.1704811 0.1798906 0.1802663 0.1943763 0.1940716 0.1939428 0.1814873 0.1886207 0.0410594 0.0517747 0.0411360 0.0415451 0.0361375 0.0000000 0.0462243 0.0467459 0.0358482 0.0466604 
taxon16    0.1889329 0.2176429 0.2032246 0.1798161 0.2013223 0.1804161 0.1917017 0.2001705 0.1816910 0.1888423 0.0531306 0.0465636 0.0414329 0.0367211 0.0420878 0.0462243 0.0000000 0.0307757 0.0304398 0.0407800 
taxon17    0.2034354 0.2328442 0.2192851 0.1820867 0.2175771 0.1960923 0.2121354 0.2096967 0.1974411 0.2048144 0.0534129 0.0525885 0.0524284 0.0480572 0.0535530 0.0467459 0.0307757 0.0000000 0.0360974 0.0463487 
taxon18    0.2009053 0.2298632 0.1895608 0.1784451 0.1874785 0.1790342 0.1945606 0.1921987 0.1802637 0.1873474 0.0520509 0.0407425 0.0409052 0.0254080 0.0305885 0.0358482 0.0304398 0.0360974 0.0000000 0.0357065 
taxon19    0.1995990 0.2146325 0.1962181 0.1850341 0.1942222 0.1728350 0.1979024 0.2060870 0.1876573 0.1948480 0.0690368 0.0624531 0.0411636 0.0414572 0.0467929 0.0466604 0.0407800 0.0463487 0.0357065 0.0000000 
