20
taxon0     0.0000000 0.0352940 0.1498295 0.1834008 0.1820217 0.1697579 0.1836390 0.2407633 0.2413876 0.1883465 0.1609349 0.1959829 0.1877051 0.1831460 0.2368424 0.2204721 0.2376157 0.2641951 0.2111588 0.2080098 
taxon1     0.0352940 0.0000000 0.1483814 0.1742278 0.1802716 0.1881489 0.2019453 0.2611802 0.2614649 0.1983353 0.1837564 0.2230477 0.1991171 0.2081251 0.2566166 0.2397334 0.2386327 0.2648249 0.2197619 0.2191326 
taxon2     0.1498295 0.1483814 0.0000000 0.0662483 0.0656523 0.2344746 0.2494206 0.3038288 0.3051958 0.2495554 0.2312850 0.2556754 0.2429190 0.2681432 0.3002244 0.2967303 0.2994763 0.3183993 0.3206839 0.2929314 
taxon3     0.1834008 0.1742278 0.0662483 0.0000000 0.0096644 0.2719971 0.2793243 0.3124094 0.3136647 0.2755561 0.2629663 0.2826393 0.2777372 0.3110546 0.3474372 0.3435284 0.3056613 0.3217351 0.3192320 0.2903092 
taxon4     0.1820217 0.1802716 0.0656523 0.0096644 0.0000000 0.2623801 0.2774586 0.3301576 0.3248646 0.2736963 0.2611886 0.2807475 0.2758583 0.3090491 0.3452745 0.3337294 0.3125376 0.3288236 0.3264838 0.2956433 
taxon5     0.1697579 0.1881489 0.2344746 0.2719971 0.2623801 0.0000000 0.0681415 0.1282675 0.1260875 0.1478024 0.1276908 0.1504027 0.1335474 0.1637649 0.1963326 0.1878892 0.2929156 0.3138608 0.2372990 0.2275887 
taxon6     0.1836390 0.2019453 0.2494206 0.2793243 0.2774586 0.0681415 0.0000000 0.0897964 0.0944203 0.1454292 0.1428520 0.1300986 0.1333641 0.1603844 0.1954058 0.1904384 0.2785367 0.2990837 0.2478878 0.2450887 
taxon7     0.2407633 0.2611802 0.3038288 0.3124094 0.3301576 0.1282675 0.0897964 0.0000000 0.0406530 0.2229167 0.2057452 0.2008323 0.2112190 0.2349543 0.2607970 0.2546087 0.3458474 0.3568119 0.3185328 0.3062523 
taxon8     0.2413876 0.2614649 0.3051958 0.3136647 0.3248646 0.1260875 0.0944203 0.0406530 0.0000000 0.2271547 0.2100203 0.2050543 0.2154437 0.2307844 0.2636759 0.2504826 0.3466797 0.3688684 0.3150338 0.3028349 
taxon9     0.1883465 0.1983353 0.2495554 0.2755561 0.2736963 0.1478024 0.1454292 0.2229167 0.2271547 0.0000000 0.0611379 0.1174428 0.1004241 0.1258687 0.1696193 0.1600371 0.2727303 0.2868856 0.2437924 0.2333796 
taxon10    0.1609349 0.1837564 0.2312850 0.2629663 0.2611886 0.1276908 0.1428520 0.2057452 0.2100203 0.0611379 0.0000000 0.1039149 0.0980875 0.1071635 0.1610194 0.1517630 0.2563604 0.2678111 0.2193291 0.2220060 
taxon11    0.1959829 0.2230477 0.2556754 0.2826393 0.2807475 0.1504027 0.1300986 0.2008323 0.2050543 0.1174428 0.1039149 0.0000000 0.0452507 0.0845749 0.1075677 0.1064647 0.2795391 0.2977547 0.2613589 0.2600973 
taxon12    0.1877051 0.1991171 0.2429190 0.2777372 0.2758583 0.1335474 0.1333641 0.2112190 0.2154437 0.1004241 0.0980875 0.0452507 0.0000000 0.0787388 0.1064482 0.1053278 0.2610354 0.2892105 0.2364345 0.2305477 
taxon13    0.1831460 0.2081251 0.2681432 0.3110546 0.3090491 0.1637649 0.1603844 0.2349543 0.2307844 0.1258687 0.1071635 0.0845749 0.0787388 0.0000000 0.0779450 0.0709391 0.2692397 0.2986422 0.2438417 0.2519891 
taxon14    0.2368424 0.2566166 0.3002244 0.3474372 0.3452745 0.1963326 0.1954058 0.2607970 0.2636759 0.1696193 0.1610194 0.1075677 0.1064482 0.0779450 0.0000000 0.0296663 0.3250654 0.3523546 0.3096027 0.2957923 
taxon15    0.2204721 0.2397334 0.2967303 0.3435284 0.3337294 0.1878892 0.1904384 0.2546087 0.2504826 0.1600371 0.1517630 0.1064647 0.1053278 0.0709391 0.0296663 0.0000000 0.3042810 0.3313923 0.2963974 0.2761951 
taxon16    0.2376157 0.2386327 0.2994763 0.3056613 0.3125376 0.2929156 0.2785367 0.3458474 0.3466797 0.2727303 0.2563604 0.2795391 0.2610354 0.2692397 0.3250654 0.3042810 0.0000000 0.0396223 0.1497854 0.1568756 
taxon17    0.2641951 0.2648249 0.3183993 0.3217351 0.3288236 0.3138608 0.2990837 0.3568119 0.3688684 0.2868856 0.2678111 0.2977547 0.2892105 0.2986422 0.3523546 0.3313923 0.0396223 0.0000000 0.1736771 0.1697512 
taxon18    0.2111588 0.2197619 0.3206839 0.3192320 0.3264838 0.2372990 0.2478878 0.3185328 0.3150338 0.2437924 0.2193291 0.2613589 0.2364345 0.2438417 0.3096027 0.2963974 0.1497854 0.1736771 0.0000000 0.1071147 
taxon19    0.2080098 0.2191326 0.2929314 0.2903092 0.2956433 0.2275887 0.2450887 0.3062523 0.3028349 0.2333796 0.2220060 0.2600973 0.2305477 0.2519891 0.2957923 0.2761951 0.1568756 0.1697512 0.1071147 0.0000000 
