20
taxon0     0.0000000 0.1982878 0.1132757 0.5300130 0.5138704 0.5850693 0.5788269 0.6928643 0.6424915 0.6428089 0.6714726 0.7383530 0.9326152 0.9187938 0.8195401 0.6439568 0.6046004 0.6135202 0.7010414 0.6362208 
taxon1     0.1982878 0.0000000 0.1027335 0.6036767 0.5684199 0.6525570 0.6565501 0.7571132 0.7048760 0.7166993 0.7322059 0.7674940 0.9139394 0.9057046 0.8362778 0.6785283 0.6926754 0.7594753 0.8040626 0.7420425 
taxon2     0.1132757 0.1027335 0.0000000 0.5221806 0.5128730 0.5528332 0.5495791 0.6618596 0.6262564 0.6363249 0.6531760 0.7210580 0.8928132 0.9013996 0.8031946 0.6334017 0.6444157 0.6790217 0.7415996 0.6781220 
taxon3     0.5300130 0.6036767 0.5221806 0.0000000 0.1514451 0.4447552 0.4554145 0.6346719 0.6585236 0.7308110 0.7137353 0.6401325 0.8305516 0.8525253 0.9259306 0.6531636 0.8618191 0.9273190 1.0062423 0.9527526 
taxon4     0.5138704 0.5684199 0.5128730 0.1514451 0.0000000 0.4852890 0.4947380 0.5966237 0.6789237 0.7124564 0.6836906 0.6394884 0.8550204 0.8278579 0.8868726 0.6687571 0.8300377 0.8808818 0.9859868 0.9359143 
taxon5     0.5850693 0.6525570 0.5528332 0.4447552 0.4852890 0.0000000 0.1459172 0.4640094 0.4401922 0.5187290 0.4987685 0.5119390 0.6897251 0.7273706 0.7052905 0.4680481 0.6670556 0.6983896 0.8698322 0.7161622 
taxon6     0.5788269 0.6565501 0.5495791 0.4554145 0.4947380 0.1459172 0.0000000 0.4523604 0.4504953 0.5174359 0.4809544 0.5539469 0.6254611 0.7345954 0.6811243 0.4655104 0.6735795 0.7044059 0.8945780 0.7398943 
taxon7     0.6928643 0.7571132 0.6618596 0.6346719 0.5966237 0.4640094 0.4523604 0.0000000 0.1733502 0.2367034 0.2261570 0.4806321 0.6232559 0.6886291 0.6676357 0.4155686 0.6003760 0.6204056 0.7986322 0.6881022 
taxon8     0.6424915 0.7048760 0.6262564 0.6585236 0.6789237 0.4401922 0.4504953 0.1733502 0.0000000 0.0985154 0.1236604 0.4642108 0.6443209 0.6918248 0.6157672 0.3982174 0.5838238 0.6004152 0.7550656 0.6380393 
taxon9     0.6428089 0.7166993 0.6363249 0.7308110 0.7124564 0.5187290 0.5174359 0.2367034 0.0985154 0.0000000 0.1759429 0.5144591 0.6892571 0.7161951 0.6509965 0.4854591 0.6551543 0.6118378 0.7406083 0.6358536 
taxon10    0.6714726 0.7322059 0.6531760 0.7137353 0.6836906 0.4987685 0.4809544 0.2261570 0.1236604 0.1759429 0.0000000 0.5404543 0.6995616 0.7574371 0.6788000 0.4553025 0.6083742 0.6125749 0.7952901 0.6649806 
taxon11    0.7383530 0.7674940 0.7210580 0.6401325 0.6394884 0.5119390 0.5539469 0.4806321 0.4642108 0.5144591 0.5404543 0.0000000 0.3563888 0.3903012 0.3785972 0.3751432 0.5477967 0.5311912 0.6365794 0.5727057 
taxon12    0.9326152 0.9139394 0.8928132 0.8305516 0.8550204 0.6897251 0.6254611 0.6232559 0.6443209 0.6892571 0.6995616 0.3563888 0.0000000 0.2942675 0.2361428 0.5199826 0.6831768 0.6546967 0.7935514 0.6947158 
taxon13    0.9187938 0.9057046 0.9013996 0.8525253 0.8278579 0.7273706 0.7345954 0.6886291 0.6918248 0.7161951 0.7574371 0.3903012 0.2942675 0.0000000 0.1311124 0.5805839 0.6983841 0.7067504 0.8474112 0.7506110 
taxon14    0.8195401 0.8362778 0.8031946 0.9259306 0.8868726 0.7052905 0.6811243 0.6676357 0.6157672 0.6509965 0.6788000 0.3785972 0.2361428 0.1311124 0.0000000 0.5624474 0.6074398 0.5900688 0.7586931 0.6486479 
taxon15    0.6439568 0.6785283 0.6334017 0.6531636 0.6687571 0.4680481 0.4655104 0.4155686 0.3982174 0.4854591 0.4553025 0.3751432 0.5199826 0.5805839 0.5624474 0.0000000 0.3754997 0.3845909 0.5173375 0.4141522 
taxon16    0.6046004 0.6926754 0.6444157 0.8618191 0.8300377 0.6670556 0.6735795 0.6003760 0.5838238 0.6551543 0.6083742 0.5477967 0.6831768 0.6983841 0.6074398 0.3754997 0.0000000 0.2730702 0.4063751 0.3237587 
taxon17    0.6135202 0.7594753 0.6790217 0.9273190 0.8808818 0.6983896 0.7044059 0.6204056 0.6004152 0.6118378 0.6125749 0.5311912 0.6546967 0.7067504 0.5900688 0.3845909 0.2730702 0.0000000 0.2510660 0.1799974 
taxon18    0.7010414 0.8040626 0.7415996 1.0062423 0.9859868 0.8698322 0.8945780 0.7986322 0.7550656 0.7406083 0.7952901 0.6365794 0.7935514 0.8474112 0.7586931 0.5173375 0.4063751 0.2510660 0.0000000 0.1294798 
taxon19    0.6362208 0.7420425 0.6781220 0.9527526 0.9359143 0.7161622 0.7398943 0.6881022 0.6380393 0.6358536 0.6649806 0.5727057 0.6947158 0.7506110 0.6486479 0.4141522 0.3237587 0.1799974 0.1294798 0.0000000 
