20
taxon0     0.0000000 0.0347041 0.0098016 0.0146582 0.0195692 0.0447192 0.0403962 0.0456447 0.0398758 0.0498444 0.0604663 0.0706562 0.0655305 0.0772738 0.0814115 0.2340146 0.2457720 0.2410244 0.2143572 0.2295462 
taxon1     0.0347041 0.0000000 0.0245644 0.0347148 0.0448091 0.0601774 0.0772265 0.0717856 0.0553371 0.0761247 0.0660212 0.0767760 0.0822237 0.0832550 0.0877265 0.2482355 0.2536016 0.2553700 0.2478329 0.2638349 
taxon2     0.0098016 0.0245644 0.0000000 0.0196568 0.0296002 0.0447146 0.0509129 0.0456399 0.0398714 0.0603279 0.0658013 0.0760479 0.0708915 0.0717928 0.0868955 0.2411365 0.2464969 0.2482097 0.2279472 0.2434834 
taxon3     0.0146582 0.0347148 0.0196568 0.0000000 0.0146548 0.0401750 0.0512693 0.0513655 0.0352728 0.0504941 0.0563163 0.0666318 0.0614455 0.0732591 0.0774886 0.2288544 0.2406458 0.2358623 0.2148982 0.2297057 
taxon4     0.0195692 0.0448091 0.0296002 0.0146548 0.0000000 0.0503985 0.0564461 0.0618382 0.0455128 0.0556039 0.0664129 0.0767274 0.0715374 0.0835267 0.0876452 0.2403501 0.2521294 0.2474002 0.2208618 0.2357576 
taxon5     0.0447192 0.0601774 0.0447146 0.0401750 0.0503985 0.0000000 0.0199009 0.0198481 0.0146228 0.0344087 0.0600812 0.0598305 0.0547813 0.0706211 0.0703679 0.2535847 0.2522209 0.2607259 0.2352371 0.2432847 
taxon6     0.0403962 0.0772265 0.0509129 0.0512693 0.0564461 0.0199009 0.0000000 0.0146925 0.0249747 0.0349395 0.0716357 0.0659833 0.0608520 0.0769960 0.0767193 0.2509288 0.2495870 0.2580191 0.2447625 0.2454929 
taxon7     0.0456447 0.0717856 0.0456399 0.0513655 0.0618382 0.0198481 0.0146925 0.0000000 0.0199057 0.0400991 0.0716654 0.0660112 0.0608783 0.0770270 0.0658848 0.2509488 0.2496075 0.2434972 0.2518321 0.2525695 
taxon8     0.0398758 0.0553371 0.0398714 0.0352728 0.0455128 0.0146228 0.0249747 0.0199057 0.0000000 0.0195319 0.0552494 0.0445684 0.0395723 0.0551147 0.0549129 0.2410513 0.2397610 0.2481122 0.2302821 0.2363682 
taxon9     0.0498444 0.0761247 0.0603279 0.0504941 0.0556039 0.0344087 0.0349395 0.0400991 0.0195319 0.0000000 0.0706062 0.0596669 0.0546315 0.0704267 0.0701748 0.2465565 0.2452380 0.2536304 0.2288235 0.2348716 
taxon10    0.0604663 0.0660212 0.0658013 0.0563163 0.0664129 0.0600812 0.0716357 0.0716654 0.0552494 0.0706062 0.0000000 0.0347522 0.0297553 0.0405776 0.0450440 0.2463762 0.2450587 0.2534493 0.2416627 0.2561937 
taxon11    0.0706562 0.0767760 0.0760479 0.0666318 0.0767274 0.0598305 0.0659833 0.0660112 0.0445684 0.0596669 0.0347522 0.0000000 0.0146669 0.0297132 0.0196366 0.2256506 0.2244617 0.2325427 0.2414605 0.2414960 
taxon12    0.0655305 0.0822237 0.0708915 0.0614455 0.0715374 0.0547813 0.0608520 0.0608783 0.0395723 0.0546315 0.0297553 0.0146669 0.0000000 0.0195375 0.0195844 0.2384151 0.2371520 0.2453931 0.2345168 0.2486954 
taxon13    0.0772738 0.0832550 0.0717928 0.0732591 0.0835267 0.0706211 0.0769960 0.0770270 0.0551147 0.0704267 0.0405776 0.0297132 0.0195375 0.0000000 0.0346533 0.2549853 0.2471738 0.2621362 0.2563613 0.2656029 
taxon14    0.0814115 0.0877265 0.0868955 0.0774886 0.0876452 0.0703679 0.0767193 0.0658848 0.0549129 0.0701748 0.0450440 0.0196366 0.0195844 0.0346533 0.0000000 0.2385241 0.2372606 0.2312062 0.2611926 0.2689354 
taxon15    0.2340146 0.2482355 0.2411365 0.2288544 0.2403501 0.2535847 0.2509288 0.2509488 0.2410513 0.2465565 0.2463762 0.2256506 0.2384151 0.2549853 0.2385241 0.0000000 0.0196067 0.0048907 0.0663197 0.0562150 
taxon16    0.2457720 0.2536016 0.2464969 0.2406458 0.2521294 0.2522209 0.2495870 0.2496075 0.2397610 0.2452380 0.2450587 0.2244617 0.2371520 0.2471738 0.2372606 0.0196067 0.0000000 0.0246137 0.0764944 0.0663899 
taxon17    0.2410244 0.2553700 0.2482097 0.2358623 0.2474002 0.2607259 0.2580191 0.2434972 0.2481122 0.2536304 0.2534493 0.2325427 0.2453931 0.2621362 0.2312062 0.0048907 0.0246137 0.0000000 0.0717169 0.0615703 
taxon18    0.2143572 0.2478329 0.2279472 0.2148982 0.2208618 0.2352371 0.2447625 0.2518321 0.2302821 0.2288235 0.2416627 0.2414605 0.2345168 0.2563613 0.2611926 0.0663197 0.0764944 0.0717169 0.0000000 0.0400020 
taxon19    0.2295462 0.2638349 0.2434834 0.2297057 0.2357576 0.2432847 0.2454929 0.2525695 0.2363682 0.2348716 0.2561937 0.2414960 0.2486954 0.2656029 0.2689354 0.0562150 0.0663899 0.0615703 0.0400020 0.0000000 
