20
taxon0     0.0000000 0.0296017 0.0196915 0.0246214 0.0622189 0.0559821 0.0561655 0.2325510 0.2578332 0.2437413 0.2528783 0.2384879 0.2451533 0.2487366 0.2427609 0.2437439 0.2378271 0.2375731 0.2383934 0.2310561 
taxon1     0.0296017 0.0000000 0.0096334 0.0241648 0.0662925 0.0499182 0.0602764 0.2278354 0.2526214 0.2388229 0.2631232 0.2487077 0.2553639 0.2437298 0.2378682 0.2388238 0.2468693 0.2477876 0.2335578 0.2412729 
taxon2     0.0196915 0.0096334 0.0000000 0.0144671 0.0559805 0.0398484 0.0501198 0.2156330 0.2402600 0.2265928 0.2505097 0.2362683 0.2428695 0.2314929 0.2256617 0.2265896 0.2344917 0.2353637 0.2213067 0.2289105 
taxon3     0.0246214 0.0241648 0.0144671 0.0000000 0.0507723 0.0549688 0.0551457 0.2214698 0.2461397 0.2324285 0.2564945 0.2421905 0.2488087 0.2250873 0.2192781 0.2324272 0.2403867 0.2412790 0.2271594 0.2348055 
taxon4     0.0622189 0.0662925 0.0559805 0.0507723 0.0000000 0.0195211 0.0196166 0.1988550 0.2228995 0.2131971 0.2451089 0.2311400 0.2252857 0.2213236 0.2134000 0.2108937 0.2105967 0.2212100 0.2177949 0.2130241 
taxon5     0.0559821 0.0499182 0.0398484 0.0549688 0.0195211 0.0000000 0.0145307 0.2061592 0.2304164 0.2206935 0.2529355 0.2387940 0.2328944 0.2400341 0.2270754 0.2191266 0.2188168 0.2138894 0.2261475 0.2213598 
taxon6     0.0561655 0.0602764 0.0501198 0.0551457 0.0196166 0.0145307 0.0000000 0.2084952 0.2330056 0.2232045 0.2480890 0.2414927 0.2355348 0.2412071 0.2339632 0.2192418 0.2189315 0.2091866 0.2262714 0.2214786 
taxon7     0.2325510 0.2278354 0.2156330 0.2214698 0.1988550 0.2061592 0.2084952 0.0000000 0.0194725 0.0196954 0.0347133 0.0245817 0.0196617 0.0297993 0.0246819 0.0146298 0.0295708 0.0301241 0.0195944 0.0147604 
taxon8     0.2578332 0.2526214 0.2402600 0.2461397 0.2228995 0.2304164 0.2330056 0.0194725 0.0000000 0.0196203 0.0446947 0.0344618 0.0295327 0.0396450 0.0446622 0.0343211 0.0293903 0.0400757 0.0293312 0.0346282 
taxon9     0.2437413 0.2388229 0.2265928 0.2324285 0.2131971 0.2206935 0.2232045 0.0196954 0.0196203 0.0000000 0.0554702 0.0449915 0.0399861 0.0294548 0.0344125 0.0347103 0.0397911 0.0405369 0.0296646 0.0350243 
taxon10    0.2528783 0.2631232 0.2505097 0.2564945 0.2451089 0.2529355 0.2480890 0.0347133 0.0446947 0.0554702 0.0000000 0.0196840 0.0147193 0.0661442 0.0606726 0.0499524 0.0451180 0.0508554 0.0450253 0.0398109 
taxon11    0.2384879 0.2487077 0.2362683 0.2421905 0.2311400 0.2387940 0.2414927 0.0245817 0.0344618 0.0449915 0.0196840 0.0000000 0.0146788 0.0554774 0.0501208 0.0396145 0.0347851 0.0453048 0.0347142 0.0295991 
taxon12    0.2451533 0.2553639 0.2428695 0.2488087 0.2252857 0.2328944 0.2355348 0.0196617 0.0295327 0.0399861 0.0147193 0.0146788 0.0000000 0.0504246 0.0451011 0.0346555 0.0398705 0.0402636 0.0397891 0.0246609 
taxon13    0.2487366 0.2437298 0.2314929 0.2250873 0.2213236 0.2400341 0.2412071 0.0297993 0.0396450 0.0294548 0.0661442 0.0554774 0.0504246 0.0000000 0.0196350 0.0397129 0.0448149 0.0456530 0.0346467 0.0400722 
taxon14    0.2427609 0.2378682 0.2256617 0.2192781 0.2134000 0.2270754 0.2339632 0.0246819 0.0446622 0.0344125 0.0606726 0.0501208 0.0451011 0.0196350 0.0000000 0.0298555 0.0502207 0.0511637 0.0399337 0.0249504 
taxon15    0.2437439 0.2388238 0.2265896 0.2324272 0.2108937 0.2191266 0.2192418 0.0146298 0.0343211 0.0347103 0.0499524 0.0396145 0.0346555 0.0397129 0.0298555 0.0000000 0.0344102 0.0350502 0.0244302 0.0147421 
taxon16    0.2378271 0.2468693 0.2344917 0.2403867 0.2105967 0.2188168 0.2189315 0.0295708 0.0293903 0.0397911 0.0451180 0.0347851 0.0398705 0.0448149 0.0502207 0.0344102 0.0000000 0.0298555 0.0195446 0.0347189 
taxon17    0.2375731 0.2477876 0.2353637 0.2412790 0.2212100 0.2138894 0.2091866 0.0301241 0.0400757 0.0405369 0.0508554 0.0453048 0.0402636 0.0456530 0.0511637 0.0350502 0.0298555 0.0000000 0.0299544 0.0249432 
taxon18    0.2383934 0.2335578 0.2213067 0.2271594 0.2177949 0.2261475 0.2262714 0.0195944 0.0293312 0.0296646 0.0450253 0.0347142 0.0397891 0.0346467 0.0399337 0.0244302 0.0195446 0.0299544 0.0000000 0.0246484 
taxon19    0.2310561 0.2412729 0.2289105 0.2348055 0.2130241 0.2213598 0.2214786 0.0147604 0.0346282 0.0350243 0.0398109 0.0295991 0.0246609 0.0400722 0.0249504 0.0147421 0.0347189 0.0249432 0.0246484 0.0000000 
