20
taxon0     0.0000000 0.0485749 0.0639339 0.0484249 0.0535529 0.0484413 0.0635471 0.0635471 0.2460670 0.2469786 0.2329337 0.2268080 0.2601443 0.2420389 0.2410791 0.2288339 0.2284337 0.2403855 0.2218326 0.2213653 
taxon1     0.0485749 0.0000000 0.0842551 0.0790495 0.0743357 0.0891566 0.0740733 0.0740733 0.2602402 0.2754094 0.2413658 0.2823415 0.2802601 0.2885359 0.2414955 0.2534338 0.2392264 0.2390806 0.2462454 0.2461072 
taxon2     0.0639339 0.0842551 0.0000000 0.0142331 0.0190434 0.0189917 0.0336042 0.0288422 0.2275604 0.2153108 0.2268727 0.2342335 0.2281142 0.2345974 0.2217612 0.2215171 0.2342913 0.2462763 0.2276561 0.2271753 
taxon3     0.0484249 0.0790495 0.0142331 0.0000000 0.0141516 0.0141136 0.0285380 0.0238132 0.2066366 0.2074243 0.2060348 0.2261144 0.2200508 0.2264560 0.2137868 0.2135543 0.2131877 0.2249312 0.2067438 0.2063156 
taxon4     0.0535529 0.0743357 0.0190434 0.0141516 0.0000000 0.0188830 0.0142250 0.0190714 0.2135909 0.2015412 0.2011387 0.2201677 0.2141110 0.2204953 0.1960368 0.2076507 0.2202031 0.2200674 0.2136949 0.2014163 
taxon5     0.0484413 0.0891566 0.0189917 0.0141136 0.0188830 0.0000000 0.0237276 0.0237276 0.2185265 0.2064945 0.2178810 0.2133374 0.2190547 0.2136481 0.2128239 0.2009059 0.2133627 0.2251226 0.2069097 0.2064805 
taxon6     0.0635471 0.0740733 0.0336042 0.0285380 0.0142250 0.0237276 0.0000000 0.0094579 0.2127473 0.2139002 0.2134821 0.2327020 0.2266181 0.2330602 0.1958920 0.2075010 0.2200478 0.2199123 0.2135426 0.2012695 
taxon7     0.0635471 0.0740733 0.0288422 0.0238132 0.0190714 0.0237276 0.0094579 0.0000000 0.2127473 0.2139002 0.2134821 0.2327020 0.2266181 0.2330602 0.1958920 0.2075010 0.2200478 0.2199123 0.2135426 0.2012695 
taxon8     0.2460670 0.2602402 0.2275604 0.2066366 0.2135909 0.2185265 0.2127473 0.2127473 0.0000000 0.0294831 0.0392849 0.0547705 0.0441906 0.0492839 0.0496273 0.0495831 0.0495097 0.0595218 0.0444110 0.0543840 
taxon9     0.2469786 0.2754094 0.2153108 0.2074243 0.2015412 0.2064945 0.2139002 0.2139002 0.0294831 0.0000000 0.0394466 0.0343000 0.0445348 0.0391844 0.0396174 0.0395824 0.0497124 0.0597629 0.0445935 0.0546050 
taxon10    0.2329337 0.2413658 0.2268727 0.2060348 0.2011387 0.2178810 0.2134821 0.2134821 0.0392849 0.0394466 0.0000000 0.0344927 0.0492429 0.0394035 0.0295366 0.0394429 0.0342939 0.0243636 0.0343492 0.0343305 
taxon11    0.2268080 0.2823415 0.2342335 0.2261144 0.2201677 0.2133374 0.2327020 0.2327020 0.0547705 0.0343000 0.0344927 0.0000000 0.0598358 0.0244216 0.0447534 0.0347060 0.0448315 0.0446942 0.0397194 0.0497402 
taxon12    0.2601443 0.2802601 0.2281142 0.2200508 0.2141110 0.2190547 0.2266181 0.2266181 0.0441906 0.0445348 0.0492429 0.0598358 0.0000000 0.0341469 0.0546700 0.0546212 0.0544620 0.0644841 0.0596757 0.0648357 
taxon13    0.2420389 0.2885359 0.2345974 0.2264560 0.2204953 0.2136481 0.2330602 0.2330602 0.0492839 0.0391844 0.0394035 0.0244216 0.0341469 0.0000000 0.0497077 0.0396468 0.0497953 0.0496427 0.0446669 0.0497732 
taxon14    0.2410791 0.2414955 0.2217612 0.2137868 0.1960368 0.2128239 0.1958920 0.1958920 0.0496273 0.0396174 0.0295366 0.0447534 0.0546700 0.0497077 0.0000000 0.0096833 0.0194558 0.0194436 0.0145448 0.0145369 
taxon15    0.2288339 0.2534338 0.2215171 0.2135543 0.2076507 0.2009059 0.2075010 0.2075010 0.0495831 0.0395824 0.0394429 0.0347060 0.0546212 0.0396468 0.0096833 0.0000000 0.0096988 0.0194323 0.0048339 0.0145284 
taxon16    0.2284337 0.2392264 0.2342913 0.2131877 0.2202031 0.2133627 0.2200478 0.2200478 0.0495097 0.0497124 0.0342939 0.0448315 0.0544620 0.0497953 0.0194558 0.0096988 0.0000000 0.0096303 0.0048269 0.0145075 
taxon17    0.2403855 0.2390806 0.2462763 0.2249312 0.2200674 0.2251226 0.2199123 0.2199123 0.0595218 0.0597629 0.0243636 0.0446942 0.0644841 0.0496427 0.0194436 0.0194323 0.0096303 0.0000000 0.0145063 0.0144984 
taxon18    0.2218326 0.2462454 0.2276561 0.2067438 0.2136949 0.2069097 0.2135426 0.2135426 0.0444110 0.0445935 0.0343492 0.0397194 0.0596757 0.0446669 0.0145448 0.0048339 0.0048269 0.0145063 0.0000000 0.0096407 
taxon19    0.2213653 0.2461072 0.2271753 0.2063156 0.2014163 0.2064805 0.2012695 0.2012695 0.0543840 0.0546050 0.0343305 0.0497402 0.0648357 0.0497732 0.0145369 0.0145284 0.0145075 0.0144984 0.0096407 0.0000000 
