20
taxon0     0.0000000 2.9992856 1.5207202 2.8520914 1.9530732 3.7109223 5.8449753 5.2743247 5.0726043 4.4792256 3.3935128 4.5423533 5.3821361 5.0467556 8.9999987 3.2928555 3.6080437 5.1004036 4.2143634 2.6245661 
taxon1     2.9992856 0.0000000 1.7247598 5.6228997 4.3023752 8.9999985 8.9999982 7.4978864 8.9999989 8.3682237 6.8981696 8.9999986 5.9167202 8.9999985 8.9999981 3.7508136 4.0704596 5.4750600 4.8115128 5.2027150 
taxon2     1.5207202 1.7247598 0.0000000 3.1943177 2.3525348 3.6105025 3.9131562 3.0045215 3.0531909 3.1002549 3.8003085 5.9104866 3.4642614 4.2012991 6.1788777 1.8134600 2.2719685 3.0263037 2.5117823 2.1478630 
taxon3     2.8520914 5.6228997 3.1943177 0.0000000 1.0122536 4.4402041 4.6055673 4.3299760 3.6873262 4.0074248 3.1672913 3.4726956 4.5772158 4.7352020 8.9999989 3.2701106 3.9252221 4.4657217 4.1178161 3.3767081 
taxon4     1.9530732 4.3023752 2.3525348 1.0122536 0.0000000 3.6287267 3.3873928 3.2828289 3.0823018 3.2454754 1.9095383 2.7372052 3.3611131 4.6005655 5.6844968 2.1956079 2.4855674 3.4039040 2.9189320 2.2055487 
taxon5     3.7109223 8.9999985 3.6105025 4.4402041 3.6287267 0.0000000 2.4550693 2.6708053 2.6409997 2.6134358 3.5411401 3.4541467 6.5222843 6.0910598 7.1459036 3.9058723 3.5968716 5.6042005 7.5309937 4.8069997 
taxon6     5.8449753 8.9999982 3.9131562 4.6055673 3.3873928 2.4550693 0.0000000 1.5337728 1.6300186 1.7012169 5.3041165 4.1216780 8.7731591 8.9999988 8.9999983 4.3598219 4.0937931 5.6178187 6.4302853 4.2561259 
taxon7     5.2743247 7.4978864 3.0045215 4.3299760 3.2828289 2.6708053 1.5337728 0.0000000 1.4297429 1.2517479 4.3551431 3.5063145 5.6491473 7.1178125 8.9999982 4.1023278 4.0135232 7.5286663 4.9405513 3.1921147 
taxon8     5.0726043 8.9999989 3.0531909 3.6873262 3.0823018 2.6409997 1.6300186 1.4297429 0.0000000 0.9894616 3.7383594 4.1400325 4.8291485 8.9999984 5.3007698 2.8384864 2.6067068 3.9757968 3.7926811 3.2438107 
taxon9     4.4792256 8.3682237 3.1002549 4.0074248 3.2454754 2.6134358 1.7012169 1.2517479 0.9894616 0.0000000 3.6022374 3.8561316 5.6572710 5.7834089 5.0269839 3.0547980 3.1694636 6.1889549 4.3263517 2.8360962 
taxon10    3.3935128 6.8981696 3.8003085 3.1672913 1.9095383 3.5411401 5.3041165 4.3551431 3.7383594 3.6022374 0.0000000 1.2130686 5.3685271 5.7515530 5.6935445 4.3590738 3.9170476 5.4815717 6.5438920 5.8423605 
taxon11    4.5423533 8.9999986 5.9104866 3.4726956 2.7372052 3.4541467 4.1216780 3.5063145 4.1400325 3.8561316 1.2130686 0.0000000 5.5393431 8.9999989 5.0959562 3.8682846 3.7385284 5.7573619 5.4178425 5.4747707 
taxon12    5.3821361 5.9167202 3.4642614 4.5772158 3.3611131 6.5222843 8.7731591 5.6491473 4.8291485 5.6572710 5.3685271 5.5393431 0.0000000 0.8024798 3.5937705 2.1794909 2.6817839 2.9988933 2.6485105 2.4011677 
taxon13    5.0467556 8.9999985 4.2012991 4.7352020 4.6005655 6.0910598 8.9999988 7.1178125 8.9999984 5.7834089 5.7515530 8.9999989 0.8024798 0.0000000 3.9578436 2.6800587 3.2553632 3.4325188 3.1324947 2.6406970 
taxon14    8.9999987 8.9999981 6.1788777 8.9999989 5.6844968 7.1459036 8.9999983 8.9999982 5.3007698 5.0269839 5.6935445 5.0959562 3.5937705 3.9578436 0.0000000 1.3943683 1.9417631 2.5366213 2.9396593 3.6333026 
taxon15    3.2928555 3.7508136 1.8134600 3.2701106 2.1956079 3.9058723 4.3598219 4.1023278 2.8384864 3.0547980 4.3590738 3.8682846 2.1794909 2.6800587 1.3943683 0.0000000 0.6994856 1.2513771 1.9400010 1.5737689 
taxon16    3.6080437 4.0704596 2.2719685 3.9252221 2.4855674 3.5968716 4.0937931 4.0135232 2.6067068 3.1694636 3.9170476 3.7385284 2.6817839 3.2553632 1.9417631 0.6994856 0.0000000 0.8617716 2.1194451 2.2440176 
taxon17    5.1004036 5.4750600 3.0263037 4.4657217 3.4039040 5.6042005 5.6178187 7.5286663 3.9757968 6.1889549 5.4815717 5.7573619 2.9988933 3.4325188 2.5366213 1.2513771 0.8617716 0.0000000 2.8129208 2.7932187 
taxon18    4.2143634 4.8115128 2.5117823 4.1178161 2.9189320 7.5309937 6.4302853 4.9405513 3.7926811 4.3263517 6.5438920 5.4178425 2.6485105 3.1324947 2.9396593 1.9400010 2.1194451 2.8129208 0.0000000 1.5049653 
taxon19    2.6245661 5.2027150 2.1478630 3.3767081 2.2055487 4.8069997 4.2561259 3.1921147 3.2438107 2.8360962 5.8423605 5.4747707 2.4011677 2.6406970 3.6333026 1.5737689 2.2440176 2.7932187 1.5049653 0.0000000 
