20
taxon0     0.0000000 0.1100029 0.1431500 0.2410490 0.2751815 0.1928065 0.3437682 0.3647479 0.3954186 0.4136677 0.4467734 0.3967836 0.3706631 0.3543596 0.3684247 0.3754395 0.3647061 0.3748782 0.3371371 0.3594218 
taxon1     0.1100029 0.0000000 0.0872580 0.2276530 0.2544189 0.1909617 0.3859821 0.4084836 0.4513819 0.4551208 0.4911842 0.4377792 0.3710754 0.3719139 0.3709310 0.3798947 0.3794868 0.3813387 0.3138722 0.3698995 
taxon2     0.1431500 0.0872580 0.0000000 0.2723211 0.2921597 0.2298877 0.4286199 0.4868222 0.5055669 0.4991457 0.5440032 0.4882401 0.4526773 0.4438749 0.4208992 0.4396287 0.4242248 0.4390433 0.3712036 0.4383210 
taxon3     0.2410490 0.2276530 0.2723211 0.0000000 0.2040412 0.1476595 0.3848876 0.4446783 0.4643603 0.4647033 0.5229351 0.4770865 0.3847615 0.3760928 0.3744118 0.3672701 0.3703040 0.4014676 0.3765414 0.4329204 
taxon4     0.2751815 0.2544189 0.2921597 0.2040412 0.0000000 0.1064511 0.4647604 0.4848098 0.4985392 0.4870111 0.5368451 0.4931142 0.4522058 0.4433642 0.4066662 0.4193146 0.4105041 0.4289697 0.4092640 0.4734778 
taxon5     0.1928065 0.1909617 0.2298877 0.1476595 0.1064511 0.0000000 0.3610364 0.4098060 0.4080699 0.4187591 0.4651451 0.4234033 0.3601229 0.3328224 0.3651771 0.3596380 0.3446371 0.3395972 0.3338287 0.3937902 
taxon6     0.3437682 0.3859821 0.4286199 0.3848876 0.4647604 0.3610364 0.0000000 0.1200269 0.1480546 0.1548810 0.2053334 0.1502341 0.1795041 0.1712795 0.1946566 0.2058977 0.1993397 0.1811591 0.2925997 0.3404493 
taxon7     0.3647479 0.4084836 0.4868222 0.4446783 0.4848098 0.4098060 0.1200269 0.0000000 0.1352874 0.1475728 0.1972667 0.1429406 0.2057903 0.2086066 0.2260388 0.2383975 0.2371647 0.2039956 0.2878086 0.3288435 
taxon8     0.3954186 0.4513819 0.5055669 0.4643603 0.4985392 0.4080699 0.1480546 0.1352874 0.0000000 0.1090408 0.1697838 0.1296501 0.2192383 0.2217590 0.2372417 0.2413656 0.2815231 0.2368598 0.3482048 0.3611303 
taxon9     0.4136677 0.4551208 0.4991457 0.4647033 0.4870111 0.4187591 0.1548810 0.1475728 0.1090408 0.0000000 0.1166641 0.0673216 0.2423723 0.2375963 0.2305322 0.2380246 0.2643414 0.2426192 0.3676772 0.3808848 
taxon10    0.4467734 0.4911842 0.5440032 0.5229351 0.5368451 0.4651451 0.2053334 0.1972667 0.1697838 0.1166641 0.0000000 0.0551135 0.2801069 0.2746592 0.2729038 0.2908410 0.3144286 0.2940906 0.3837751 0.3969198 
taxon11    0.3967836 0.4377792 0.4882401 0.4770865 0.4931142 0.4234033 0.1502341 0.1429406 0.1296501 0.0673216 0.0551135 0.0000000 0.2463704 0.2414900 0.2405348 0.2540592 0.2647986 0.2394938 0.3324328 0.3626772 
taxon12    0.3706631 0.3710754 0.4526773 0.3847615 0.4522058 0.3601229 0.1795041 0.2057903 0.2192383 0.2423723 0.2801069 0.2463704 0.0000000 0.0476725 0.1080270 0.1182632 0.1470204 0.1248968 0.2637416 0.3038035 
taxon13    0.3543596 0.3719139 0.4438749 0.3760928 0.4433642 0.3328224 0.1712795 0.2086066 0.2217590 0.2375963 0.2746592 0.2414900 0.0476725 0.0000000 0.1124837 0.1302781 0.1390093 0.1024169 0.2404388 0.3009844 
taxon14    0.3684247 0.3709310 0.4208992 0.3744118 0.4066662 0.3651771 0.1946566 0.2260388 0.2372417 0.2305322 0.2729038 0.2405348 0.1080270 0.1124837 0.0000000 0.0663101 0.0945904 0.0962697 0.2524259 0.2978082 
taxon15    0.3754395 0.3798947 0.4396287 0.3672701 0.4193146 0.3596380 0.2058977 0.2383975 0.2413656 0.2380246 0.2908410 0.2540592 0.1182632 0.1302781 0.0663101 0.0000000 0.1110665 0.1261359 0.2424046 0.2722428 
taxon16    0.3647061 0.3794868 0.4242248 0.3703040 0.4105041 0.3446371 0.1993397 0.2371647 0.2815231 0.2643414 0.3144286 0.2647986 0.1470204 0.1390093 0.0945904 0.1110665 0.0000000 0.0844882 0.2619698 0.3085279 
taxon17    0.3748782 0.3813387 0.4390433 0.4014676 0.4289697 0.3395972 0.1811591 0.2039956 0.2368598 0.2426192 0.2940906 0.2394938 0.1248968 0.1024169 0.0962697 0.1261359 0.0844882 0.0000000 0.2479611 0.2907868 
taxon18    0.3371371 0.3138722 0.3712036 0.3765414 0.4092640 0.3338287 0.2925997 0.2878086 0.3482048 0.3676772 0.3837751 0.3324328 0.2637416 0.2404388 0.2524259 0.2424046 0.2619698 0.2479611 0.0000000 0.1487611 
taxon19    0.3594218 0.3698995 0.4383210 0.4329204 0.4734778 0.3937902 0.3404493 0.3288435 0.3611303 0.3808848 0.3969198 0.3626772 0.3038035 0.3009844 0.2978082 0.2722428 0.3085279 0.2907868 0.1487611 0.0000000 
