20
taxon0     0.0000000 0.1984003 0.2771663 0.1838719 0.1997432 0.2836024 0.2847752 0.2581458 0.1819349 0.2371962 0.2827320 0.3227047 0.2518530 0.3468525 0.3197993 0.3857100 0.3511675 0.2849935 0.4629217 0.4230288 
taxon1     0.1984003 0.0000000 0.1735443 0.2792571 0.2663951 0.2804431 0.3268052 0.2588640 0.2249569 0.2639039 0.2826352 0.3057925 0.2712505 0.3196769 0.3371130 0.4014382 0.3596176 0.2914762 0.4149958 0.4003175 
taxon2     0.2771663 0.1735443 0.0000000 0.3070756 0.3051279 0.3706742 0.3576955 0.3144486 0.3102364 0.3146764 0.3439996 0.3668113 0.3385384 0.3722424 0.3712134 0.4233750 0.3563775 0.3752860 0.4743798 0.4284632 
taxon3     0.1838719 0.2792571 0.3070756 0.0000000 0.0499993 0.2333020 0.1906740 0.1339966 0.1240874 0.2109249 0.2255094 0.2455804 0.2125559 0.2794427 0.3526088 0.3931070 0.3723750 0.2410084 0.4098212 0.3840058 
taxon4     0.1997432 0.2663951 0.3051279 0.0499993 0.0000000 0.2402070 0.1904948 0.1404241 0.1314878 0.2170231 0.2240962 0.2472301 0.2117487 0.2944934 0.3167031 0.3719679 0.3649827 0.2540393 0.4132002 0.4144593 
taxon5     0.2836024 0.2804431 0.3706742 0.2333020 0.2402070 0.0000000 0.2373818 0.1831688 0.2252544 0.2665839 0.2485989 0.2882595 0.2340488 0.2698513 0.3142519 0.3894347 0.3615739 0.2717356 0.4308950 0.4311232 
taxon6     0.2847752 0.3268052 0.3576955 0.1906740 0.1904948 0.2373818 0.0000000 0.1389868 0.2244319 0.2722499 0.2885953 0.3282889 0.2645580 0.3360406 0.3408308 0.4061407 0.3831562 0.2808257 0.4805925 0.4460331 
taxon7     0.2581458 0.2588640 0.3144486 0.1339966 0.1404241 0.1831688 0.1389868 0.0000000 0.1554082 0.2025730 0.2208884 0.2619461 0.2155986 0.2422395 0.2989061 0.3715562 0.3552508 0.2517382 0.4270836 0.4097572 
taxon8     0.1819349 0.2249569 0.3102364 0.1240874 0.1314878 0.2252544 0.2244319 0.1554082 0.0000000 0.1438882 0.1626716 0.2131610 0.1502904 0.2468809 0.2770531 0.3758316 0.3301976 0.1899361 0.4375653 0.3859036 
taxon9     0.2371962 0.2639039 0.3146764 0.2109249 0.2170231 0.2665839 0.2722499 0.2025730 0.1438882 0.0000000 0.1579127 0.2065769 0.1780355 0.2636123 0.2465498 0.3657654 0.3124942 0.2137557 0.5274477 0.4308617 
taxon10    0.2827320 0.2826352 0.3439996 0.2255094 0.2240962 0.2485989 0.2885953 0.2208884 0.1626716 0.1579127 0.0000000 0.0945792 0.2001130 0.2923046 0.2460969 0.3141998 0.3051530 0.2186263 0.5059175 0.4155172 
taxon11    0.3227047 0.3057925 0.3668113 0.2455804 0.2472301 0.2882595 0.3282889 0.2619461 0.2131610 0.2065769 0.0945792 0.0000000 0.2599584 0.3238759 0.3032573 0.3544628 0.3534565 0.2787152 0.5282231 0.4312192 
taxon12    0.2518530 0.2712505 0.3385384 0.2125559 0.2117487 0.2340488 0.2645580 0.2155986 0.1502904 0.1780355 0.2001130 0.2599584 0.0000000 0.1875892 0.1825076 0.2788144 0.2505351 0.0961886 0.4383805 0.4135542 
taxon13    0.3468525 0.3196769 0.3722424 0.2794427 0.2944934 0.2698513 0.3360406 0.2422395 0.2468809 0.2636123 0.2923046 0.3238759 0.1875892 0.0000000 0.1213969 0.2391908 0.1874434 0.1853985 0.4914615 0.4674112 
taxon14    0.3197993 0.3371130 0.3712134 0.3526088 0.3167031 0.3142519 0.3408308 0.2989061 0.2770531 0.2465498 0.2460969 0.3032573 0.1825076 0.1213969 0.0000000 0.1397013 0.1258925 0.1895340 0.5590548 0.5077357 
taxon15    0.3857100 0.4014382 0.4233750 0.3931070 0.3719679 0.3894347 0.4061407 0.3715562 0.3758316 0.3657654 0.3141998 0.3544628 0.2788144 0.2391908 0.1397013 0.0000000 0.1332033 0.2666109 0.5842951 0.5517986 
taxon16    0.3511675 0.3596176 0.3563775 0.3723750 0.3649827 0.3615739 0.3831562 0.3552508 0.3301976 0.3124942 0.3051530 0.3534565 0.2505351 0.1874434 0.1258925 0.1332033 0.0000000 0.2407018 0.5158790 0.5043566 
taxon17    0.2849935 0.2914762 0.3752860 0.2410084 0.2540393 0.2717356 0.2808257 0.2517382 0.1899361 0.2137557 0.2186263 0.2787152 0.0961886 0.1853985 0.1895340 0.2666109 0.2407018 0.0000000 0.4798895 0.4506112 
taxon18    0.4629217 0.4149958 0.4743798 0.4098212 0.4132002 0.4308950 0.4805925 0.4270836 0.4375653 0.5274477 0.5059175 0.5282231 0.4383805 0.4914615 0.5590548 0.5842951 0.5158790 0.4798895 0.0000000 0.2014406 
taxon19    0.4230288 0.4003175 0.4284632 0.3840058 0.4144593 0.4311232 0.4460331 0.4097572 0.3859036 0.4308617 0.4155172 0.4312192 0.4135542 0.4674112 0.5077357 0.5517986 0.5043566 0.4506112 0.2014406 0.0000000 
