20
taxon0     0.0000000 0.0608631 0.1024162 0.1797427 0.1566044 0.2430505 0.2341233 0.3775799 0.4013696 0.4144163 0.4179172 0.4030630 0.3948415 0.3815040 0.3660314 0.3907302 0.3695802 0.3902738 0.4156394 0.4202328 
taxon1     0.0608631 0.0000000 0.0916799 0.1936532 0.1768419 0.2713180 0.2486735 0.3996398 0.4173943 0.4404444 0.4436222 0.4202988 0.4220329 0.4119559 0.3856169 0.4243180 0.3783285 0.4043024 0.4297274 0.4244216 
taxon2     0.1024162 0.0916799 0.0000000 0.2185347 0.1935788 0.3170083 0.2784750 0.4330614 0.4422373 0.4542848 0.4577094 0.4332377 0.4273194 0.4237255 0.4037294 0.4172874 0.3884931 0.4259594 0.4434455 0.4487182 
taxon3     0.1797427 0.1936532 0.2185347 0.0000000 0.0721034 0.2502128 0.2066860 0.3603099 0.3817348 0.3622962 0.3815543 0.4080713 0.3902597 0.3760568 0.3948315 0.3816684 0.3812445 0.3978267 0.4059657 0.4313342 
taxon4     0.1566044 0.1768419 0.1935788 0.0721034 0.0000000 0.2640456 0.2122397 0.3456460 0.3499777 0.3465046 0.3589164 0.3585855 0.3847135 0.3568808 0.3712398 0.3876258 0.3440700 0.3602260 0.3742186 0.3921219 
taxon5     0.2430505 0.2713180 0.3170083 0.2502128 0.2640456 0.0000000 0.1093604 0.4003782 0.4062154 0.3661934 0.3926273 0.3658539 0.3755313 0.3641340 0.3914115 0.3985580 0.3723655 0.4022759 0.3899870 0.4371475 
taxon6     0.2341233 0.2486735 0.2784750 0.2066860 0.2122397 0.1093604 0.0000000 0.3164171 0.3540544 0.3228696 0.3457280 0.3423511 0.3487659 0.3431148 0.3307382 0.3447961 0.3390026 0.3497829 0.3617236 0.3916005 
taxon7     0.3775799 0.3996398 0.4330614 0.3603099 0.3456460 0.4003782 0.3164171 0.0000000 0.0953952 0.0955598 0.1446439 0.2497812 0.2784829 0.2504833 0.2635689 0.2694096 0.2417404 0.2407988 0.2476245 0.2505276 
taxon8     0.4013696 0.4173943 0.4422373 0.3817348 0.3499777 0.4062154 0.3540544 0.0953952 0.0000000 0.0846907 0.1380037 0.2545454 0.2705945 0.2767216 0.3090822 0.3003979 0.2499175 0.2796967 0.2868190 0.3106414 
taxon9     0.4144163 0.4404444 0.4542848 0.3622962 0.3465046 0.3661934 0.3228696 0.0955598 0.0846907 0.0000000 0.0772909 0.2001565 0.2279912 0.2248719 0.2644897 0.2648627 0.2167106 0.2577527 0.2501447 0.2825945 
taxon10    0.4179172 0.4436222 0.4577094 0.3815543 0.3589164 0.3926273 0.3457280 0.1446439 0.1380037 0.0772909 0.0000000 0.2189309 0.2677780 0.2708416 0.2832536 0.2906356 0.2449288 0.2780144 0.2598202 0.2922333 
taxon11    0.4030630 0.4202988 0.4332377 0.4080713 0.3585855 0.3658539 0.3423511 0.2497812 0.2545454 0.2001565 0.2189309 0.0000000 0.0829800 0.1070611 0.1513720 0.1405178 0.1109045 0.1476340 0.1736861 0.1681766 
taxon12    0.3948415 0.4220329 0.4273194 0.3902597 0.3847135 0.3755313 0.3487659 0.2784829 0.2705945 0.2279912 0.2677780 0.0829800 0.0000000 0.1061160 0.1677080 0.1412918 0.1348929 0.1551898 0.2027847 0.2014976 
taxon13    0.3815040 0.4119559 0.4237255 0.3760568 0.3568808 0.3641340 0.3431148 0.2504833 0.2767216 0.2248719 0.2708416 0.1070611 0.1061160 0.0000000 0.0902609 0.0798349 0.0805278 0.1153034 0.1482198 0.1478492 
taxon14    0.3660314 0.3856169 0.4037294 0.3948315 0.3712398 0.3914115 0.3307382 0.2635689 0.3090822 0.2644897 0.2832536 0.1513720 0.1677080 0.0902609 0.0000000 0.0507734 0.1286070 0.1682594 0.1659686 0.1744173 
taxon15    0.3907302 0.4243180 0.4172874 0.3816684 0.3876258 0.3985580 0.3447961 0.2694096 0.3003979 0.2648627 0.2906356 0.1405178 0.1412918 0.0798349 0.0507734 0.0000000 0.1233739 0.1629481 0.1742408 0.1828992 
taxon16    0.3695802 0.3783285 0.3884931 0.3812445 0.3440700 0.3723655 0.3390026 0.2417404 0.2499175 0.2167106 0.2449288 0.1109045 0.1348929 0.0805278 0.1286070 0.1233739 0.0000000 0.0734560 0.0909901 0.0891939 
taxon17    0.3902738 0.4043024 0.4259594 0.3978267 0.3602260 0.4022759 0.3497829 0.2407988 0.2796967 0.2577527 0.2780144 0.1476340 0.1551898 0.1153034 0.1682594 0.1629481 0.0734560 0.0000000 0.0717006 0.0662267 
taxon18    0.4156394 0.4297274 0.4434455 0.4059657 0.3742186 0.3899870 0.3617236 0.2476245 0.2868190 0.2501447 0.2598202 0.1736861 0.2027847 0.1482198 0.1659686 0.1742408 0.0909901 0.0717006 0.0000000 0.0497966 
taxon19    0.4202328 0.4244216 0.4487182 0.4313342 0.3921219 0.4371475 0.3916005 0.2505276 0.3106414 0.2825945 0.2922333 0.1681766 0.2014976 0.1478492 0.1744173 0.1828992 0.0891939 0.0662267 0.0497966 0.0000000 
