18
taxon0     0.0000000 0.0047526 0.0144026 0.0144121 0.0144121 0.0483370 0.0143053 0.0143053 0.1721553 0.1666661 0.1666661 0.1779173 0.2157510 0.1776624 0.1836846 0.1748538 0.1809069 0.1620609 
taxon1     0.0047526 0.0000000 0.0095675 0.0095738 0.0095738 0.0482993 0.0095030 0.0095030 0.1718410 0.1607024 0.1607024 0.1718984 0.2094473 0.1716505 0.1835179 0.1687925 0.1748019 0.1561030 
taxon2     0.0144026 0.0095675 0.0000000 0.0095603 0.0095603 0.0585485 0.0191991 0.0191991 0.1845513 0.1732616 0.1732616 0.1846103 0.2228885 0.1843467 0.1835064 0.1815839 0.1877041 0.1686345 
taxon3     0.0144121 0.0095738 0.0095603 0.0000000 0.0000010 0.0585903 0.0192119 0.0192119 0.1847140 0.1734130 0.1734130 0.1847731 0.2230941 0.1845091 0.1965929 0.1817458 0.1878728 0.1687816 
taxon4     0.0144121 0.0095738 0.0095603 0.0000010 0.0000000 0.0585903 0.0192119 0.0192119 0.1847140 0.1734130 0.1734130 0.1847731 0.2230941 0.1845091 0.1965929 0.1817458 0.1878728 0.1687816 
taxon5     0.0483370 0.0482993 0.0585485 0.0585903 0.0585903 0.0000000 0.0483540 0.0483540 0.2104298 0.2019458 0.2019458 0.2134597 0.2527750 0.2066721 0.2075677 0.2106485 0.2169240 0.2087454 
taxon6     0.0143053 0.0095030 0.0191991 0.0192119 0.0192119 0.0483540 0.0000000 0.0000010 0.1720841 0.1609269 0.1609269 0.1721415 0.2097609 0.1718930 0.1837814 0.1690326 0.1628397 0.1674663 
taxon7     0.0143053 0.0095030 0.0191991 0.0192119 0.0192119 0.0483540 0.0000010 0.0000000 0.1720841 0.1609269 0.1609269 0.1721415 0.2097609 0.1718930 0.1837814 0.1690326 0.1628397 0.1674663 
taxon10    0.1721553 0.1718410 0.1845513 0.1847140 0.1847140 0.2104298 0.1720841 0.1720841 0.0000000 0.0094064 0.0094064 0.0428236 0.0682633 0.0093897 0.0144295 0.0287581 0.0336459 0.0387749 
taxon11    0.1666661 0.1607024 0.1732616 0.1734130 0.1734130 0.2019458 0.1609269 0.1609269 0.0094064 0.0000000 0.0000010 0.0332282 0.0583740 0.0093960 0.0189027 0.0191290 0.0239782 0.0290181 
taxon12    0.1666661 0.1607024 0.1732616 0.1734130 0.1734130 0.2019458 0.1609269 0.1609269 0.0094064 0.0000010 0.0000000 0.0332282 0.0583740 0.0093960 0.0189027 0.0191290 0.0239782 0.0290181 
taxon13    0.1779173 0.1718984 0.1846103 0.1847731 0.1847731 0.2134597 0.1721415 0.1721415 0.0428236 0.0332282 0.0332282 0.0000000 0.0879808 0.0427770 0.0525920 0.0479560 0.0529045 0.0581867 
taxon14    0.2157510 0.2094473 0.2228885 0.2230941 0.2230941 0.2527750 0.2097609 0.2097609 0.0682633 0.0583740 0.0583740 0.0879808 0.0000000 0.0681885 0.0783928 0.0793125 0.0845198 0.0902077 
taxon15    0.1776624 0.1716505 0.1843467 0.1845091 0.1845091 0.2066721 0.1718930 0.1718930 0.0093897 0.0093960 0.0093960 0.0427770 0.0681885 0.0000000 0.0093946 0.0287262 0.0336086 0.0387317 
taxon16    0.1836846 0.1835179 0.1835064 0.1965929 0.1965929 0.2075677 0.1837814 0.1837814 0.0144295 0.0189027 0.0189027 0.0525920 0.0783928 0.0093946 0.0000000 0.0385264 0.0434658 0.0486961 
taxon17    0.1748538 0.1687925 0.1815839 0.1817458 0.1817458 0.2106485 0.1690326 0.1690326 0.0287581 0.0191290 0.0191290 0.0479560 0.0793125 0.0287262 0.0385264 0.0000000 0.0046922 0.0094652 
taxon18    0.1809069 0.1748019 0.1877041 0.1878728 0.1878728 0.2169240 0.1628397 0.1628397 0.0336459 0.0239782 0.0239782 0.0529045 0.0845198 0.0336086 0.0434658 0.0046922 0.0000000 0.0142369 
taxon19    0.1620609 0.1561030 0.1686345 0.1687816 0.1687816 0.2087454 0.1674663 0.1674663 0.0387749 0.0290181 0.0290181 0.0581867 0.0902077 0.0387317 0.0486961 0.0094652 0.0142369 0.0000000 
