20
taxon0     0.0000000 0.0925043 0.1775233 0.1637512 0.1694191 0.1872248 0.1396121 0.2055980 0.2052181 0.2215882 0.2142262 0.2274913 0.2487511 0.2527380 0.2922969 0.2609662 0.3092546 0.3156470 0.3624422 0.3112848 
taxon1     0.0925043 0.0000000 0.1805922 0.1666733 0.1723895 0.1981845 0.1492176 0.1704180 0.1877835 0.2222335 0.2201404 0.2246536 0.2473560 0.2499441 0.2916747 0.2581396 0.3000262 0.3121628 0.3550260 0.3022969 
taxon2     0.1775233 0.1805922 0.0000000 0.0244624 0.0498717 0.0708487 0.0720017 0.2105030 0.1937211 0.1819878 0.1832001 0.1875723 0.2019303 0.2040418 0.2318957 0.2116192 0.3275779 0.3464745 0.4001502 0.3409847 
taxon3     0.1637512 0.1666733 0.0244624 0.0000000 0.0343405 0.0547610 0.0715031 0.2028391 0.1912272 0.1795991 0.1807922 0.1851310 0.1993522 0.2014246 0.2290310 0.2089265 0.3101235 0.3287344 0.4032664 0.3436894 
taxon4     0.1694191 0.1723895 0.0498717 0.0343405 0.0000000 0.0341762 0.0766988 0.2137217 0.2103411 0.1855248 0.1932485 0.1976146 0.2120828 0.2142814 0.2423607 0.2219386 0.3142569 0.3329868 0.4014286 0.3528975 
taxon5     0.1872248 0.1981845 0.0708487 0.0547610 0.0341762 0.0000000 0.0988415 0.2209626 0.2177248 0.1934663 0.2013430 0.2067049 0.2136745 0.2150926 0.2432610 0.2227776 0.3288433 0.3395173 0.4156224 0.3640571 
taxon6     0.1396121 0.1492176 0.0720017 0.0715031 0.0766988 0.0988415 0.0000000 0.1853202 0.1673231 0.1559288 0.1570096 0.1613348 0.1751505 0.1700881 0.2037994 0.1772357 0.3055163 0.3228610 0.3970277 0.3377007 
taxon7     0.2055980 0.1704180 0.2105030 0.2028391 0.2137217 0.2209626 0.1853202 0.0000000 0.1217941 0.1184302 0.1367285 0.1290831 0.1463954 0.1666435 0.2127008 0.1661603 0.2743038 0.2732811 0.3323312 0.3116187 
taxon8     0.2052181 0.1877835 0.1937211 0.1912272 0.2103411 0.2177248 0.1673231 0.1217941 0.0000000 0.0560105 0.0563939 0.0607941 0.0889201 0.1018929 0.1441395 0.1016045 0.3188246 0.3400938 0.3432468 0.3265741 
taxon9     0.2215882 0.2222335 0.1819878 0.1795991 0.1855248 0.1934663 0.1559288 0.1184302 0.0560105 0.0000000 0.0246940 0.0294455 0.0500968 0.0666772 0.1061411 0.0664947 0.3114140 0.3453465 0.3704956 0.3715466 
taxon10    0.2142262 0.2201404 0.1832001 0.1807922 0.1932485 0.2013430 0.1570096 0.1367285 0.0563939 0.0246940 0.0000000 0.0247950 0.0455493 0.0513405 0.0966254 0.0569391 0.3386860 0.3594851 0.3823387 0.3659125 
taxon11    0.2274913 0.2246536 0.1875723 0.1851310 0.1976146 0.2067049 0.1613348 0.1290831 0.0607941 0.0294455 0.0247950 0.0000000 0.0350229 0.0512220 0.0900914 0.0510821 0.3202065 0.3478229 0.3682840 0.3762048 
taxon12    0.2487511 0.2473560 0.2019303 0.1993522 0.2120828 0.2136745 0.1751505 0.1463954 0.0889201 0.0500968 0.0455493 0.0350229 0.0000000 0.0148144 0.0510655 0.0147750 0.3395798 0.3709846 0.3686754 0.3766091 
taxon13    0.2527380 0.2499441 0.2040418 0.2014246 0.2142814 0.2150926 0.1700881 0.1666435 0.1018929 0.0666772 0.0513405 0.0512220 0.0148144 0.0000000 0.0406737 0.0049035 0.3497865 0.3781086 0.3806719 0.3709079 
taxon14    0.2922969 0.2916747 0.2318957 0.2290310 0.2423607 0.2432610 0.2037994 0.2127008 0.1441395 0.1061411 0.0966254 0.0900914 0.0510655 0.0406737 0.0000000 0.0352535 0.3834090 0.4124368 0.4274834 0.4214208 
taxon15    0.2609662 0.2581396 0.2116192 0.2089265 0.2219386 0.2227776 0.1772357 0.1661603 0.1016045 0.0664947 0.0569391 0.0510821 0.0147750 0.0049035 0.0352535 0.0000000 0.3486493 0.3765467 0.3793886 0.3809926 
taxon16    0.3092546 0.3000262 0.3275779 0.3101235 0.3142569 0.3288433 0.3055163 0.2743038 0.3188246 0.3114140 0.3386860 0.3202065 0.3395798 0.3497865 0.3834090 0.3486493 0.0000000 0.0686790 0.2106930 0.1742083 
taxon17    0.3156470 0.3121628 0.3464745 0.3287344 0.3329868 0.3395173 0.3228610 0.2732811 0.3400938 0.3453465 0.3594851 0.3478229 0.3709846 0.3781086 0.4124368 0.3765467 0.0686790 0.0000000 0.2066262 0.1644034 
taxon18    0.3624422 0.3550260 0.4001502 0.4032664 0.4014286 0.4156224 0.3970277 0.3323312 0.3432468 0.3704956 0.3823387 0.3682840 0.3686754 0.3806719 0.4274834 0.3793886 0.2106930 0.2066262 0.0000000 0.0689431 
taxon19    0.3112848 0.3022969 0.3409847 0.3436894 0.3528975 0.3640571 0.3377007 0.3116187 0.3265741 0.3715466 0.3659125 0.3762048 0.3766091 0.3709079 0.4214208 0.3809926 0.1742083 0.1644034 0.0689431 0.0000000 
