20
taxon0     0.0000000 0.0696538 0.0578386 0.1674117 0.1708062 0.2301979 0.2414814 0.2179913 0.2263943 0.1916846 0.1920257 0.3387093 0.4416056 0.3835611 0.4075171 0.4168429 0.4425920 0.4589970 0.4803730 0.4751848 
taxon1     0.0696538 0.0000000 0.1066251 0.2354953 0.2362358 0.2853629 0.3071759 0.2739281 0.2746818 0.2703793 0.2708662 0.4060848 0.4752223 0.4494570 0.4386214 0.4387895 0.4706345 0.4904663 0.4955380 0.5072664 
taxon2     0.0578386 0.1066251 0.0000000 0.2327681 0.2206553 0.2961856 0.3173467 0.2906298 0.3002784 0.2642443 0.2647249 0.4089869 0.5131320 0.4463635 0.4712506 0.4720747 0.4871654 0.4954055 0.5181478 0.5127150 
taxon3     0.1674117 0.2354953 0.2327681 0.0000000 0.0939810 0.2241624 0.2321508 0.2318691 0.2091888 0.2007708 0.1908918 0.2937706 0.4129638 0.3495767 0.3716497 0.3969090 0.3997947 0.4253122 0.4369615 0.4432734 
taxon4     0.1708062 0.2362358 0.2206553 0.0939810 0.0000000 0.2328573 0.2379661 0.2373510 0.2235972 0.1841050 0.1827873 0.3231311 0.4290173 0.3626248 0.3737324 0.4124692 0.4047009 0.4109383 0.4269907 0.4305509 
taxon5     0.2301979 0.2853629 0.2961856 0.2241624 0.2328573 0.0000000 0.0463030 0.1484606 0.1498608 0.1527688 0.1414639 0.3363734 0.4482987 0.4004309 0.4380846 0.4479666 0.4663392 0.4881925 0.5256983 0.5269755 
taxon6     0.2414814 0.3071759 0.3173467 0.2321508 0.2379661 0.0463030 0.0000000 0.1478902 0.1492785 0.1779332 0.1664497 0.3456565 0.4505089 0.4101771 0.4453756 0.4549849 0.4570412 0.4694786 0.4956884 0.4969553 
taxon7     0.2179913 0.2739281 0.2906298 0.2318691 0.2373510 0.1484606 0.1478902 0.0000000 0.0470912 0.1755579 0.1634191 0.3214391 0.4039529 0.3996337 0.4420212 0.4508187 0.4664089 0.4767585 0.5081699 0.5051968 
taxon8     0.2263943 0.2746818 0.3002784 0.2091888 0.2235972 0.1498608 0.1492785 0.0470912 0.0000000 0.1685523 0.1580599 0.3426867 0.4575674 0.4047035 0.4484242 0.4484314 0.4641410 0.4745607 0.4996422 0.5002086 
taxon9     0.1916846 0.2703793 0.2642443 0.2007708 0.1841050 0.1527688 0.1779332 0.1755579 0.1685523 0.0000000 0.0359759 0.3320777 0.4430521 0.3924696 0.4157631 0.4390806 0.4685604 0.4604554 0.5020678 0.5211463 
taxon10    0.1920257 0.2708662 0.2647249 0.1908918 0.1827873 0.1414639 0.1664497 0.1634191 0.1580599 0.0359759 0.0000000 0.3271884 0.4451225 0.3885388 0.4162333 0.4495240 0.4709353 0.4813521 0.5085634 0.5210578 
taxon11    0.3387093 0.4060848 0.4089869 0.2937706 0.3231311 0.3363734 0.3456565 0.3214391 0.3426867 0.3320777 0.3271884 0.0000000 0.1932031 0.1679918 0.2536001 0.2603462 0.2843186 0.3010080 0.3422416 0.3610090 
taxon12    0.4416056 0.4752223 0.5131320 0.4129638 0.4290173 0.4482987 0.4505089 0.4039529 0.4575674 0.4430521 0.4451225 0.1932031 0.0000000 0.1034836 0.3353555 0.3248596 0.3588634 0.3628997 0.3948899 0.4258341 
taxon13    0.3835611 0.4494570 0.4463635 0.3495767 0.3626248 0.4004309 0.4101771 0.3996337 0.4047035 0.3924696 0.3885388 0.1679918 0.1034836 0.0000000 0.3265976 0.3128556 0.3373430 0.3303212 0.3688083 0.3912767 
taxon14    0.4075171 0.4386214 0.4712506 0.3716497 0.3737324 0.4380846 0.4453756 0.4420212 0.4484242 0.4157631 0.4162333 0.2536001 0.3353555 0.3265976 0.0000000 0.2106915 0.2374189 0.2392969 0.2858934 0.3018577 
taxon15    0.4168429 0.4387895 0.4720747 0.3969090 0.4124692 0.4479666 0.4549849 0.4508187 0.4484314 0.4390806 0.4495240 0.2603462 0.3248596 0.3128556 0.2106915 0.0000000 0.0866589 0.1040562 0.1628468 0.1696709 
taxon16    0.4425920 0.4706345 0.4871654 0.3997947 0.4047009 0.4663392 0.4570412 0.4664089 0.4641410 0.4685604 0.4709353 0.2843186 0.3588634 0.3373430 0.2374189 0.0866589 0.0000000 0.0477307 0.1005898 0.1011318 
taxon17    0.4589970 0.4904663 0.4954055 0.4253122 0.4109383 0.4881925 0.4694786 0.4767585 0.4745607 0.4604554 0.4813521 0.3010080 0.3628997 0.3303212 0.2392969 0.1040562 0.0477307 0.0000000 0.0810674 0.0815142 
taxon18    0.4803730 0.4955380 0.5181478 0.4369615 0.4269907 0.5256983 0.4956884 0.5081699 0.4996422 0.5020678 0.5085634 0.3422416 0.3948899 0.3688083 0.2858934 0.1628468 0.1005898 0.0810674 0.0000000 0.0366281 
taxon19    0.4751848 0.5072664 0.5127150 0.4432734 0.4305509 0.5269755 0.4969553 0.5051968 0.5002086 0.5211463 0.5210578 0.3610090 0.4258341 0.3912767 0.3018577 0.1696709 0.1011318 0.0815142 0.0366281 0.0000000 
