20
taxon0     0.0000000 0.3198941 0.3045548 0.3615338 0.3379387 0.3203866 0.3595345 0.5632903 0.4738824 0.4547824 0.4689133 0.3852547 0.3548440 0.6573430 0.7350475 0.6923051 0.8197831 0.6499216 0.5836011 0.5744606 
taxon1     0.3198941 0.0000000 0.1397869 0.3687142 0.4271227 0.3836285 0.4055324 0.5367883 0.4674828 0.5063921 0.4902736 0.4492872 0.4751822 0.6881404 0.7543092 0.6965503 0.7645773 0.7451692 0.6346721 0.5724980 
taxon2     0.3045548 0.1397869 0.0000000 0.3476858 0.3864794 0.4242258 0.4109709 0.5456318 0.4494082 0.4726159 0.4725265 0.4167271 0.4257924 0.7134659 0.7194940 0.7159332 0.6926037 0.6761267 0.5426549 0.5254915 
taxon3     0.3615338 0.3687142 0.3476858 0.0000000 0.2076298 0.3626871 0.4198393 0.5395217 0.4944738 0.4599393 0.4790571 0.3806564 0.3445103 0.6103228 0.6817718 0.5901204 0.7012596 0.6178099 0.5598337 0.5681595 
taxon4     0.3379387 0.4271227 0.3864794 0.2076298 0.0000000 0.3919953 0.4539573 0.5709677 0.4894155 0.5062663 0.4698138 0.3995145 0.3597560 0.6611929 0.6359603 0.5848126 0.6636989 0.6133757 0.5717522 0.6417492 
taxon5     0.3203866 0.3836285 0.4242258 0.3626871 0.3919953 0.0000000 0.3240785 0.5129073 0.4254012 0.4290230 0.4612655 0.3685755 0.3109388 0.6894440 0.8040001 0.7313829 0.7824168 0.6941120 0.6821146 0.6647121 
taxon6     0.3595345 0.4055324 0.4109709 0.4198393 0.4539573 0.3240785 0.0000000 0.4650213 0.3924969 0.4193895 0.4091978 0.4079099 0.4248141 0.6523184 0.6882197 0.6494628 0.6892306 0.7072569 0.5943769 0.6007038 
taxon7     0.5632903 0.5367883 0.5456318 0.5395217 0.5709677 0.5129073 0.4650213 0.0000000 0.4059535 0.4075449 0.4208111 0.6249153 0.5683749 0.8822917 0.7888242 0.8092232 0.8189564 0.8067755 0.7836530 0.7244451 
taxon8     0.4738824 0.4674828 0.4494082 0.4944738 0.4894155 0.4254012 0.3924969 0.4059535 0.0000000 0.3510125 0.3454647 0.5040937 0.4477641 0.7190171 0.6848153 0.6660720 0.7226148 0.8067270 0.6932078 0.6761836 
taxon9     0.4547824 0.5063921 0.4726159 0.4599393 0.5062663 0.4290230 0.4193895 0.4075449 0.3510125 0.0000000 0.1882328 0.5002821 0.4657156 0.7909933 0.8637888 0.7138589 0.7416763 0.7445660 0.7769493 0.7189429 
taxon10    0.4689133 0.4902736 0.4725265 0.4790571 0.4698138 0.4612655 0.4091978 0.4208111 0.3454647 0.1882328 0.0000000 0.5091620 0.4952897 0.7950099 0.8145888 0.7229201 0.7577557 0.7013586 0.7524579 0.7116003 
taxon11    0.3852547 0.4492872 0.4167271 0.3806564 0.3995145 0.3685755 0.4079099 0.6249153 0.5040937 0.5002821 0.5091620 0.0000000 0.3405875 0.6854583 0.7655109 0.7582143 0.7748350 0.7332728 0.7364860 0.7100095 
taxon12    0.3548440 0.4751822 0.4257924 0.3445103 0.3597560 0.3109388 0.4248141 0.5683749 0.4477641 0.4657156 0.4952897 0.3405875 0.0000000 0.6620117 0.6727627 0.6339022 0.6841095 0.6877794 0.6436467 0.6302098 
taxon13    0.6573430 0.6881404 0.7134659 0.6103228 0.6611929 0.6894440 0.6523184 0.8822917 0.7190171 0.7909933 0.7950099 0.6854583 0.6620117 0.0000000 0.5161455 0.5349536 0.5771932 0.4125537 0.5238467 0.5163980 
taxon14    0.7350475 0.7543092 0.7194940 0.6817718 0.6359603 0.8040001 0.6882197 0.7888242 0.6848153 0.8637888 0.8145888 0.7655109 0.6727627 0.5161455 0.0000000 0.4132555 0.4233759 0.5439102 0.5227116 0.5364718 
taxon15    0.6923051 0.6965503 0.7159332 0.5901204 0.5848126 0.7313829 0.6494628 0.8092232 0.6660720 0.7138589 0.7229201 0.7582143 0.6339022 0.5349536 0.4132555 0.0000000 0.3086693 0.5448897 0.5437930 0.5770371 
taxon16    0.8197831 0.7645773 0.6926037 0.7012596 0.6636989 0.7824168 0.6892306 0.8189564 0.7226148 0.7416763 0.7577557 0.7748350 0.6841095 0.5771932 0.4233759 0.3086693 0.0000000 0.5561199 0.5814764 0.5084803 
taxon17    0.6499216 0.7451692 0.6761267 0.6178099 0.6133757 0.6941120 0.7072569 0.8067755 0.8067270 0.7445660 0.7013586 0.7332728 0.6877794 0.4125537 0.5439102 0.5448897 0.5561199 0.0000000 0.3931529 0.3900881 
taxon18    0.5836011 0.6346721 0.5426549 0.5598337 0.5717522 0.6821146 0.5943769 0.7836530 0.6932078 0.7769493 0.7524579 0.7364860 0.6436467 0.5238467 0.5227116 0.5437930 0.5814764 0.3931529 0.0000000 0.2445773 
taxon19    0.5744606 0.5724980 0.5254915 0.5681595 0.6417492 0.6647121 0.6007038 0.7244451 0.6761836 0.7189429 0.7116003 0.7100095 0.6302098 0.5163980 0.5364718 0.5770371 0.5084803 0.3900881 0.2445773 0.0000000 
