19
taxon0     0.0000000 0.0098532 0.0297699 0.0198176 0.0247956 0.0301414 0.0250957 0.0249931 0.1462904 0.1302038 0.1369151 0.1481054 0.1347303 0.1356771 0.1299719 0.1355166 0.1355166 0.1349950 0.1344092 
taxon1     0.0098532 0.0000000 0.0247022 0.0247473 0.0297253 0.0351275 0.0300824 0.0299576 0.1515764 0.1355029 0.1422556 0.1534479 0.1399907 0.1409390 0.1352576 0.1408039 0.1408039 0.1402614 0.1396631 
taxon2     0.0297699 0.0247022 0.0000000 0.0097555 0.0048734 0.0198711 0.0248598 0.0299972 0.1279884 0.1225490 0.1415553 0.1290479 0.1271929 0.1345329 0.1345988 0.1291000 0.1291000 0.1281873 0.1403867 
taxon3     0.0198176 0.0247473 0.0097555 0.0000000 0.0048753 0.0198787 0.0148957 0.0300085 0.1280303 0.1117127 0.1304657 0.1290902 0.1272341 0.1345763 0.1236437 0.1291422 0.1291422 0.1282291 0.1404315 
taxon4     0.0247956 0.0297253 0.0048734 0.0048753 0.0000000 0.0148966 0.0198787 0.0249865 0.1225800 0.1171492 0.1360326 0.1235985 0.1218196 0.1290792 0.1291422 0.1236523 0.1236523 0.1227720 0.1349042 
taxon5     0.0301414 0.0351275 0.0198711 0.0198787 0.0148966 0.0000000 0.0048955 0.0098458 0.1355117 0.1305185 0.1380650 0.1254494 0.1236222 0.1310003 0.1310651 0.1255034 0.1255034 0.1367227 0.1356800 
taxon6     0.0250957 0.0300824 0.0248598 0.0148957 0.0198787 0.0048955 0.0000000 0.0147817 0.1410599 0.1249615 0.1324253 0.1310131 0.1291071 0.1365685 0.1254945 0.1310651 0.1310651 0.1423080 0.1412311 
taxon7     0.0249931 0.0299576 0.0299972 0.0300085 0.0249865 0.0098458 0.0147817 0.0000000 0.1473044 0.1423124 0.1372686 0.1372328 0.1352309 0.1191611 0.1303148 0.1247836 0.1247836 0.1359409 0.1349084 
taxon8     0.1462904 0.1515764 0.1279884 0.1280303 0.1225800 0.1355117 0.1410599 0.1473044 0.0000000 0.0246808 0.0684669 0.0417252 0.0681730 0.0680994 0.0681306 0.0628839 0.0628839 0.0510807 0.0508023 
taxon9     0.1302038 0.1355029 0.1225490 0.1117127 0.1171492 0.1305185 0.1249615 0.1423124 0.0246808 0.0000000 0.0476780 0.0468227 0.0571651 0.0571009 0.0467406 0.0519337 0.0519337 0.0512507 0.0614169 
taxon10    0.1369151 0.1422556 0.1415553 0.1304657 0.1360326 0.1380650 0.1324253 0.1372686 0.0684669 0.0476780 0.0000000 0.0299243 0.0507085 0.0508665 0.0406439 0.0457636 0.0457636 0.0561534 0.0611000 
taxon11    0.1481054 0.1534479 0.1290479 0.1290902 0.1235985 0.1254494 0.1310131 0.1372328 0.0417252 0.0468227 0.0299243 0.0000000 0.0399652 0.0507185 0.0507410 0.0456276 0.0456276 0.0557443 0.0560522 
taxon12    0.1347303 0.1399907 0.1271929 0.1272341 0.1218196 0.1236222 0.1291071 0.1352309 0.0681730 0.0571651 0.0507085 0.0399652 0.0000000 0.0248547 0.0248654 0.0198754 0.0198754 0.0452386 0.0405697 
taxon13    0.1356771 0.1409390 0.1345329 0.1345763 0.1290792 0.1310003 0.1365685 0.1191611 0.0680994 0.0571009 0.0508665 0.0507185 0.0248547 0.0000000 0.0097667 0.0048790 0.0048790 0.0505394 0.0450704 
taxon14    0.1299719 0.1352576 0.1345988 0.1236437 0.1291422 0.1310651 0.1254945 0.1303148 0.0681306 0.0467406 0.0406439 0.0507410 0.0248654 0.0097667 0.0000000 0.0048810 0.0048810 0.0505617 0.0450901 
taxon15    0.1355166 0.1408039 0.1291000 0.1291422 0.1236523 0.1255034 0.1310651 0.1247836 0.0628839 0.0519337 0.0457636 0.0456276 0.0198754 0.0048790 0.0048810 0.0000000 0.0000010 0.0454676 0.0400435 
taxon16    0.1355166 0.1408039 0.1291000 0.1291422 0.1236523 0.1255034 0.1310651 0.1247836 0.0628839 0.0519337 0.0457636 0.0456276 0.0198754 0.0048790 0.0048810 0.0000010 0.0000000 0.0454676 0.0400435 
taxon18    0.1349950 0.1402614 0.1281873 0.1282291 0.1227720 0.1367227 0.1423080 0.1359409 0.0510807 0.0512507 0.0561534 0.0557443 0.0452386 0.0505394 0.0505617 0.0454676 0.0454676 0.0000000 0.0299647 
taxon19    0.1344092 0.1396631 0.1403867 0.1404315 0.1349042 0.1356800 0.1412311 0.1349084 0.0508023 0.0614169 0.0611000 0.0560522 0.0405697 0.0450704 0.0450901 0.0400435 0.0400435 0.0299647 0.0000000 
