20
taxon0     0.0000000 0.1867804 0.1727015 0.4142383 0.5396262 0.4721079 0.6836435 0.7892340 0.9726265 1.0014548 1.1752400 1.2950897 1.2376550 1.3801632 0.9861953 0.9663452 0.7593600 0.7059683 0.7250631 1.0173682 
taxon1     0.1867804 0.0000000 0.3052828 0.5978299 0.7059050 0.5812969 0.7939159 0.8477122 1.1008406 1.0748386 1.1547442 1.2807395 1.2748787 1.4983900 0.9990688 1.0210492 0.8747157 0.8909634 0.8062372 1.0934466 
taxon2     0.1727015 0.3052828 0.0000000 0.3416640 0.4082199 0.3609088 0.5957589 0.6954734 0.9489756 0.7695270 1.0166882 1.1490175 1.1686630 1.2981338 0.8190164 0.8454235 0.6312226 0.6213797 0.7166592 0.8899098 
taxon3     0.4142383 0.5978299 0.3416640 0.0000000 0.3118385 0.2308164 0.6856459 0.7622863 1.0298785 0.8979343 1.0477277 1.2564779 1.2617897 1.3068668 0.9346966 0.9750656 0.6755061 0.6765004 0.7377077 0.8793677 
taxon4     0.5396262 0.7059050 0.4082199 0.3118385 0.0000000 0.1504591 0.8215066 0.8621019 0.9582918 1.0597969 1.2162845 1.4679054 1.4081099 1.5229471 1.0666712 1.0717666 0.8255451 0.8102669 0.9100193 1.1466361 
taxon5     0.4721079 0.5812969 0.3609088 0.2308164 0.1504591 0.0000000 0.7519923 0.8414396 1.0234487 1.0081432 1.0910786 1.2322917 1.2254175 1.3225854 0.9896367 0.9527403 0.7555058 0.7343869 0.7770993 0.9829624 
taxon6     0.6836435 0.7939159 0.5957589 0.6856459 0.8215066 0.7519923 0.0000000 0.1307548 0.1544096 0.3226618 0.4631121 0.6617200 0.6576397 0.8447215 0.2873782 0.2569131 0.2882610 0.3058816 0.3510619 0.4830310 
taxon7     0.7892340 0.8477122 0.6954734 0.7622863 0.8621019 0.8414396 0.1307548 0.0000000 0.2703585 0.5060417 0.6008756 0.7843669 0.7709210 0.9305867 0.4616265 0.4303835 0.3954443 0.4232074 0.4527978 0.5908294 
taxon8     0.9726265 1.1008406 0.9489756 1.0298785 0.9582918 1.0234487 0.1544096 0.2703585 0.0000000 0.4961651 0.7350830 1.0074046 1.0141546 1.1955763 0.5349731 0.4853933 0.4801550 0.4917709 0.5685073 0.7175965 
taxon9     1.0014548 1.0748386 0.7695270 0.8979343 1.0597969 1.0081432 0.3226618 0.5060417 0.4961651 0.0000000 0.4142210 0.6286904 0.6006350 0.7163198 0.2845661 0.2844001 0.4938955 0.5488536 0.6087596 0.7008291 
taxon10    1.1752400 1.1547442 1.0166882 1.0477277 1.2162845 1.0910786 0.4631121 0.6008756 0.7350830 0.4142210 0.0000000 0.3225701 0.2662090 0.3729797 0.4119187 0.3619126 0.6703916 0.7110374 0.8078578 0.9979067 
taxon11    1.2950897 1.2807395 1.1490175 1.2564779 1.4679054 1.2322917 0.6617200 0.7843669 1.0074046 0.6286904 0.3225701 0.0000000 0.1402252 0.2452124 0.5677559 0.5955410 0.8296610 0.8960015 0.9450397 1.1628173 
taxon12    1.2376550 1.2748787 1.1686630 1.2617897 1.4081099 1.2254175 0.6576397 0.7709210 1.0141546 0.6006350 0.2662090 0.1402252 0.0000000 0.1379522 0.5448816 0.5366354 0.8417540 0.9036172 0.9594170 1.2336224 
taxon13    1.3801632 1.4983900 1.2981338 1.3068668 1.5229471 1.3225854 0.8447215 0.9305867 1.1955763 0.7163198 0.3729797 0.2452124 0.1379522 0.0000000 0.7605049 0.7159347 1.0374362 1.0972522 0.9894515 1.2873850 
taxon14    0.9861953 0.9990688 0.8190164 0.9346966 1.0666712 0.9896367 0.2873782 0.4616265 0.5349731 0.2845661 0.4119187 0.5677559 0.5448816 0.7605049 0.0000000 0.1259459 0.4696460 0.5132785 0.5728526 0.6890057 
taxon15    0.9663452 1.0210492 0.8454235 0.9750656 1.0717666 0.9527403 0.2569131 0.4303835 0.4853933 0.2844001 0.3619126 0.5955410 0.5366354 0.7159347 0.1259459 0.0000000 0.4787163 0.4944416 0.5361632 0.6902962 
taxon16    0.7593600 0.8747157 0.6312226 0.6755061 0.8255451 0.7555058 0.2882610 0.3954443 0.4801550 0.4938955 0.6703916 0.8296610 0.8417540 1.0374362 0.4696460 0.4787163 0.0000000 0.1348471 0.1920067 0.2882865 
taxon17    0.7059683 0.8909634 0.6213797 0.6765004 0.8102669 0.7343869 0.3058816 0.4232074 0.4917709 0.5488536 0.7110374 0.8960015 0.9036172 1.0972522 0.5132785 0.4944416 0.1348471 0.0000000 0.2061233 0.3460000 
taxon18    0.7250631 0.8062372 0.7166592 0.7377077 0.9100193 0.7770993 0.3510619 0.4527978 0.5685073 0.6087596 0.8078578 0.9450397 0.9594170 0.9894515 0.5728526 0.5361632 0.1920067 0.2061233 0.0000000 0.1523792 
taxon19    1.0173682 1.0934466 0.8899098 0.8793677 1.1466361 0.9829624 0.4830310 0.5908294 0.7175965 0.7008291 0.9979067 1.1628173 1.2336224 1.2873850 0.6890057 0.6902962 0.2882865 0.3460000 0.1523792 0.0000000 
