20
taxon0     0.0000000 0.0373910 0.0261304 0.0261055 0.0423380 0.0316145 0.0311301 0.0260546 0.2238190 0.2113124 0.2335025 0.2332937 0.2465401 0.2250289 0.2172773 0.2481484 0.2391061 0.2076495 0.2113296 0.2179963 
taxon1     0.0373910 0.0000000 0.0372869 0.0484340 0.0479058 0.0656392 0.0369783 0.0426596 0.2524794 0.2396656 0.2489896 0.2490264 0.2622368 0.2455557 0.2203303 0.2292854 0.2204344 0.2315362 0.2406436 0.2260022 
taxon2     0.0261304 0.0372869 0.0000000 0.0426238 0.0421255 0.0540763 0.0313753 0.0262616 0.2158047 0.2168533 0.2391066 0.2258004 0.2521508 0.2232577 0.2109866 0.2330273 0.2242120 0.2085904 0.1966210 0.2108666 
taxon3     0.0261055 0.0484340 0.0426238 0.0000000 0.0206735 0.0484120 0.0260698 0.0315776 0.2410700 0.2422743 0.2197870 0.2328801 0.2326859 0.2423725 0.2484366 0.2591979 0.2573942 0.2387619 0.2283429 0.2351726 
taxon4     0.0423380 0.0479058 0.0421255 0.0206735 0.0000000 0.0488874 0.0421458 0.0478592 0.2332366 0.2343950 0.2121512 0.2251384 0.2249517 0.2207367 0.2352773 0.2370728 0.2353734 0.2395685 0.2216598 0.2278102 
taxon5     0.0316145 0.0656392 0.0540763 0.0484120 0.0488874 0.0000000 0.0534486 0.0483280 0.2368121 0.2301604 0.2531107 0.2528773 0.2664782 0.2443078 0.2426395 0.2747883 0.2653168 0.2329505 0.2303857 0.2372561 
taxon6     0.0311301 0.0369783 0.0313753 0.0260698 0.0421458 0.0534486 0.0000000 0.0155303 0.2255122 0.2266253 0.2357811 0.2358145 0.2489358 0.2406542 0.2264888 0.2371836 0.2281997 0.2168056 0.2197848 0.2265297 
taxon7     0.0260546 0.0426596 0.0262616 0.0315776 0.0478592 0.0483280 0.0155303 0.0000000 0.2330846 0.2342423 0.2572449 0.2435665 0.2706282 0.2484119 0.2213377 0.2587428 0.2328772 0.2115917 0.2146331 0.2213834 
taxon8     0.2238190 0.2524794 0.2158047 0.2410700 0.2332366 0.2368121 0.2255122 0.2330846 0.0000000 0.0152599 0.0311144 0.0310928 0.0310476 0.0256230 0.0573253 0.0636714 0.0575325 0.0475640 0.0362631 0.0415788 
taxon9     0.2113124 0.2396656 0.2168533 0.2422743 0.2343950 0.2301604 0.2266253 0.2342423 0.0152599 0.0000000 0.0154719 0.0154614 0.0258756 0.0101910 0.0414479 0.0474998 0.0416011 0.0315446 0.0415948 0.0469473 
taxon10    0.2335025 0.2489896 0.2391066 0.2197870 0.2121512 0.2531107 0.2357811 0.2572449 0.0311144 0.0154719 0.0000000 0.0101600 0.0101518 0.0154755 0.0580926 0.0479553 0.0474700 0.0482172 0.0583000 0.0638043 
taxon11    0.2332937 0.2490264 0.2258004 0.2328801 0.2251384 0.2528773 0.2358145 0.2435665 0.0310928 0.0154614 0.0101600 0.0000000 0.0203931 0.0154649 0.0472975 0.0479583 0.0474728 0.0373343 0.0582582 0.0637583 
taxon12    0.2465401 0.2622368 0.2521508 0.2326859 0.2249517 0.2664782 0.2489358 0.2706282 0.0310476 0.0258756 0.0101518 0.0203931 0.0000000 0.0258817 0.0688992 0.0587964 0.0582203 0.0591176 0.0691444 0.0747021 
taxon13    0.2250289 0.2455557 0.2232577 0.2423725 0.2207367 0.2443078 0.2406542 0.2484119 0.0256230 0.0101910 0.0154755 0.0154649 0.0258817 0.0000000 0.0414900 0.0420726 0.0416435 0.0423618 0.0468725 0.0521019 
taxon14    0.2172773 0.2203303 0.2109866 0.2484366 0.2352773 0.2426395 0.2264888 0.2213377 0.0573253 0.0414479 0.0580926 0.0472975 0.0688992 0.0414900 0.0000000 0.0263153 0.0207275 0.0209706 0.0362204 0.0309746 
taxon15    0.2481484 0.2292854 0.2330273 0.2591979 0.2370728 0.2747883 0.2371836 0.2587428 0.0636714 0.0474998 0.0479553 0.0479583 0.0587964 0.0420726 0.0263153 0.0000000 0.0157784 0.0363705 0.0639741 0.0585169 
taxon16    0.2391061 0.2204344 0.2242120 0.2573942 0.2353734 0.2653168 0.2281997 0.2328772 0.0575325 0.0416011 0.0474700 0.0474728 0.0582203 0.0416435 0.0207275 0.0157784 0.0000000 0.0425634 0.0578033 0.0524279 
taxon17    0.2076495 0.2315362 0.2085904 0.2387619 0.2395685 0.2329505 0.2168056 0.2115917 0.0475640 0.0315446 0.0482172 0.0373343 0.0591176 0.0423618 0.0209706 0.0363705 0.0425634 0.0000000 0.0316919 0.0370883 
taxon18    0.2113296 0.2406436 0.1966210 0.2283429 0.2216598 0.2303857 0.2197848 0.2146331 0.0362631 0.0415948 0.0583000 0.0582582 0.0691444 0.0468725 0.0362204 0.0639741 0.0578033 0.0316919 0.0000000 0.0102859 
taxon19    0.2179963 0.2260022 0.2108666 0.2351726 0.2278102 0.2372561 0.2265297 0.2213834 0.0415788 0.0469473 0.0638043 0.0637583 0.0747021 0.0521019 0.0309746 0.0585169 0.0524279 0.0370883 0.0102859 0.0000000 
