20
taxon0     0.0000000 0.0337184 0.0640825 0.0495672 0.0610641 0.0494667 0.2684086 0.2543643 0.3199198 0.3089011 0.3253179 0.2640964 0.2711861 0.2408688 0.2739795 0.2380955 0.2531349 0.2981658 0.2433053 0.2246861 
taxon1     0.0337184 0.0000000 0.0578798 0.0433680 0.0705388 0.0485563 0.2657641 0.2518532 0.3168150 0.3059225 0.3221772 0.2759091 0.2830873 0.2290621 0.2613520 0.2264368 0.2410584 0.2850366 0.2408877 0.2378695 
taxon2     0.0640825 0.0578798 0.0000000 0.0288657 0.0753230 0.0434913 0.2758636 0.2678995 0.3292807 0.3180707 0.3346927 0.2875245 0.2948694 0.2356410 0.2681329 0.2329542 0.2476926 0.2919165 0.2567803 0.2572165 
taxon3     0.0495672 0.0433680 0.0288657 0.0000000 0.0500574 0.0389403 0.2563269 0.2281578 0.2919173 0.2814583 0.2972717 0.2519280 0.2589159 0.1970440 0.2282980 0.1947283 0.2087513 0.2514563 0.2314587 0.2175099 
taxon4     0.0610641 0.0705388 0.0753230 0.0500574 0.0000000 0.0503734 0.2638694 0.2353682 0.2710846 0.2858526 0.3019541 0.2413747 0.2483223 0.2117877 0.2236882 0.2154079 0.2178824 0.2553813 0.2291444 0.2250431 
taxon5     0.0494667 0.0485563 0.0434913 0.0389403 0.0503734 0.0000000 0.2559206 0.2420663 0.2939196 0.2960591 0.3122003 0.2661166 0.2732485 0.2104709 0.2422379 0.2080179 0.2223293 0.2656726 0.2310933 0.2313761 
taxon6     0.2684086 0.2657641 0.2758636 0.2563269 0.2638694 0.2559206 0.0000000 0.0527846 0.0865250 0.1070264 0.1014253 0.0672579 0.0723933 0.0730296 0.0829399 0.0890424 0.0780354 0.1186721 0.0720260 0.0879758 
taxon7     0.2543643 0.2518532 0.2678995 0.2281578 0.2353682 0.2420663 0.0527846 0.0000000 0.0972718 0.0963821 0.0977412 0.0677738 0.0729427 0.0637815 0.0737266 0.0679340 0.0687996 0.0992695 0.0781802 0.0835590 
taxon8     0.3199198 0.3168150 0.3292807 0.2919173 0.2710846 0.2939196 0.0865250 0.0972718 0.0000000 0.0569031 0.0516394 0.0473200 0.0425760 0.0872644 0.1030831 0.1035684 0.0924090 0.1074143 0.0721928 0.1076674 
taxon9     0.3089011 0.3059225 0.3180707 0.2814583 0.2858526 0.2960591 0.1070264 0.0963821 0.0569031 0.0000000 0.0234483 0.0572127 0.0622606 0.0876550 0.1084286 0.0918638 0.0976711 0.0982554 0.0925817 0.1081367 
taxon10    0.3253179 0.3221772 0.3346927 0.2972717 0.3019541 0.3122003 0.1014253 0.0977412 0.0516394 0.0234483 0.0000000 0.0520545 0.0473087 0.0920355 0.1180387 0.1083974 0.1072075 0.0975758 0.0868271 0.1124813 
taxon11    0.2640964 0.2759091 0.2875245 0.2519280 0.2413747 0.2661166 0.0672579 0.0677738 0.0473200 0.0572127 0.0520545 0.0000000 0.0046131 0.0775232 0.0932022 0.0936584 0.0826295 0.0975793 0.0671881 0.0817134 
taxon12    0.2711861 0.2830873 0.2948694 0.2589159 0.2483223 0.2732485 0.0723933 0.0729427 0.0425760 0.0622606 0.0473087 0.0046131 0.0000000 0.0827380 0.0985549 0.0990290 0.0878852 0.1029242 0.0623710 0.0869197 
taxon13    0.2408688 0.2290621 0.2356410 0.1970440 0.2117877 0.2104709 0.0730296 0.0637815 0.0872644 0.0876550 0.0920355 0.0775232 0.0827380 0.0000000 0.0282891 0.0189266 0.0186853 0.0423211 0.0434814 0.0333043 
taxon14    0.2739795 0.2613520 0.2681329 0.2282980 0.2236882 0.2422379 0.0829399 0.0737266 0.1030831 0.1084286 0.1180387 0.0932022 0.0985549 0.0282891 0.0000000 0.0236860 0.0139929 0.0520384 0.0586050 0.0479489 
taxon15    0.2380955 0.2264368 0.2329542 0.1947283 0.2154079 0.2080179 0.0890424 0.0679340 0.1035684 0.0918638 0.1083974 0.0936584 0.0990290 0.0189266 0.0236860 0.0000000 0.0093731 0.0427020 0.0539311 0.0434755 
taxon16    0.2531349 0.2410584 0.2476926 0.2087513 0.2178824 0.2223293 0.0780354 0.0687996 0.0924090 0.0976711 0.1072075 0.0826295 0.0878852 0.0186853 0.0139929 0.0093731 0.0000000 0.0421856 0.0434777 0.0429419 
taxon17    0.2981658 0.2850366 0.2919165 0.2514563 0.2553813 0.2656726 0.1186721 0.0992695 0.1074143 0.0982554 0.0975758 0.0975793 0.1029242 0.0423211 0.0520384 0.0427020 0.0421856 0.0000000 0.0683225 0.0773890 
taxon18    0.2433053 0.2408877 0.2567803 0.2314587 0.2291444 0.2310933 0.0720260 0.0781802 0.0721928 0.0925817 0.0868271 0.0671881 0.0623710 0.0434814 0.0586050 0.0539311 0.0434777 0.0683225 0.0000000 0.0430990 
taxon19    0.2246861 0.2378695 0.2572165 0.2175099 0.2250431 0.2313761 0.0879758 0.0835590 0.1076674 0.1081367 0.1124813 0.0817134 0.0869197 0.0333043 0.0479489 0.0434755 0.0429419 0.0773890 0.0430990 0.0000000 
