20
taxon0     0.0000000 0.2424549 0.3679644 0.3253487 0.3270103 0.3611263 0.3606104 0.5948274 0.6071314 0.5909575 0.6476255 0.5789907 0.6311520 0.5990518 0.5812010 0.5782056 0.5880565 0.6016220 0.5790413 0.5533189 
taxon1     0.2424549 0.0000000 0.1529349 0.2312351 0.2300640 0.3150785 0.2487271 0.4854286 0.4941805 0.4963218 0.5226236 0.5277705 0.5770768 0.5271130 0.5074741 0.4606497 0.4821307 0.4720982 0.5103575 0.4743037 
taxon2     0.3679644 0.1529349 0.0000000 0.3154910 0.3058884 0.4079804 0.3294405 0.5811004 0.5521502 0.5892567 0.6303350 0.6031226 0.6885069 0.5979946 0.5952920 0.5606597 0.5313071 0.5353542 0.5704459 0.5431372 
taxon3     0.3253487 0.2312351 0.3154910 0.0000000 0.0097418 0.1733206 0.0847251 0.4313454 0.4412781 0.4213283 0.4523032 0.4255809 0.4567466 0.4513106 0.3901510 0.4129999 0.4414696 0.4399152 0.4542854 0.4577927 
taxon4     0.3270103 0.2300640 0.3058884 0.0097418 0.0000000 0.1661014 0.0786863 0.4306452 0.4405477 0.4206550 0.4545659 0.4271590 0.4559725 0.4505543 0.3895691 0.4025692 0.4299647 0.4283658 0.4425226 0.4553287 
taxon5     0.3611263 0.3150785 0.4079804 0.1733206 0.1661014 0.0000000 0.1624331 0.5301023 0.5545057 0.4948182 0.5642898 0.5020097 0.5148450 0.4862718 0.4556999 0.4996072 0.4979681 0.4976779 0.5257777 0.5076637 
taxon6     0.3606104 0.2487271 0.3294405 0.0847251 0.0786863 0.1624331 0.0000000 0.4368245 0.4494226 0.4344178 0.4824710 0.4517103 0.4596796 0.4712595 0.4080510 0.4395152 0.4339895 0.4416557 0.4435061 0.4505336 
taxon7     0.5948274 0.4854286 0.5811004 0.4313454 0.4306452 0.5301023 0.4368245 0.0000000 0.0772213 0.1648814 0.1983286 0.1959647 0.2339712 0.3026626 0.2249502 0.3592317 0.3834191 0.3529659 0.3587639 0.4135512 
taxon8     0.6071314 0.4941805 0.5521502 0.4412781 0.4405477 0.5545057 0.4494226 0.0772213 0.0000000 0.1989694 0.2266096 0.2068770 0.2614639 0.3313083 0.2572259 0.4041953 0.4232970 0.4068584 0.3932607 0.4330291 
taxon9     0.5909575 0.4963218 0.5892567 0.4213283 0.4206550 0.4948182 0.4344178 0.1648814 0.1989694 0.0000000 0.1287612 0.1221801 0.1834252 0.2260794 0.1881204 0.4241958 0.4225931 0.3961235 0.4010316 0.4496455 
taxon10    0.6476255 0.5226236 0.6303350 0.4523032 0.4545659 0.5642898 0.4824710 0.1983286 0.2266096 0.1287612 0.0000000 0.1337251 0.2032591 0.2560129 0.2050867 0.4128231 0.4456139 0.4220527 0.4164076 0.4663741 
taxon11    0.5789907 0.5277705 0.6031226 0.4255809 0.4271590 0.5020097 0.4517103 0.1959647 0.2068770 0.1221801 0.1337251 0.0000000 0.1050904 0.1888990 0.1332983 0.4455035 0.4465385 0.4036461 0.4069764 0.4702011 
taxon12    0.6311520 0.5770768 0.6885069 0.4567466 0.4559725 0.5148450 0.4596796 0.2339712 0.2614639 0.1834252 0.2032591 0.1050904 0.0000000 0.1532228 0.0986921 0.4707785 0.4619603 0.4016562 0.4030711 0.4716561 
taxon13    0.5990518 0.5271130 0.5979946 0.4513106 0.4505543 0.4862718 0.4712595 0.3026626 0.3313083 0.2260794 0.2560129 0.1888990 0.1532228 0.0000000 0.0813985 0.5247156 0.4897478 0.4304699 0.4792185 0.5223271 
taxon14    0.5812010 0.5074741 0.5952920 0.3901510 0.3895691 0.4556999 0.4080510 0.2249502 0.2572259 0.1881204 0.2050867 0.1332983 0.0986921 0.0813985 0.0000000 0.4457550 0.4447382 0.4000918 0.4217464 0.4723801 
taxon15    0.5782056 0.4606497 0.5606597 0.4129999 0.4025692 0.4996072 0.4395152 0.3592317 0.4041953 0.4241958 0.4128231 0.4455035 0.4707785 0.5247156 0.4457550 0.0000000 0.1441307 0.1279445 0.1359084 0.2270879 
taxon16    0.5880565 0.4821307 0.5313071 0.4414696 0.4299647 0.4979681 0.4339895 0.3834191 0.4232970 0.4225931 0.4456139 0.4465385 0.4619603 0.4897478 0.4447382 0.1441307 0.0000000 0.1137930 0.1070254 0.2647030 
taxon17    0.6016220 0.4720982 0.5353542 0.4399152 0.4283658 0.4976779 0.4416557 0.3529659 0.4068584 0.3961235 0.4220527 0.4036461 0.4016562 0.4304699 0.4000918 0.1279445 0.1137930 0.0000000 0.0733751 0.2340528 
taxon18    0.5790413 0.5103575 0.5704459 0.4542854 0.4425226 0.5257777 0.4435061 0.3587639 0.3932607 0.4010316 0.4164076 0.4069764 0.4030711 0.4792185 0.4217464 0.1359084 0.1070254 0.0733751 0.0000000 0.2482435 
taxon19    0.5533189 0.4743037 0.5431372 0.4577927 0.4553287 0.5076637 0.4505336 0.4135512 0.4330291 0.4496455 0.4663741 0.4702011 0.4716561 0.5223271 0.4723801 0.2270879 0.2647030 0.2340528 0.2482435 0.0000000 
