20
taxon0     0.0000000 0.1281083 0.2346380 0.1825310 0.2476833 0.2880427 0.2531471 0.3777130 0.4471878 0.4823410 0.4669062 0.3792073 0.4075829 0.2929934 0.3643989 0.3759491 0.4208070 0.3993280 0.2931194 0.2978219 
taxon1     0.1281083 0.0000000 0.2534132 0.1926032 0.2308221 0.2787173 0.2394028 0.3600335 0.4292768 0.4917727 0.4820567 0.3956170 0.4125571 0.2651210 0.3501590 0.3613185 0.3978359 0.3952947 0.2517189 0.2429518 
taxon2     0.2346380 0.2534132 0.0000000 0.0736328 0.1784655 0.2268853 0.1909879 0.4745097 0.5080910 0.5694485 0.5373250 0.4641060 0.5228952 0.3762526 0.4148607 0.4181045 0.4340449 0.4656068 0.3701067 0.3900989 
taxon3     0.1825310 0.1926032 0.0736328 0.0000000 0.1210792 0.1556958 0.1335568 0.3938057 0.4351865 0.4970908 0.4667041 0.3641207 0.4117373 0.3040307 0.3533941 0.3561325 0.3856116 0.4005061 0.2925826 0.3148811 
taxon4     0.2476833 0.2308221 0.1784655 0.1210792 0.0000000 0.1335479 0.1039620 0.4019844 0.4425693 0.5124031 0.4568736 0.3867525 0.4319676 0.3568800 0.3889024 0.3810433 0.4243492 0.4385486 0.3084267 0.3620313 
taxon5     0.2880427 0.2787173 0.2268853 0.1556958 0.1335479 0.0000000 0.0728756 0.4538681 0.5241823 0.5898919 0.5270958 0.4501289 0.4966095 0.3890918 0.4267962 0.4195175 0.4591620 0.4646926 0.3440370 0.3715861 
taxon6     0.2531471 0.2394028 0.1909879 0.1335568 0.1039620 0.0728756 0.0000000 0.4411156 0.4888171 0.5642649 0.5113574 0.4343598 0.4778062 0.3650185 0.4028314 0.3957569 0.4341583 0.4257182 0.3509370 0.3526827 
taxon7     0.3777130 0.3600335 0.4745097 0.3938057 0.4019844 0.4538681 0.4411156 0.0000000 0.1527923 0.1911462 0.1760794 0.1612580 0.1496136 0.3048563 0.3011517 0.3119957 0.3507739 0.3713923 0.2636158 0.2564663 
taxon8     0.4471878 0.4292768 0.5080910 0.4351865 0.4425693 0.5241823 0.4888171 0.1527923 0.0000000 0.1234064 0.1043220 0.2190227 0.2135112 0.3547128 0.3506921 0.3648143 0.4095585 0.4216120 0.3193184 0.3098311 
taxon9     0.4823410 0.4917727 0.5694485 0.4970908 0.5124031 0.5898919 0.5642649 0.1911462 0.1234064 0.0000000 0.0829730 0.2669652 0.2551480 0.3933812 0.3676095 0.4000035 0.4464828 0.4494872 0.3816757 0.3861138 
taxon10    0.4669062 0.4820567 0.5373250 0.4667041 0.4568736 0.5270958 0.5113574 0.1760794 0.1043220 0.0829730 0.0000000 0.2365523 0.2371054 0.3719622 0.3564319 0.3705783 0.4279259 0.4179961 0.3216849 0.3390932 
taxon11    0.3792073 0.3956170 0.4641060 0.3641207 0.3867525 0.4501289 0.4343598 0.1612580 0.2190227 0.2669652 0.2365523 0.0000000 0.1135286 0.2703096 0.2776739 0.2899123 0.3314271 0.3384489 0.2536755 0.2568497 
taxon12    0.4075829 0.4125571 0.5228952 0.4117373 0.4319676 0.4966095 0.4778062 0.1496136 0.2135112 0.2551480 0.2371054 0.1135286 0.0000000 0.2787529 0.2870420 0.3011484 0.3487683 0.3582609 0.2699736 0.2685813 
taxon13    0.2929934 0.2651210 0.3762526 0.3040307 0.3568800 0.3890918 0.3650185 0.3048563 0.3547128 0.3933812 0.3719622 0.2703096 0.2787529 0.0000000 0.1211663 0.1391198 0.1803578 0.1821016 0.1180208 0.1298723 
taxon14    0.3643989 0.3501590 0.4148607 0.3533941 0.3889024 0.4267962 0.4028314 0.3011517 0.3506921 0.3676095 0.3564319 0.2776739 0.2870420 0.1211663 0.0000000 0.0345397 0.0820460 0.0766992 0.1717510 0.1709015 
taxon15    0.3759491 0.3613185 0.4181045 0.3561325 0.3810433 0.4195175 0.3957569 0.3119957 0.3648143 0.4000035 0.3705783 0.2899123 0.3011484 0.1391198 0.0345397 0.0000000 0.0547404 0.0496305 0.1808162 0.1738955 
taxon16    0.4208070 0.3978359 0.4340449 0.3856116 0.4243492 0.4591620 0.4341583 0.3507739 0.4095585 0.4464828 0.4279259 0.3314271 0.3487683 0.1803578 0.0820460 0.0547404 0.0000000 0.0550332 0.2125406 0.1990816 
taxon17    0.3993280 0.3952947 0.4656068 0.4005061 0.4385486 0.4646926 0.4257182 0.3713923 0.4216120 0.4494872 0.4179961 0.3384489 0.3582609 0.1821016 0.0766992 0.0496305 0.0550332 0.0000000 0.2260940 0.2066331 
taxon18    0.2931194 0.2517189 0.3701067 0.2925826 0.3084267 0.3440370 0.3509370 0.2636158 0.3193184 0.3816757 0.3216849 0.2536755 0.2699736 0.1180208 0.1717510 0.1808162 0.2125406 0.2260940 0.0000000 0.0919615 
taxon19    0.2978219 0.2429518 0.3900989 0.3148811 0.3620313 0.3715861 0.3526827 0.2564663 0.3098311 0.3861138 0.3390932 0.2568497 0.2685813 0.1298723 0.1709015 0.1738955 0.1990816 0.2066331 0.0919615 0.0000000 
