20
taxon0     0.0000000 0.0467381 0.0977289 0.1316826 0.1216794 0.1772278 0.1761984 0.2003247 0.2010386 0.2215599 0.2206931 0.2230349 0.2295955 0.2399305 0.2773583 0.2774784 0.3800577 0.3592220 0.3137659 0.2974290 
taxon1     0.0467381 0.0000000 0.1039625 0.1241613 0.1128614 0.2008098 0.1996800 0.2365156 0.2371890 0.2497467 0.2412884 0.2546762 0.2751747 0.2641068 0.2982144 0.2876706 0.3797782 0.3541491 0.3069277 0.3084841 
taxon2     0.0977289 0.1039625 0.0000000 0.0966786 0.0866695 0.2589226 0.2575957 0.2928616 0.2823223 0.3057486 0.2933422 0.3131014 0.3240456 0.3332506 0.3501986 0.3531697 0.4544732 0.4156107 0.3871034 0.3647648 
taxon3     0.1316826 0.1241613 0.0966786 0.0000000 0.0460690 0.2848196 0.2825632 0.3279758 0.3117777 0.3211240 0.3073882 0.3044366 0.3294849 0.3705168 0.3714061 0.3750153 0.4179248 0.4082283 0.3876258 0.3754602 
taxon4     0.1216794 0.1128614 0.0866695 0.0460690 0.0000000 0.2868840 0.2760777 0.3241216 0.3079764 0.3248290 0.3191633 0.3311600 0.3320568 0.3660845 0.3591780 0.3626702 0.4236317 0.3866398 0.3590626 0.3475045 
taxon5     0.1772278 0.2008098 0.2589226 0.2848196 0.2868840 0.0000000 0.0314815 0.1399795 0.1437864 0.1823375 0.1595091 0.2560237 0.2813666 0.2144458 0.2573118 0.2579932 0.3850312 0.3717734 0.3397418 0.3292772 
taxon6     0.1761984 0.1996800 0.2575957 0.2825632 0.2760777 0.0314815 0.0000000 0.1399465 0.1435957 0.1873975 0.1646021 0.2551404 0.2659391 0.2129526 0.2555554 0.2562287 0.4092647 0.3941304 0.3465617 0.3359283 
taxon7     0.2003247 0.2365156 0.2928616 0.3279758 0.3241216 0.1399795 0.1399465 0.0000000 0.0671074 0.1004039 0.0789125 0.2800342 0.3061845 0.2867886 0.3216547 0.3200634 0.4794163 0.4623399 0.4057461 0.3996427 
taxon8     0.2010386 0.2371890 0.2823223 0.3117777 0.3079764 0.1437864 0.1435957 0.0671074 0.0000000 0.0503437 0.0351885 0.2817630 0.2786284 0.2899167 0.3292629 0.3344975 0.4581660 0.4418294 0.3931498 0.3657394 
taxon9     0.2215599 0.2497467 0.3057486 0.3211240 0.3248290 0.1823375 0.1873975 0.1004039 0.0503437 0.0000000 0.0354886 0.3058731 0.3236671 0.3296123 0.3615987 0.3597160 0.4899895 0.4834616 0.4315342 0.4041059 
taxon10    0.2206931 0.2412884 0.2933422 0.3073882 0.3191633 0.1595091 0.1646021 0.0789125 0.0351885 0.0354886 0.0000000 0.2840705 0.3092311 0.3032994 0.3439298 0.3361541 0.4672503 0.4506448 0.4014884 0.3956595 
taxon11    0.2230349 0.2546762 0.3131014 0.3044366 0.3311600 0.2560237 0.2551404 0.2800342 0.2817630 0.3058731 0.2840705 0.0000000 0.0585772 0.2422976 0.2508285 0.2692132 0.3624606 0.3744723 0.3407204 0.3085853 
taxon12    0.2295955 0.2751747 0.3240456 0.3294849 0.3320568 0.2813666 0.2659391 0.3061845 0.2786284 0.3236671 0.3092311 0.0585772 0.0000000 0.2695055 0.2719720 0.2974934 0.3660864 0.3824440 0.3589296 0.3289005 
taxon13    0.2399305 0.2641068 0.3332506 0.3705168 0.3660845 0.2144458 0.2129526 0.2867886 0.2899167 0.3296123 0.3032994 0.2422976 0.2695055 0.0000000 0.0707288 0.0865642 0.2673568 0.2613867 0.2303991 0.2029692 
taxon14    0.2773583 0.2982144 0.3501986 0.3714061 0.3591780 0.2573118 0.2555554 0.3216547 0.3292629 0.3615987 0.3439298 0.2508285 0.2719720 0.0707288 0.0000000 0.0523622 0.2852000 0.2854334 0.2534418 0.2272190 
taxon15    0.2774784 0.2876706 0.3531697 0.3750153 0.3626702 0.2579932 0.2562287 0.3200634 0.3344975 0.3597160 0.3361541 0.2692132 0.2974934 0.0865642 0.0523622 0.0000000 0.2744747 0.2752690 0.2565611 0.2340242 
taxon16    0.3800577 0.3797782 0.4544732 0.4179248 0.4236317 0.3850312 0.4092647 0.4794163 0.4581660 0.4899895 0.4672503 0.3624606 0.3660864 0.2673568 0.2852000 0.2744747 0.0000000 0.0628541 0.1398943 0.1231305 
taxon17    0.3592220 0.3541491 0.4156107 0.4082283 0.3866398 0.3717734 0.3941304 0.4623399 0.4418294 0.4834616 0.4506448 0.3744723 0.3824440 0.2613867 0.2854334 0.2752690 0.0628541 0.0000000 0.1130196 0.1084377 
taxon18    0.3137659 0.3069277 0.3871034 0.3876258 0.3590626 0.3397418 0.3465617 0.4057461 0.3931498 0.4315342 0.4014884 0.3407204 0.3589296 0.2303991 0.2534418 0.2565611 0.1398943 0.1130196 0.0000000 0.0671160 
taxon19    0.2974290 0.3084841 0.3647648 0.3754602 0.3475045 0.3292772 0.3359283 0.3996427 0.3657394 0.4041059 0.3956595 0.3085853 0.3289005 0.2029692 0.2272190 0.2340242 0.1231305 0.1084377 0.0671160 0.0000000 
