20
taxon0     0.0000000 0.1312458 0.2159741 0.2368949 0.3850586 0.4217096 0.4448782 0.3959868 0.3897734 0.5082518 0.4745924 0.5089536 0.5293083 0.5912988 0.5992397 0.6494980 0.7111781 0.7137664 0.4639278 0.5112667 
taxon1     0.1312458 0.0000000 0.2662406 0.2620172 0.4196031 0.4444161 0.4307442 0.4358412 0.4158128 0.5196857 0.5057073 0.5333214 0.5316349 0.6345085 0.6164646 0.6490759 0.7057282 0.6900451 0.4905296 0.5190837 
taxon2     0.2159741 0.2662406 0.0000000 0.1781075 0.4383899 0.4789311 0.4586308 0.4110725 0.4084496 0.5333151 0.5047063 0.5283934 0.5852552 0.7104245 0.7056766 0.7538816 0.8208448 0.8344382 0.4824506 0.5226534 
taxon3     0.2368949 0.2620172 0.1781075 0.0000000 0.4731910 0.4848193 0.4667241 0.4039982 0.4535956 0.5790820 0.5271918 0.5529138 0.5713087 0.6850804 0.6899471 0.6772629 0.7372238 0.7570768 0.5305287 0.5692574 
taxon4     0.3850586 0.4196031 0.4383899 0.4731910 0.0000000 0.1347469 0.1413713 0.2926594 0.2620386 0.5381548 0.4685465 0.5018386 0.5627896 0.6421204 0.6296863 0.6784092 0.7366850 0.7085370 0.5139083 0.5512146 
taxon5     0.4217096 0.4444161 0.4789311 0.4848193 0.1347469 0.0000000 0.0739048 0.3307483 0.2886400 0.5104338 0.4789988 0.5018020 0.5390753 0.6301829 0.6498632 0.6449446 0.7142212 0.6866007 0.4807476 0.5167767 
taxon6     0.4448782 0.4307442 0.4586308 0.4667241 0.1413713 0.0739048 0.0000000 0.3162415 0.2966312 0.5171502 0.4883912 0.5182425 0.5153340 0.6124100 0.6342159 0.6502788 0.6974384 0.6799451 0.4928060 0.5233869 
taxon7     0.3959868 0.4358412 0.4110725 0.4039982 0.2926594 0.3307483 0.3162415 0.0000000 0.1736131 0.4780456 0.4475387 0.4875414 0.5938873 0.6458686 0.7057669 0.6991842 0.7144002 0.7258204 0.5318720 0.5852276 
taxon8     0.3897734 0.4158128 0.4084496 0.4535956 0.2620386 0.2886400 0.2966312 0.1736131 0.0000000 0.4522915 0.4261123 0.4767613 0.5627066 0.6258144 0.6718130 0.6576399 0.7210164 0.7180773 0.5114938 0.5517751 
taxon9     0.5082518 0.5196857 0.5333151 0.5790820 0.5381548 0.5104338 0.5171502 0.4780456 0.4522915 0.0000000 0.1552247 0.1737626 0.4268173 0.5678495 0.5847465 0.6064194 0.6646574 0.6255198 0.4350118 0.4198854 
taxon10    0.4745924 0.5057073 0.5047063 0.5271918 0.4685465 0.4789988 0.4883912 0.4475387 0.4261123 0.1552247 0.0000000 0.0687707 0.4047933 0.5787864 0.5734803 0.5947591 0.6876687 0.6415065 0.3870323 0.3995684 
taxon11    0.5089536 0.5333214 0.5283934 0.5529138 0.5018386 0.5018020 0.5182425 0.4875414 0.4767613 0.1737626 0.0687707 0.0000000 0.4297285 0.6048087 0.5914054 0.5970951 0.6823729 0.6587373 0.3815834 0.4035860 
taxon12    0.5293083 0.5316349 0.5852552 0.5713087 0.5627896 0.5390753 0.5153340 0.5938873 0.5627066 0.4268173 0.4047933 0.4297285 0.0000000 0.1794266 0.2106761 0.2376880 0.3170520 0.2982474 0.2360788 0.2175514 
taxon13    0.5912988 0.6345085 0.7104245 0.6850804 0.6421204 0.6301829 0.6124100 0.6458686 0.6258144 0.5678495 0.5787864 0.6048087 0.1794266 0.0000000 0.1344938 0.1925468 0.2463126 0.2159598 0.3570329 0.3389306 
taxon14    0.5992397 0.6164646 0.7056766 0.6899471 0.6296863 0.6498632 0.6342159 0.7057669 0.6718130 0.5847465 0.5734803 0.5914054 0.2106761 0.1344938 0.0000000 0.1207665 0.1884660 0.1725062 0.3236322 0.3196788 
taxon15    0.6494980 0.6490759 0.7538816 0.6772629 0.6784092 0.6449446 0.6502788 0.6991842 0.6576399 0.6064194 0.5947591 0.5970951 0.2376880 0.1925468 0.1207665 0.0000000 0.1427640 0.1403485 0.3509297 0.3626447 
taxon16    0.7111781 0.7057282 0.8208448 0.7372238 0.7366850 0.7142212 0.6974384 0.7144002 0.7210164 0.6646574 0.6876687 0.6823729 0.3170520 0.2463126 0.1884660 0.1427640 0.0000000 0.0977314 0.4546248 0.4526576 
taxon17    0.7137664 0.6900451 0.8344382 0.7570768 0.7085370 0.6866007 0.6799451 0.7258204 0.7180773 0.6255198 0.6415065 0.6587373 0.2982474 0.2159598 0.1725062 0.1403485 0.0977314 0.0000000 0.4245152 0.4213266 
taxon18    0.4639278 0.4905296 0.4824506 0.5305287 0.5139083 0.4807476 0.4928060 0.5318720 0.5114938 0.4350118 0.3870323 0.3815834 0.2360788 0.3570329 0.3236322 0.3509297 0.4546248 0.4245152 0.0000000 0.1247924 
taxon19    0.5112667 0.5190837 0.5226534 0.5692574 0.5512146 0.5167767 0.5233869 0.5852276 0.5517751 0.4198854 0.3995684 0.4035860 0.2175514 0.3389306 0.3196788 0.3626447 0.4526576 0.4213266 0.1247924 0.0000000 
