20
taxon0     0.0000000 0.0095797 0.0397802 0.0445384 0.0605791 0.0698963 0.0748016 0.0496322 0.0698867 0.0490878 0.0646320 0.0589846 0.0539254 0.1990279 0.2247599 0.2125680 0.2187839 0.2110444 0.2124204 0.1929881 
taxon1     0.0095797 0.0000000 0.0445710 0.0546655 0.0653753 0.0651539 0.0700808 0.0496786 0.0699514 0.0491332 0.0646919 0.0590389 0.0539750 0.2113602 0.2198534 0.2198095 0.2260805 0.2234623 0.2249162 0.2052568 
taxon2     0.0397802 0.0445710 0.0000000 0.0147780 0.0195858 0.0500886 0.0550215 0.0344907 0.0545114 0.0498143 0.0655950 0.0598555 0.0547209 0.2161862 0.2052477 0.1932454 0.1993518 0.2142143 0.2156266 0.1959155 
taxon3     0.0445384 0.0546655 0.0147780 0.0000000 0.0248835 0.0604961 0.0654494 0.0444992 0.0646501 0.0599870 0.0759586 0.0700797 0.0648980 0.2212258 0.2055623 0.1935457 0.1996597 0.2192133 0.2078869 0.1884085 
taxon4     0.0605791 0.0653753 0.0195858 0.0248835 0.0000000 0.0659330 0.0709102 0.0448900 0.0652171 0.0605166 0.0766342 0.0706971 0.0654692 0.2359190 0.2117794 0.1877158 0.2058606 0.2337534 0.2223066 0.2024698 
taxon5     0.0698963 0.0651539 0.0500886 0.0604961 0.0659330 0.0000000 0.0196257 0.0660352 0.0868253 0.0706309 0.0920329 0.0808324 0.0806339 0.2468561 0.2280049 0.2339251 0.2342990 0.2416388 0.2522190 0.2319141 
taxon6     0.0748016 0.0700808 0.0550215 0.0654494 0.0709102 0.0196257 0.0000000 0.0710189 0.0814795 0.0702359 0.0970386 0.0803851 0.0753651 0.2455442 0.2267804 0.2395391 0.2330462 0.2403507 0.2578699 0.2375013 
taxon7     0.0496322 0.0496786 0.0344907 0.0444992 0.0448900 0.0660352 0.0710189 0.0000000 0.0292369 0.0244912 0.0396814 0.0445127 0.0394633 0.2277340 0.2193479 0.1950304 0.2133719 0.2192683 0.2271371 0.2072793 
taxon8     0.0698867 0.0699514 0.0545114 0.0646501 0.0652171 0.0868253 0.0814795 0.0292369 0.0000000 0.0443342 0.0598685 0.0646693 0.0495227 0.2468869 0.2382270 0.2054192 0.2321931 0.2381466 0.2462237 0.2260267 
taxon9     0.0490878 0.0491332 0.0498143 0.0599870 0.0605166 0.0706309 0.0702359 0.0244912 0.0443342 0.0000000 0.0243571 0.0193441 0.0242264 0.2124885 0.2266392 0.2147160 0.2206189 0.2117349 0.2321792 0.2123185 
taxon10    0.0646320 0.0646919 0.0655950 0.0759586 0.0766342 0.0920329 0.0970386 0.0396814 0.0598685 0.0243571 0.0000000 0.0392912 0.0392476 0.2127095 0.2396385 0.2156198 0.2210337 0.2307743 0.2387424 0.2187480 
taxon11    0.0589846 0.0590389 0.0598555 0.0700797 0.0706971 0.0808324 0.0803851 0.0445127 0.0646693 0.0193441 0.0392912 0.0000000 0.0339581 0.2182324 0.2386551 0.2266815 0.2326083 0.2170470 0.2375437 0.2176436 
taxon12    0.0539254 0.0539750 0.0547209 0.0648980 0.0654692 0.0806339 0.0753651 0.0394633 0.0495227 0.0242264 0.0392476 0.0339581 0.0000000 0.2305079 0.2325236 0.2201633 0.2388441 0.2296860 0.2253263 0.2177152 
taxon13    0.1990279 0.2113602 0.2161862 0.2212258 0.2359190 0.2468561 0.2455442 0.2277340 0.2468869 0.2124885 0.2127095 0.2182324 0.2305079 0.0000000 0.0395946 0.0550613 0.0346074 0.0343801 0.0446894 0.0294588 
taxon14    0.2247599 0.2198534 0.2052477 0.2055623 0.2117794 0.2280049 0.2267804 0.2193479 0.2382270 0.2266392 0.2396385 0.2386551 0.2325236 0.0395946 0.0000000 0.0342859 0.0145162 0.0494021 0.0396443 0.0343987 
taxon15    0.2125680 0.2198095 0.1932454 0.1935457 0.1877158 0.2339251 0.2395391 0.1950304 0.2054192 0.2147160 0.2156198 0.2266815 0.2201633 0.0550613 0.0342859 0.0000000 0.0194996 0.0546163 0.0447481 0.0294983 
taxon16    0.2187839 0.2260805 0.1993518 0.1996597 0.2058606 0.2342990 0.2330462 0.2133719 0.2321931 0.2206189 0.2210337 0.2326083 0.2388441 0.0346074 0.0145162 0.0194996 0.0000000 0.0444126 0.0446788 0.0294520 
taxon17    0.2110444 0.2234623 0.2142143 0.2192133 0.2337534 0.2416388 0.2403507 0.2192683 0.2381466 0.2117349 0.2307743 0.2170470 0.2296860 0.0343801 0.0494021 0.0546163 0.0444126 0.0000000 0.0391907 0.0242224 
taxon18    0.2124204 0.2249162 0.2156266 0.2078869 0.2223066 0.2522190 0.2578699 0.2271371 0.2462237 0.2321792 0.2387424 0.2375437 0.2253263 0.0446894 0.0396443 0.0447481 0.0446788 0.0391907 0.0000000 0.0145561 
taxon19    0.1929881 0.2052568 0.1959155 0.1884085 0.2024698 0.2319141 0.2375013 0.2072793 0.2260267 0.2123185 0.2187480 0.2176436 0.2177152 0.0294588 0.0343987 0.0294983 0.0294520 0.0242224 0.0145561 0.0000000 
