20
taxon0     0.0000000 2.3540428 3.6418954 1.6341466 4.3479964 3.8388206 4.7207364 2.4256692 5.0106528 4.9002875 2.8694228 4.7612549 2.5044492 3.0395703 3.5082351 3.1136814 7.2931019 5.5384771 6.0120673 4.1984954 
taxon1     2.3540428 0.0000000 1.9293292 2.7210336 4.8898305 4.3940056 4.9313694 2.7199628 5.3166032 5.8265610 3.3643290 5.1976531 2.9070708 4.1309651 3.7554327 3.4289099 4.0807908 5.2269599 4.0508186 3.6492239 
taxon2     3.6418954 1.9293292 0.0000000 1.9918135 4.1350298 3.7185866 5.9210794 2.2204979 4.4077878 5.2199004 3.9395002 3.8491113 2.7922488 4.1065597 3.7475186 2.5944996 7.9652053 4.8243722 3.4806542 3.3353348 
taxon3     1.6341466 2.7210336 1.9918135 0.0000000 2.3395550 2.7752080 3.1387431 1.5420160 2.4031316 2.4142475 1.8915811 2.6309143 1.8176290 2.2084329 2.7134695 1.9001831 3.4946769 3.3177470 2.8938906 3.1651068 
taxon4     4.3479964 4.8898305 4.1350298 2.3395550 0.0000000 1.6611314 2.2912277 1.8645231 2.4011520 2.5113357 2.9607037 5.8544103 2.7248218 2.8906776 5.4776348 3.5258514 4.7088967 4.7381671 4.2475678 4.6506495 
taxon5     3.8388206 4.3940056 3.7185866 2.7752080 1.6611314 0.0000000 2.0355343 1.5763551 1.8175271 2.4302467 3.4491301 4.8215180 3.1790073 3.7253109 4.6237531 3.4249452 5.8270219 4.7521976 5.5924495 6.6785409 
taxon6     4.7207364 4.9313694 5.9210794 3.1387431 2.2912277 2.0355343 0.0000000 1.7364840 1.8472017 2.4655910 3.6602629 6.6952527 3.1533302 4.5404187 7.9597700 3.3066928 6.5407932 6.0285256 5.3267805 4.4922426 
taxon7     2.4256692 2.7199628 2.2204979 1.5420160 1.8645231 1.5763551 1.7364840 0.0000000 1.0307625 1.0548175 1.5969756 2.6511259 1.2637669 1.9103352 2.6369513 1.1317623 2.3158084 3.9687585 2.5366567 2.2704475 
taxon8     5.0106528 5.3166032 4.4077878 2.4031316 2.4011520 1.8175271 1.8472017 1.0307625 0.0000000 0.5995844 2.6968381 4.7764517 2.7961570 3.7978702 3.7915838 2.8902053 3.6347725 4.6826406 5.6818949 4.3196632 
taxon9     4.9002875 5.8265610 5.2199004 2.4142475 2.5113357 2.4302467 2.4655910 1.0548175 0.5995844 0.0000000 2.7462241 3.7012408 3.0596938 3.3263645 4.3497091 2.8118955 3.2151276 4.8576866 4.4298505 3.5383555 
taxon10    2.8694228 3.3643290 3.9395002 1.8915811 2.9607037 3.4491301 3.6602629 1.5969756 2.6968381 2.7462241 0.0000000 1.1155720 1.2602173 1.6893885 2.0165172 1.3426371 2.7625115 3.6883284 2.3486508 2.5788972 
taxon11    4.7612549 5.1976531 3.8491113 2.6309143 5.8544103 4.8215180 6.6952527 2.6511259 4.7764517 3.7012408 1.1155720 0.0000000 2.5224754 3.6706173 5.4658955 2.8722788 3.8680083 3.8132648 3.4381431 3.3602074 
taxon12    2.5044492 2.9070708 2.7922488 1.8176290 2.7248218 3.1790073 3.1533302 1.2637669 2.7961570 3.0596938 1.2602173 2.5224754 0.0000000 0.3904914 1.1753476 0.7384059 3.3627796 5.2215328 1.8520294 2.0219915 
taxon13    3.0395703 4.1309651 4.1065597 2.2084329 2.8906776 3.7253109 4.5404187 1.9103352 3.7978702 3.3263645 1.6893885 3.6706173 0.3904914 0.0000000 1.3753216 0.9332953 4.1252976 5.3599896 2.3837641 2.6095097 
taxon14    3.5082351 3.7554327 3.7475186 2.7134695 5.4776348 4.6237531 7.9597700 2.6369513 3.7915838 4.3497091 2.0165172 5.4658955 1.1753476 1.3753216 0.0000000 1.2995460 4.3606419 8.9999987 4.1478346 3.8522318 
taxon15    3.1136814 3.4289099 2.5944996 1.9001831 3.5258514 3.4249452 3.3066928 1.1317623 2.8902053 2.8118955 1.3426371 2.8722788 0.7384059 0.9332953 1.2995460 0.0000000 3.0339713 3.5638114 1.7769219 1.9626830 
taxon16    7.2931019 4.0807908 7.9652053 3.4946769 4.7088967 5.8270219 6.5407932 2.3158084 3.6347725 3.2151276 2.7625115 3.8680083 3.3627796 4.1252976 4.3606419 3.0339713 0.0000000 1.5957762 1.7255492 2.3262458 
taxon17    5.5384771 5.2269599 4.8243722 3.3177470 4.7381671 4.7521976 6.0285256 3.9687585 4.6826406 4.8576866 3.6883284 3.8132648 5.2215328 5.3599896 8.9999987 3.5638114 1.5957762 0.0000000 1.9522347 2.7275304 
taxon18    6.0120673 4.0508186 3.4806542 2.8938906 4.2475678 5.5924495 5.3267805 2.5366567 5.6818949 4.4298505 2.3486508 3.4381431 1.8520294 2.3837641 4.1478346 1.7769219 1.7255492 1.9522347 0.0000000 1.1078507 
taxon19    4.1984954 3.6492239 3.3353348 3.1651068 4.6506495 6.6785409 4.4922426 2.2704475 4.3196632 3.5383555 2.5788972 3.3602074 2.0219915 2.6095097 3.8522318 1.9626830 2.3262458 2.7275304 1.1078507 0.0000000 
