20
taxon0     0.0000000 0.2573386 0.4344128 0.4873252 0.7600871 0.7807423 0.6737061 0.7049250 0.6978636 0.7319277 0.7027990 0.6615169 0.5273728 0.7016845 0.6899206 0.7856630 0.7927720 0.7840917 0.6617936 0.6551731 
taxon1     0.2573386 0.0000000 0.4542572 0.5236129 0.7520363 0.7425790 0.6709276 0.7250628 0.6709757 0.7363264 0.7650352 0.7067675 0.5662036 0.6909546 0.7332184 0.7854307 0.8091402 0.7873094 0.6763762 0.6723040 
taxon2     0.4344128 0.4542572 0.0000000 0.3526413 0.7783238 0.8356034 0.6547301 0.7131181 0.7379050 0.7353936 0.7993090 0.6593368 0.5802295 0.7150176 0.7127538 0.7959440 0.8313067 0.8108610 0.7175177 0.6749689 
taxon3     0.4873252 0.5236129 0.3526413 0.0000000 0.7760045 0.8550982 0.6983902 0.6976579 0.7311082 0.7221389 0.8738662 0.7592036 0.5830551 0.6752917 0.7061009 0.8263316 0.8541273 0.8395450 0.7048143 0.6642595 
taxon4     0.7600871 0.7520363 0.7783238 0.7760045 0.0000000 0.3312934 0.4642424 0.5404441 0.5480504 0.5924711 0.7061320 0.7183424 0.5570805 0.6996131 0.8101467 0.9356849 0.8902609 0.8322858 0.7564584 0.7022596 
taxon5     0.7807423 0.7425790 0.8356034 0.8550982 0.3312934 0.0000000 0.4431166 0.5345993 0.5411840 0.5980688 0.7427391 0.7579204 0.5797054 0.7068504 0.7840260 0.8350461 0.7995563 0.8132075 0.7572551 0.6997663 
taxon6     0.6737061 0.6709276 0.6547301 0.6983902 0.4642424 0.4431166 0.0000000 0.3271544 0.3127539 0.3785579 0.6765419 0.6230220 0.5377551 0.5829661 0.6741484 0.7533196 0.7526399 0.7719382 0.6166219 0.5907407 
taxon7     0.7049250 0.7250628 0.7131181 0.6976579 0.5404441 0.5345993 0.3271544 0.0000000 0.2856672 0.2895341 0.6829132 0.6338235 0.5273301 0.6201469 0.6558240 0.7174667 0.7904972 0.7497982 0.6083808 0.6280798 
taxon8     0.6978636 0.6709757 0.7379050 0.7311082 0.5480504 0.5411840 0.3127539 0.2856672 0.0000000 0.2267054 0.7120154 0.6694555 0.5998804 0.6623107 0.6476281 0.7199600 0.7733247 0.6972618 0.5997783 0.6393523 
taxon9     0.7319277 0.7363264 0.7353936 0.7221389 0.5924711 0.5980688 0.3785579 0.2895341 0.2267054 0.0000000 0.7842032 0.7215650 0.6434068 0.6522782 0.6386065 0.7337840 0.7628939 0.7749875 0.6512519 0.6974737 
taxon10    0.7027990 0.7650352 0.7993090 0.8738662 0.7061320 0.7427391 0.6765419 0.6829132 0.7120154 0.7842032 0.0000000 0.2960704 0.3978807 0.5509902 0.6635420 0.7084189 0.7376509 0.7102034 0.5696725 0.5516430 
taxon11    0.6615169 0.7067675 0.6593368 0.7592036 0.7183424 0.7579204 0.6230220 0.6338235 0.6694555 0.7215650 0.2960704 0.0000000 0.3405259 0.4885901 0.5653435 0.6736997 0.6979476 0.7077883 0.5042511 0.4882636 
taxon12    0.5273728 0.5662036 0.5802295 0.5830551 0.5570805 0.5797054 0.5377551 0.5273301 0.5998804 0.6434068 0.3978807 0.3405259 0.0000000 0.3658594 0.4668461 0.5655512 0.6086451 0.5776500 0.3823265 0.3657657 
taxon13    0.7016845 0.6909546 0.7150176 0.6752917 0.6996131 0.7068504 0.5829661 0.6201469 0.6623107 0.6522782 0.5509902 0.4885901 0.3658594 0.0000000 0.2915599 0.3612924 0.4937730 0.4342544 0.3305931 0.3263814 
taxon14    0.6899206 0.7332184 0.7127538 0.7061009 0.8101467 0.7840260 0.6741484 0.6558240 0.6476281 0.6386065 0.6635420 0.5653435 0.4668461 0.2915599 0.0000000 0.3008736 0.4050654 0.3561768 0.4491228 0.4244548 
taxon15    0.7856630 0.7854307 0.7959440 0.8263316 0.9356849 0.8350461 0.7533196 0.7174667 0.7199600 0.7337840 0.7084189 0.6736997 0.5655512 0.3612924 0.3008736 0.0000000 0.3386429 0.2832898 0.5424937 0.5493855 
taxon16    0.7927720 0.8091402 0.8313067 0.8541273 0.8902609 0.7995563 0.7526399 0.7904972 0.7733247 0.7628939 0.7376509 0.6979476 0.6086451 0.4937730 0.4050654 0.3386429 0.0000000 0.2734199 0.5973271 0.5999140 
taxon17    0.7840917 0.7873094 0.8108610 0.8395450 0.8322858 0.8132075 0.7719382 0.7497982 0.6972618 0.7749875 0.7102034 0.7077883 0.5776500 0.4342544 0.3561768 0.2832898 0.2734199 0.0000000 0.5811224 0.5564198 
taxon18    0.6617936 0.6763762 0.7175177 0.7048143 0.7564584 0.7572551 0.6166219 0.6083808 0.5997783 0.6512519 0.5696725 0.5042511 0.3823265 0.3305931 0.4491228 0.5424937 0.5973271 0.5811224 0.0000000 0.2119808 
taxon19    0.6551731 0.6723040 0.6749689 0.6642595 0.7022596 0.6997663 0.5907407 0.6280798 0.6393523 0.6974737 0.5516430 0.4882636 0.3657657 0.3263814 0.4244548 0.5493855 0.5999140 0.5564198 0.2119808 0.0000000 
