20
taxon0     0.0000000 0.2486117 0.2763590 0.3136535 0.4722532 0.4895330 0.5090965 0.4979622 0.5121092 0.4954424 0.5919871 0.6468446 0.6911238 0.7011858 0.6181944 0.5350755 0.5296122 0.6680911 0.7110982 0.6467961 
taxon1     0.2486117 0.0000000 0.2073324 0.1932222 0.5595356 0.5733143 0.6027396 0.5492147 0.5785359 0.5605224 0.5994989 0.6707223 0.7361054 0.7125698 0.6682683 0.6214053 0.6063518 0.7447149 0.7571698 0.7184583 
taxon2     0.2763590 0.2073324 0.0000000 0.1106467 0.5020714 0.5390468 0.5843767 0.5677732 0.5796188 0.5718778 0.6485098 0.6682722 0.7038023 0.7115679 0.7288902 0.6338438 0.5837679 0.7381678 0.7517152 0.6876577 
taxon3     0.3136535 0.1932222 0.1106467 0.0000000 0.5397862 0.5531448 0.6383657 0.6212301 0.5833716 0.5849755 0.6597789 0.6877409 0.7231083 0.7397594 0.7449542 0.6598611 0.6124310 0.7903414 0.7744719 0.7442697 
taxon4     0.4722532 0.5595356 0.5020714 0.5397862 0.0000000 0.1637617 0.3805799 0.4245528 0.4518635 0.3893984 0.7181657 0.7312648 0.7236332 0.7731706 0.7448840 0.6571761 0.6455303 0.7599541 0.7539334 0.7075137 
taxon5     0.4895330 0.5733143 0.5390468 0.5531448 0.1637617 0.0000000 0.3478599 0.4154687 0.4389221 0.3975984 0.6944316 0.7031279 0.7157043 0.7803088 0.7392939 0.6846886 0.6534857 0.7628301 0.7423099 0.7040566 
taxon6     0.5090965 0.6027396 0.5843767 0.6383657 0.3805799 0.3478599 0.0000000 0.1225885 0.2483825 0.2506001 0.6438799 0.6637341 0.6312170 0.6752641 0.6718752 0.6068879 0.6095399 0.7153882 0.7332797 0.6990477 
taxon7     0.4979622 0.5492147 0.5677732 0.6212301 0.4245528 0.4154687 0.1225885 0.0000000 0.2565656 0.2641291 0.6692931 0.6723079 0.6638370 0.6770283 0.6616964 0.5927411 0.6204798 0.7116940 0.7241719 0.6949255 
taxon8     0.5121092 0.5785359 0.5796188 0.5833716 0.4518635 0.4389221 0.2483825 0.2565656 0.0000000 0.1142456 0.7037091 0.7124171 0.7197540 0.7561599 0.7067713 0.6690845 0.6769711 0.7788346 0.8031178 0.7690572 
taxon9     0.4954424 0.5605224 0.5718778 0.5849755 0.3893984 0.3975984 0.2506001 0.2641291 0.1142456 0.0000000 0.7002682 0.7096011 0.7192913 0.7662419 0.6725315 0.6549605 0.6876929 0.7953661 0.7856950 0.7636772 
taxon10    0.5919871 0.5994989 0.6485098 0.6597789 0.7181657 0.6944316 0.6438799 0.6692931 0.7037091 0.7002682 0.0000000 0.0999936 0.2228380 0.2340846 0.3893786 0.3546281 0.3867738 0.5288293 0.5028802 0.4740813 
taxon11    0.6468446 0.6707223 0.6682722 0.6877409 0.7312648 0.7031279 0.6637341 0.6723079 0.7124171 0.7096011 0.0999936 0.0000000 0.2292728 0.2374885 0.3961864 0.3902831 0.4078841 0.5390231 0.5187824 0.4612543 
taxon12    0.6911238 0.7361054 0.7038023 0.7231083 0.7236332 0.7157043 0.6312170 0.6638370 0.7197540 0.7192913 0.2228380 0.2292728 0.0000000 0.1228678 0.4539988 0.4094118 0.4523528 0.5874520 0.5475489 0.5106826 
taxon13    0.7011858 0.7125698 0.7115679 0.7397594 0.7731706 0.7803088 0.6752641 0.6770283 0.7561599 0.7662419 0.2340846 0.2374885 0.1228678 0.0000000 0.4673761 0.4312289 0.4298275 0.5842179 0.5429958 0.5118082 
taxon14    0.6181944 0.6682683 0.7288902 0.7449542 0.7448840 0.7392939 0.6718752 0.6616964 0.7067713 0.6725315 0.3893786 0.3961864 0.4539988 0.4673761 0.0000000 0.1464938 0.3017453 0.4437220 0.4123225 0.3820528 
taxon15    0.5350755 0.6214053 0.6338438 0.6598611 0.6571761 0.6846886 0.6068879 0.5927411 0.6690845 0.6549605 0.3546281 0.3902831 0.4094118 0.4312289 0.1464938 0.0000000 0.2218550 0.3945309 0.3724598 0.3619441 
taxon16    0.5296122 0.6063518 0.5837679 0.6124310 0.6455303 0.6534857 0.6095399 0.6204798 0.6769711 0.6876929 0.3867738 0.4078841 0.4523528 0.4298275 0.3017453 0.2218550 0.0000000 0.2366677 0.3049449 0.2268507 
taxon17    0.6680911 0.7447149 0.7381678 0.7903414 0.7599541 0.7628301 0.7153882 0.7116940 0.7788346 0.7953661 0.5288293 0.5390231 0.5874520 0.5842179 0.4437220 0.3945309 0.2366677 0.0000000 0.2097069 0.1625896 
taxon18    0.7110982 0.7571698 0.7517152 0.7744719 0.7539334 0.7423099 0.7332797 0.7241719 0.8031178 0.7856950 0.5028802 0.5187824 0.5475489 0.5429958 0.4123225 0.3724598 0.3049449 0.2097069 0.0000000 0.0977518 
taxon19    0.6467961 0.7184583 0.6876577 0.7442697 0.7075137 0.7040566 0.6990477 0.6949255 0.7690572 0.7636772 0.4740813 0.4612543 0.5106826 0.5118082 0.3820528 0.3619441 0.2268507 0.1625896 0.0977518 0.0000000 
