20
taxon0     0.0000000 0.0705687 0.0869198 0.0641067 0.0973604 0.1580635 0.1656484 0.0995142 0.1392807 0.1629576 0.1873237 0.3740067 0.4489148 0.3656862 0.3869471 0.4589200 0.4675143 0.4837160 0.4830874 0.4694441 
taxon1     0.0705687 0.0000000 0.0573112 0.0358342 0.1227420 0.1603622 0.1665417 0.1297791 0.1591217 0.1838564 0.2092108 0.3756650 0.4217455 0.3363325 0.3483611 0.4349092 0.4686266 0.4847554 0.4592971 0.4349119 
taxon2     0.0869198 0.0573112 0.0000000 0.0458562 0.1397026 0.1717668 0.1798980 0.1469677 0.1755501 0.2080688 0.2290596 0.3810116 0.4263192 0.3371492 0.3690731 0.4437901 0.4699016 0.5015764 0.4633792 0.4529490 
taxon3     0.0641067 0.0358342 0.0458562 0.0000000 0.1091319 0.1534918 0.1581760 0.1221049 0.1500908 0.1810444 0.2059608 0.3859146 0.4321503 0.3486647 0.3728108 0.4489194 0.4614966 0.4787317 0.4768893 0.4451127 
taxon4     0.0973604 0.1227420 0.1397026 0.1091319 0.0000000 0.0750578 0.0812311 0.0845933 0.1283526 0.1610006 0.1902200 0.4060353 0.4768640 0.3714058 0.3921741 0.5019455 0.5103394 0.5140941 0.5061715 0.4825737 
taxon5     0.1580635 0.1603622 0.1717668 0.1534918 0.0750578 0.0000000 0.0305850 0.1378973 0.1922142 0.2185334 0.2499578 0.4487082 0.5169677 0.4122174 0.4261726 0.5327379 0.5382298 0.5365353 0.5332168 0.5260776 
taxon6     0.1656484 0.1665417 0.1798980 0.1581760 0.0812311 0.0305850 0.0000000 0.1488187 0.1936052 0.2228431 0.2551645 0.4786551 0.5529359 0.4337376 0.4524832 0.5559638 0.5671242 0.5596446 0.5453367 0.5322121 
taxon7     0.0995142 0.1297791 0.1469677 0.1221049 0.0845933 0.1378973 0.1488187 0.0000000 0.0920460 0.1339958 0.1566249 0.4232216 0.4855775 0.3985951 0.4030816 0.5260435 0.5292486 0.5541491 0.5440344 0.5337920 
taxon8     0.1392807 0.1591217 0.1755501 0.1500908 0.1283526 0.1922142 0.1936052 0.0920460 0.0000000 0.1326579 0.1626711 0.4475058 0.5182602 0.4030999 0.4300007 0.5146925 0.5294469 0.5560423 0.5598079 0.5657751 
taxon9     0.1629576 0.1838564 0.2080688 0.1810444 0.1610006 0.2185334 0.2228431 0.1339958 0.1326579 0.0000000 0.0753553 0.4331310 0.5070268 0.4079974 0.4351075 0.5350442 0.5452332 0.5538325 0.5754464 0.5646262 
taxon10    0.1873237 0.2092108 0.2290596 0.2059608 0.1902200 0.2499578 0.2551645 0.1566249 0.1626711 0.0753553 0.0000000 0.4709394 0.5726427 0.4682561 0.4971352 0.5880005 0.5955718 0.5821806 0.6200295 0.6039949 
taxon11    0.3740067 0.3756650 0.3810116 0.3859146 0.4060353 0.4487082 0.4786551 0.4232216 0.4475058 0.4331310 0.4709394 0.0000000 0.1153696 0.1885684 0.1968425 0.4729325 0.4809081 0.4323153 0.4554209 0.4477745 
taxon12    0.4489148 0.4217455 0.4263192 0.4321503 0.4768640 0.5169677 0.5529359 0.4855775 0.5182602 0.5070268 0.5726427 0.1153696 0.0000000 0.2340777 0.2560777 0.5186049 0.4953319 0.4916882 0.5102361 0.5228183 
taxon13    0.3656862 0.3363325 0.3371492 0.3486647 0.3714058 0.4122174 0.4337376 0.3985951 0.4030999 0.4079974 0.4682561 0.1885684 0.2340777 0.0000000 0.0794950 0.4785318 0.4781934 0.4741567 0.4430505 0.4305336 
taxon14    0.3869471 0.3483611 0.3690731 0.3728108 0.3921741 0.4261726 0.4524832 0.4030816 0.4300007 0.4351075 0.4971352 0.1968425 0.2560777 0.0794950 0.0000000 0.4631223 0.4829669 0.4909046 0.4032326 0.4309526 
taxon15    0.4589200 0.4349092 0.4437901 0.4489194 0.5019455 0.5327379 0.5559638 0.5260435 0.5146925 0.5350442 0.5880005 0.4729325 0.5186049 0.4785318 0.4631223 0.0000000 0.1106512 0.1829915 0.2566065 0.2573498 
taxon16    0.4675143 0.4686266 0.4699016 0.4614966 0.5103394 0.5382298 0.5671242 0.5292486 0.5294469 0.5452332 0.5955718 0.4809081 0.4953319 0.4781934 0.4829669 0.1106512 0.0000000 0.1577433 0.2599833 0.2596087 
taxon17    0.4837160 0.4847554 0.5015764 0.4787317 0.5140941 0.5365353 0.5596446 0.5541491 0.5560423 0.5538325 0.5821806 0.4323153 0.4916882 0.4741567 0.4909046 0.1829915 0.1577433 0.0000000 0.2386622 0.2044381 
taxon18    0.4830874 0.4592971 0.4633792 0.4768893 0.5061715 0.5332168 0.5453367 0.5440344 0.5598079 0.5754464 0.6200295 0.4554209 0.5102361 0.4430505 0.4032326 0.2566065 0.2599833 0.2386622 0.0000000 0.1036503 
taxon19    0.4694441 0.4349119 0.4529490 0.4451127 0.4825737 0.5260776 0.5322121 0.5337920 0.5657751 0.5646262 0.6039949 0.4477745 0.5228183 0.4305336 0.4309526 0.2573498 0.2596087 0.2044381 0.1036503 0.0000000 
