20
taxon0     0.0000000 0.0742890 0.3038737 0.3657253 0.4522673 0.4425660 0.3375707 0.3147073 0.3480100 0.3186784 0.4954890 0.4639461 0.5287643 0.5831793 0.6411450 0.6660169 0.5263223 0.5223500 0.6163505 0.5857974 
taxon1     0.0742890 0.0000000 0.2769990 0.3142060 0.4112661 0.3865835 0.3301550 0.3209758 0.3531876 0.3350402 0.4580039 0.4205089 0.5102805 0.5432373 0.6076538 0.6777004 0.5057644 0.4820423 0.5741103 0.5514267 
taxon2     0.3038737 0.2769990 0.0000000 0.1561157 0.4256937 0.4333182 0.4470017 0.4407641 0.4015181 0.3862360 0.5071884 0.5009235 0.5790322 0.5796670 0.6139377 0.6702656 0.5508802 0.5192325 0.5481843 0.5860376 
taxon3     0.3657253 0.3142060 0.1561157 0.0000000 0.4666934 0.4789999 0.4937862 0.4765709 0.4504378 0.4199309 0.5171472 0.5107805 0.6138751 0.6340557 0.6676349 0.7346394 0.5966539 0.5601259 0.6048967 0.6205650 
taxon4     0.4522673 0.4112661 0.4256937 0.4666934 0.0000000 0.0812841 0.2716695 0.2567675 0.2692246 0.2391576 0.5142442 0.4800964 0.5781533 0.5616814 0.6981845 0.6955573 0.6002554 0.5617537 0.6086360 0.6161446 
taxon5     0.4425660 0.3865835 0.4333182 0.4789999 0.0812841 0.0000000 0.2749995 0.2735259 0.2757771 0.2517295 0.5409750 0.4904786 0.6027198 0.5845444 0.6859969 0.7143101 0.6104933 0.5727699 0.6209554 0.6323094 
taxon6     0.3375707 0.3301550 0.4470017 0.4937862 0.2716695 0.2749995 0.0000000 0.1014671 0.2601282 0.2456939 0.4979249 0.4576587 0.5221583 0.5337233 0.6368338 0.6801696 0.5616404 0.5231863 0.5674579 0.5650302 
taxon7     0.3147073 0.3209758 0.4407641 0.4765709 0.2567675 0.2735259 0.1014671 0.0000000 0.2365322 0.2227846 0.4741979 0.4438718 0.5246860 0.5075073 0.6131589 0.6548583 0.5390881 0.4972592 0.5707399 0.5696028 
taxon8     0.3480100 0.3531876 0.4015181 0.4504378 0.2692246 0.2757771 0.2601282 0.2365322 0.0000000 0.0989071 0.4838170 0.4321560 0.4889799 0.5391270 0.6339154 0.6457303 0.5550254 0.5197556 0.5500956 0.5682783 
taxon9     0.3186784 0.3350402 0.3862360 0.4199309 0.2391576 0.2517295 0.2456939 0.2227846 0.0989071 0.0000000 0.4860640 0.4380525 0.4850810 0.5252825 0.5891270 0.6105304 0.5468963 0.5104686 0.5599487 0.5877388 
taxon10    0.4954890 0.4580039 0.5071884 0.5171472 0.5142442 0.5409750 0.4979249 0.4741979 0.4838170 0.4860640 0.0000000 0.1981923 0.3796875 0.4338267 0.5286896 0.5576490 0.4281746 0.4116236 0.4105887 0.4130978 
taxon11    0.4639461 0.4205089 0.5009235 0.5107805 0.4800964 0.4904786 0.4576587 0.4438718 0.4321560 0.4380525 0.1981923 0.0000000 0.3429339 0.3877312 0.4693224 0.5154974 0.4028042 0.4048882 0.4239116 0.4402851 
taxon12    0.5287643 0.5102805 0.5790322 0.6138751 0.5781533 0.6027198 0.5221583 0.5246860 0.4889799 0.4850810 0.3796875 0.3429339 0.0000000 0.2299689 0.3301476 0.3308780 0.2709769 0.2405405 0.3060464 0.3152262 
taxon13    0.5831793 0.5432373 0.5796670 0.6340557 0.5616814 0.5845444 0.5337233 0.5075073 0.5391270 0.5252825 0.4338267 0.3877312 0.2299689 0.0000000 0.1624104 0.1577392 0.3401501 0.3049482 0.3962982 0.3484545 
taxon14    0.6411450 0.6076538 0.6139377 0.6676349 0.6981845 0.6859969 0.6368338 0.6131589 0.6339154 0.5891270 0.5286896 0.4693224 0.3301476 0.1624104 0.0000000 0.1571046 0.4635444 0.4022313 0.4855370 0.4723707 
taxon15    0.6660169 0.6777004 0.6702656 0.7346394 0.6955573 0.7143101 0.6801696 0.6548583 0.6457303 0.6105304 0.5576490 0.5154974 0.3308780 0.1577392 0.1571046 0.0000000 0.4892733 0.4356486 0.5009114 0.4821357 
taxon16    0.5263223 0.5057644 0.5508802 0.5966539 0.6002554 0.6104933 0.5616404 0.5390881 0.5550254 0.5468963 0.4281746 0.4028042 0.2709769 0.3401501 0.4635444 0.4892733 0.0000000 0.1057979 0.2343611 0.2526276 
taxon17    0.5223500 0.4820423 0.5192325 0.5601259 0.5617537 0.5727699 0.5231863 0.4972592 0.5197556 0.5104686 0.4116236 0.4048882 0.2405405 0.3049482 0.4022313 0.4356486 0.1057979 0.0000000 0.2180108 0.2232897 
taxon18    0.6163505 0.5741103 0.5481843 0.6048967 0.6086360 0.6209554 0.5674579 0.5707399 0.5500956 0.5599487 0.4105887 0.4239116 0.3060464 0.3962982 0.4855370 0.5009114 0.2343611 0.2180108 0.0000000 0.1621150 
taxon19    0.5857974 0.5514267 0.5860376 0.6205650 0.6161446 0.6323094 0.5650302 0.5696028 0.5682783 0.5877388 0.4130978 0.4402851 0.3152262 0.3484545 0.4723707 0.4821357 0.2526276 0.2232897 0.1621150 0.0000000 
