20
taxon0     0.0000000 1.1124523 0.9082770 1.0448014 0.8320848 1.0103948 0.8906017 1.4500448 1.1740536 1.1081258 1.5479305 1.4800975 1.6104852 1.4520214 1.2667448 1.4484142 1.7103305 1.5047487 1.2546824 1.1711981 
taxon1     1.1124523 0.0000000 0.7885002 1.3473682 1.0971229 1.1369187 1.2004722 1.7363812 1.3119413 1.3047925 1.9858395 1.9177582 1.7566054 1.7210790 1.4474970 1.6159069 1.7246773 1.6304871 1.3269967 1.2877013 
taxon2     0.9082770 0.7885002 0.0000000 1.2549881 0.9333433 1.0980836 1.0595574 1.6045472 1.2610382 1.2251134 1.8555128 1.7401367 1.8810061 1.6980912 1.4375981 1.7514648 1.8755170 1.6276296 1.2672084 1.3856280 
taxon3     1.0448014 1.3473682 1.2549881 0.0000000 0.6942195 0.9854205 0.8993598 1.3037806 1.0368068 0.9803982 1.3526307 1.3082634 1.5288908 1.2720944 1.2396480 1.6914383 1.6219524 1.4325180 1.1573213 1.1430874 
taxon4     0.8320848 1.0971229 0.9333433 0.6942195 0.0000000 0.6599801 0.4884930 1.0981326 0.9491963 0.9234066 1.1827902 1.1251133 1.3121318 1.1267547 1.0012988 1.2723873 1.2821277 1.1664459 0.9188229 0.9545937 
taxon5     1.0103948 1.1369187 1.0980836 0.9854205 0.6599801 0.0000000 0.5551880 1.2998855 1.1455540 1.0887066 1.3718642 1.4021349 1.7181071 1.5331945 1.3367059 1.2775898 1.4507389 1.1682352 1.0020012 0.9289074 
taxon6     0.8906017 1.2004722 1.0595574 0.8993598 0.4884930 0.5551880 0.0000000 1.1784533 0.9987491 1.0432929 1.1910016 1.2050454 1.4737060 1.2365187 1.0910178 1.2660202 1.3367698 1.1566456 1.0049063 0.9853203 
taxon7     1.4500448 1.7363812 1.6045472 1.3037806 1.0981326 1.2998855 1.1784533 0.0000000 0.8724339 0.8588370 1.4434810 1.2782077 1.3973636 1.2980228 1.1804171 1.6300867 1.8853056 1.7869922 1.3840033 1.4598431 
taxon8     1.1740536 1.3119413 1.2610382 1.0368068 0.9491963 1.1455540 0.9987491 0.8724339 0.0000000 0.5362872 1.3601105 1.2680665 1.3997244 1.2749403 1.1298434 1.4578696 1.5887346 1.4053108 1.1715763 1.1590850 
taxon9     1.1081258 1.3047925 1.2251134 0.9803982 0.9234066 1.0887066 1.0432929 0.8588370 0.5362872 0.0000000 1.2795783 1.2324423 1.4683188 1.1718697 1.1866394 1.3545079 1.6010624 1.4191957 1.1174506 1.0232583 
taxon10    1.5479305 1.9858395 1.8555128 1.3526307 1.1827902 1.3718642 1.1910016 1.4434810 1.3601105 1.2795783 0.0000000 0.9644269 1.0471715 0.9199795 0.8139403 1.8781223 1.9826785 1.5896900 1.5446009 1.5045733 
taxon11    1.4800975 1.9177582 1.7401367 1.3082634 1.1251133 1.4021349 1.2050454 1.2782077 1.2680665 1.2324423 0.9644269 0.0000000 0.8049860 0.9337283 0.8939335 1.5938831 1.8348306 1.5962308 1.3142577 1.2842136 
taxon12    1.6104852 1.7566054 1.8810061 1.5288908 1.3121318 1.7181071 1.4737060 1.3973636 1.3997244 1.4683188 1.0471715 0.8049860 0.0000000 1.2658146 1.0139658 1.8013005 2.1224641 1.7707801 1.5980689 1.6100955 
taxon13    1.4520214 1.7210790 1.6980912 1.2720944 1.1267547 1.5331945 1.2365187 1.2980228 1.2749403 1.1718697 0.9199795 0.9337283 1.2658146 0.0000000 0.6869272 1.6507404 1.7612208 1.4714777 1.3880115 1.2894650 
taxon14    1.2667448 1.4474970 1.4375981 1.2396480 1.0012988 1.3367059 1.0910178 1.1804171 1.1298434 1.1866394 0.8139403 0.8939335 1.0139658 0.6869272 0.0000000 1.5367307 1.7640921 1.4593863 1.3257415 1.0969332 
taxon15    1.4484142 1.6159069 1.7514648 1.6914383 1.2723873 1.2775898 1.2660202 1.6300867 1.4578696 1.3545079 1.8781223 1.5938831 1.8013005 1.6507404 1.5367307 0.0000000 0.8350414 0.6503844 0.7786750 0.6917743 
taxon16    1.7103305 1.7246773 1.8755170 1.6219524 1.2821277 1.4507389 1.3367698 1.8853056 1.5887346 1.6010624 1.9826785 1.8348306 2.1224641 1.7612208 1.7640921 0.8350414 0.0000000 0.6439416 1.0106790 0.9150370 
taxon17    1.5047487 1.6304871 1.6276296 1.4325180 1.1664459 1.1682352 1.1566456 1.7869922 1.4053108 1.4191957 1.5896900 1.5962308 1.7707801 1.4714777 1.4593863 0.6503844 0.6439416 0.0000000 0.7397886 0.6894945 
taxon18    1.2546824 1.3269967 1.2672084 1.1573213 0.9188229 1.0020012 1.0049063 1.3840033 1.1715763 1.1174506 1.5446009 1.3142577 1.5980689 1.3880115 1.3257415 0.7786750 1.0106790 0.7397886 0.0000000 0.2758635 
taxon19    1.1711981 1.2877013 1.3856280 1.1430874 0.9545937 0.9289074 0.9853203 1.4598431 1.1590850 1.0232583 1.5045733 1.2842136 1.6100955 1.2894650 1.0969332 0.6917743 0.9150370 0.6894945 0.2758635 0.0000000 
