20
taxon0     0.0000000 0.3018811 0.2905458 0.3602030 0.3415480 0.2769370 0.3611928 0.4227192 0.4806798 0.5754744 0.5451312 0.5001631 0.5231654 0.5502398 0.5789525 0.5489656 0.6102075 0.6073608 0.5120208 0.5347650 
taxon1     0.3018811 0.0000000 0.3204046 0.3495658 0.3605111 0.4612598 0.4074113 0.4553119 0.4966434 0.5075467 0.4584191 0.4068173 0.4382775 0.4617724 0.4316981 0.5296701 0.4901787 0.4913839 0.5433925 0.4887503 
taxon2     0.2905458 0.3204046 0.0000000 0.1996684 0.2127058 0.4083763 0.3869059 0.4615477 0.4459796 0.5359594 0.5344243 0.4680292 0.5352813 0.4691552 0.5530669 0.5198334 0.5713338 0.5924376 0.4681275 0.4902120 
taxon3     0.3602030 0.3495658 0.1996684 0.0000000 0.1897458 0.4615983 0.4300854 0.4653013 0.5224193 0.5924814 0.5528305 0.4881309 0.5491548 0.4603540 0.5183029 0.5359913 0.5536031 0.5463311 0.4562297 0.4224226 
taxon4     0.3415480 0.3605111 0.2127058 0.1897458 0.0000000 0.4953766 0.4438801 0.4833833 0.5224300 0.5580163 0.5416203 0.4923100 0.5919243 0.5195802 0.5907721 0.5882049 0.5500099 0.5755637 0.5344649 0.4952537 
taxon5     0.2769370 0.4612598 0.4083763 0.4615983 0.4953766 0.0000000 0.3406535 0.4334747 0.4404714 0.5315816 0.5288493 0.5285605 0.5528239 0.5829528 0.5628523 0.4809522 0.6156287 0.6505661 0.4875715 0.4902124 
taxon6     0.3611928 0.4074113 0.3869059 0.4300854 0.4438801 0.3406535 0.0000000 0.4055666 0.4439998 0.5810423 0.4852594 0.4950189 0.4524224 0.5099814 0.5291311 0.4702005 0.6447310 0.5905005 0.4986284 0.5023211 
taxon7     0.4227192 0.4553119 0.4615477 0.4653013 0.4833833 0.4334747 0.4055666 0.0000000 0.2159516 0.4605221 0.4215913 0.4261532 0.3971677 0.4511298 0.4593094 0.3761903 0.5490184 0.5363083 0.3764671 0.3778745 
taxon8     0.4806798 0.4966434 0.4459796 0.5224193 0.5224300 0.4404714 0.4439998 0.2159516 0.0000000 0.5092657 0.4859568 0.4806799 0.4045991 0.4634379 0.4422451 0.4555797 0.5312752 0.5518613 0.3891438 0.3936539 
taxon9     0.5754744 0.5075467 0.5359594 0.5924814 0.5580163 0.5315816 0.5810423 0.4605221 0.5092657 0.0000000 0.2900041 0.3861313 0.3552926 0.3864272 0.4167881 0.3976822 0.4075081 0.4659487 0.3548587 0.4286448 
taxon10    0.5451312 0.4584191 0.5344243 0.5528305 0.5416203 0.5288493 0.4852594 0.4215913 0.4859568 0.2900041 0.0000000 0.2924474 0.2479916 0.3313514 0.3015523 0.4127434 0.4680594 0.5280550 0.4286029 0.4424774 
taxon11    0.5001631 0.4068173 0.4680292 0.4881309 0.4923100 0.5285605 0.4950189 0.4261532 0.4806799 0.3861313 0.2924474 0.0000000 0.2863951 0.3339958 0.3083914 0.4067605 0.4335115 0.3683386 0.4124780 0.4341020 
taxon12    0.5231654 0.4382775 0.5352813 0.5491548 0.5919243 0.5528239 0.4524224 0.3971677 0.4045991 0.3552926 0.2479916 0.2863951 0.0000000 0.2101558 0.1228413 0.4052165 0.5441445 0.5086626 0.3802089 0.4231213 
taxon13    0.5502398 0.4617724 0.4691552 0.4603540 0.5195802 0.5829528 0.5099814 0.4511298 0.4634379 0.3864272 0.3313514 0.3339958 0.2101558 0.0000000 0.2275600 0.4321743 0.4633528 0.5176451 0.3803965 0.4203238 
taxon14    0.5789525 0.4316981 0.5530669 0.5183029 0.5907721 0.5628523 0.5291311 0.4593094 0.4422451 0.4167881 0.3015523 0.3083914 0.1228413 0.2275600 0.0000000 0.4578819 0.5292075 0.4864660 0.4404638 0.3829493 
taxon15    0.5489656 0.5296701 0.5198334 0.5359913 0.5882049 0.4809522 0.4702005 0.3761903 0.4555797 0.3976822 0.4127434 0.4067605 0.4052165 0.4321743 0.4578819 0.0000000 0.3694535 0.3272420 0.3034207 0.3488191 
taxon16    0.6102075 0.4901787 0.5713338 0.5536031 0.5500099 0.6156287 0.6447310 0.5490184 0.5312752 0.4075081 0.4680594 0.4335115 0.5441445 0.4633528 0.5292075 0.3694535 0.0000000 0.2846935 0.4876543 0.4379530 
taxon17    0.6073608 0.4913839 0.5924376 0.5463311 0.5755637 0.6505661 0.5905005 0.5363083 0.5518613 0.4659487 0.5280550 0.3683386 0.5086626 0.5176451 0.4864660 0.3272420 0.2846935 0.0000000 0.4140761 0.4503732 
taxon18    0.5120208 0.5433925 0.4681275 0.4562297 0.5344649 0.4875715 0.4986284 0.3764671 0.3891438 0.3548587 0.4286029 0.4124780 0.3802089 0.3803965 0.4404638 0.3034207 0.4876543 0.4140761 0.0000000 0.2262311 
taxon19    0.5347650 0.4887503 0.4902120 0.4224226 0.4952537 0.4902124 0.5023211 0.3778745 0.3936539 0.4286448 0.4424774 0.4341020 0.4231213 0.4203238 0.3829493 0.3488191 0.4379530 0.4503732 0.2262311 0.0000000 
