20
taxon0     0.0000000 0.9171936 1.2194208 1.8119452 1.6034241 1.4018584 1.0192928 1.3772904 2.0895017 2.1836236 2.4008830 3.7419474 2.6594804 2.9074719 3.4497171 2.8070099 2.5535570 2.8253419 3.2850516 3.7599425 
taxon1     0.9171936 0.0000000 1.0941007 1.7138760 1.3520313 1.1266182 1.7486695 2.1651119 2.7932700 3.0741103 3.3442887 3.3965914 3.6822855 2.7972943 3.4409156 3.9095858 3.5134538 3.7500689 4.8169703 5.0377241 
taxon2     1.2194208 1.0941007 0.0000000 0.8430332 0.9082906 0.6888142 2.2691764 2.6821168 2.7779525 3.3560543 4.3695189 6.7737301 3.3363586 3.9324119 3.4390818 3.5836978 4.1513454 2.7868227 3.4696781 3.7154215 
taxon3     1.8119452 1.7138760 0.8430332 0.0000000 0.8891538 0.7776439 3.0853923 3.6647284 3.4414834 3.6115957 4.1586378 7.3549564 3.9745538 4.1257960 3.7720964 4.6725817 3.9804368 4.2081302 5.5840036 4.0157917 
taxon4     1.6034241 1.3520313 0.9082906 0.8891538 0.0000000 0.2775787 2.4810107 3.0158202 3.3247653 3.9025252 3.3943428 4.9556257 3.8904471 3.1274378 3.0799933 5.5189063 3.7172236 3.7103460 5.0473315 3.9721446 
taxon5     1.4018584 1.1266182 0.6888142 0.7776439 0.2775787 0.0000000 2.4413361 3.3814749 3.7360150 4.1082878 3.5894931 5.1431038 3.4251501 3.5114653 3.5329202 5.9233309 3.7027003 3.1789057 4.5910530 3.6850421 
taxon6     1.0192928 1.7486695 2.2691764 3.0853923 2.4810107 2.4413361 0.0000000 0.9796182 1.3301937 1.4525394 2.2399064 4.0176882 2.9351804 3.4399059 2.7042191 2.2395500 2.4098649 2.4953866 3.5666363 2.7202466 
taxon7     1.3772904 2.1651119 2.6821168 3.6647284 3.0158202 3.3814749 0.9796182 0.0000000 1.0939172 1.0816435 1.9797261 2.7050084 2.5059968 2.4604173 2.5388184 2.2369066 2.6383469 2.4007695 3.2349024 2.5926661 
taxon8     2.0895017 2.7932700 2.7779525 3.4414834 3.3247653 3.7360150 1.3301937 1.0939172 0.0000000 0.7012765 1.8596187 2.3797137 2.3407035 2.1712280 2.4776922 1.9965500 2.1541263 1.9157585 2.5710306 2.1351361 
taxon9     2.1836236 3.0741103 3.3560543 3.6115957 3.9025252 4.1082878 1.4525394 1.0816435 0.7012765 0.0000000 2.4044121 2.6553483 3.1727612 3.4887269 3.0208587 2.5592916 2.9236531 2.6950884 3.0255560 2.6904536 
taxon10    2.4008830 3.3442887 4.3695189 4.1586378 3.3943428 3.5894931 2.2399064 1.9797261 1.8596187 2.4044121 0.0000000 0.5478590 1.7620557 2.3331244 2.5656646 1.6117355 1.6745262 1.8519395 2.4587464 2.0563757 
taxon11    3.7419474 3.3965914 6.7737301 7.3549564 4.9556257 5.1431038 4.0176882 2.7050084 2.3797137 2.6553483 0.5478590 0.0000000 3.2607420 2.7878672 3.5725641 2.7830950 2.6627206 3.0681974 3.8317499 3.2121679 
taxon12    2.6594804 3.6822855 3.3363586 3.9745538 3.8904471 3.4251501 2.9351804 2.5059968 2.3407035 3.1727612 1.7620557 3.2607420 0.0000000 0.9078987 0.9187703 1.4801194 1.5195159 1.3723130 1.8676301 1.8188327 
taxon13    2.9074719 2.7972943 3.9324119 4.1257960 3.1274378 3.5114653 3.4399059 2.4604173 2.1712280 3.4887269 2.3331244 2.7878672 0.9078987 0.0000000 0.6861946 1.3554474 1.3277666 1.4296071 1.8770138 1.6923994 
taxon14    3.4497171 3.4409156 3.4390818 3.7720964 3.0799933 3.5329202 2.7042191 2.5388184 2.4776922 3.0208587 2.5656646 3.5725641 0.9187703 0.6861946 0.0000000 1.7907721 1.9450953 1.6004410 2.0815422 1.7549376 
taxon15    2.8070099 3.9095858 3.5836978 4.6725817 5.5189063 5.9233309 2.2395500 2.2369066 1.9965500 2.5592916 1.6117355 2.7830950 1.4801194 1.3554474 1.7907721 0.0000000 0.6131435 0.9789343 1.5844168 1.3524614 
taxon16    2.5535570 3.5134538 4.1513454 3.9804368 3.7172236 3.7027003 2.4098649 2.6383469 2.1541263 2.9236531 1.6745262 2.6627206 1.5195159 1.3277666 1.9450953 0.6131435 0.0000000 1.0641529 1.8326103 1.4358891 
taxon17    2.8253419 3.7500689 2.7868227 4.2081302 3.7103460 3.1789057 2.4953866 2.4007695 1.9157585 2.6950884 1.8519395 3.0681974 1.3723130 1.4296071 1.6004410 0.9789343 1.0641529 0.0000000 0.7172854 0.5231636 
taxon18    3.2850516 4.8169703 3.4696781 5.5840036 5.0473315 4.5910530 3.5666363 3.2349024 2.5710306 3.0255560 2.4587464 3.8317499 1.8676301 1.8770138 2.0815422 1.5844168 1.8326103 0.7172854 0.0000000 0.5019368 
taxon19    3.7599425 5.0377241 3.7154215 4.0157917 3.9721446 3.6850421 2.7202466 2.5926661 2.1351361 2.6904536 2.0563757 3.2121679 1.8188327 1.6923994 1.7549376 1.3524614 1.4358891 0.5231636 0.5019368 0.0000000 
