20
taxon0     0.0000000 0.0555870 0.0658849 0.0661315 0.0723733 0.0891013 0.0879926 0.1477140 0.1377287 0.1653721 0.1405794 0.1485678 0.1761381 0.1647778 0.1780616 0.1642059 0.2055387 0.2320817 0.2129265 0.1881167 
taxon1     0.0555870 0.0000000 0.0666369 0.0556570 0.0949407 0.1126144 0.1163129 0.1603380 0.1624311 0.1718166 0.1519192 0.1592631 0.1878545 0.1706247 0.1899002 0.1830878 0.1894341 0.2181135 0.2132140 0.1943177 
taxon2     0.0658849 0.0666369 0.0000000 0.0195335 0.1141298 0.1173563 0.1226805 0.1797651 0.1643292 0.1863888 0.1703587 0.1779723 0.2008761 0.1790995 0.1974429 0.1945161 0.2174171 0.2342829 0.2250510 0.2059956 
taxon3     0.0661315 0.0556570 0.0195335 0.0000000 0.0970058 0.1107575 0.1160267 0.1783339 0.1581738 0.1806090 0.1631592 0.1778609 0.1930471 0.1777096 0.1897126 0.2006879 0.2161027 0.2328423 0.2163476 0.1975835 
taxon4     0.0723733 0.0949407 0.1141298 0.0970058 0.0000000 0.0500921 0.0545942 0.1406058 0.1427628 0.1650879 0.1573040 0.1701467 0.1929278 0.1869306 0.1827778 0.1733530 0.1970710 0.2097723 0.2165781 0.1846769 
taxon5     0.0891013 0.1126144 0.1173563 0.1107575 0.0500921 0.0000000 0.0199696 0.1461547 0.1116447 0.1831722 0.1629347 0.1715670 0.1993171 0.1666273 0.1891684 0.1874294 0.1870957 0.2185069 0.1999247 0.1749568 
taxon6     0.0879926 0.1163129 0.1226805 0.1160267 0.0545942 0.0199696 0.0000000 0.1454308 0.1233562 0.1862093 0.1534826 0.1617880 0.1888855 0.1719371 0.1789196 0.1772969 0.2075995 0.2397984 0.2207549 0.1951950 
taxon7     0.1477140 0.1603380 0.1797651 0.1783339 0.1406058 0.1461547 0.1454308 0.0000000 0.1046658 0.1394320 0.1238288 0.1302005 0.1556852 0.1468391 0.1280743 0.1407130 0.1864268 0.1932790 0.1854449 0.1597948 
taxon8     0.1377287 0.1624311 0.1643292 0.1581738 0.1427628 0.1116447 0.1233562 0.1046658 0.0000000 0.1363929 0.1080248 0.1198652 0.1398436 0.1014836 0.1363051 0.1203405 0.1730360 0.2116324 0.1813068 0.1627618 
taxon9     0.1653721 0.1718166 0.1863888 0.1806090 0.1650879 0.1831722 0.1862093 0.1394320 0.1363929 0.0000000 0.0548436 0.0651443 0.0658660 0.0764416 0.0809936 0.0871402 0.2307876 0.2329087 0.2261852 0.2358227 
taxon10    0.1405794 0.1519192 0.1703587 0.1631592 0.1573040 0.1629347 0.1534826 0.1238288 0.1080248 0.0548436 0.0000000 0.0399674 0.0599055 0.0604140 0.0600060 0.0657019 0.2015374 0.2221504 0.2129945 0.2108136 
taxon11    0.1485678 0.1592631 0.1779723 0.1778609 0.1701467 0.1715670 0.1617880 0.1302005 0.1198652 0.0651443 0.0399674 0.0000000 0.0494137 0.0501372 0.0547906 0.0498873 0.2037142 0.2193653 0.2141823 0.2119909 
taxon12    0.1761381 0.1878545 0.2008761 0.1930471 0.1929278 0.1993171 0.1888855 0.1556852 0.1398436 0.0658660 0.0599055 0.0494137 0.0000000 0.0544915 0.0595932 0.0647613 0.2317212 0.2485631 0.2227200 0.2340238 
taxon13    0.1647778 0.1706247 0.1790995 0.1777096 0.1869306 0.1666273 0.1719371 0.1468391 0.1014836 0.0764416 0.0604140 0.0501372 0.0544915 0.0000000 0.0548812 0.0449717 0.2106426 0.2323292 0.2043261 0.2138643 
taxon14    0.1780616 0.1899002 0.1974429 0.1897126 0.1827778 0.1891684 0.1789196 0.1280743 0.1363051 0.0809936 0.0600060 0.0547906 0.0595932 0.0548812 0.0000000 0.0495692 0.2270922 0.2495917 0.2326957 0.2303891 
taxon15    0.1642059 0.1830878 0.1945161 0.2006879 0.1733530 0.1874294 0.1772969 0.1407130 0.1203405 0.0871402 0.0657019 0.0498873 0.0647613 0.0449717 0.0495692 0.0000000 0.2406107 0.2505177 0.2467078 0.2443059 
taxon16    0.2055387 0.1894341 0.2174171 0.2161027 0.1970710 0.1870957 0.2075995 0.1864268 0.1730360 0.2307876 0.2015374 0.2037142 0.2317212 0.2106426 0.2270922 0.2406107 0.0000000 0.0508765 0.0834325 0.0520701 
taxon17    0.2320817 0.2181135 0.2342829 0.2328423 0.2097723 0.2185069 0.2397984 0.1932790 0.2116324 0.2329087 0.2221504 0.2193653 0.2485631 0.2323292 0.2495917 0.2505177 0.0508765 0.0000000 0.1109239 0.0842526 
taxon18    0.2129265 0.2132140 0.2250510 0.2163476 0.2165781 0.1999247 0.2207549 0.1854449 0.1813068 0.2261852 0.2129945 0.2141823 0.2227200 0.2043261 0.2326957 0.2467078 0.0834325 0.1109239 0.0000000 0.0503709 
taxon19    0.1881167 0.1943177 0.2059956 0.1975835 0.1846769 0.1749568 0.1951950 0.1597948 0.1627618 0.2358227 0.2108136 0.2119909 0.2340238 0.2138643 0.2303891 0.2443059 0.0520701 0.0842526 0.0503709 0.0000000 
