19
taxon0     0.0000000 0.0155332 0.0313456 0.0154041 0.0525164 0.0628784 0.0735480 0.2046411 0.2116612 0.2116542 0.2064495 0.2376200 0.1976341 0.2059461 0.2059461 0.2054659 0.2106669 0.2106669 0.2173559 
taxon1     0.0155332 0.0000000 0.0154158 0.0103043 0.0471166 0.0692471 0.0739616 0.2142653 0.2214218 0.2214152 0.2161727 0.2478622 0.2071102 0.2294534 0.2294534 0.2289322 0.2342037 0.2342037 0.2411243 
taxon2     0.0313456 0.0154158 0.0000000 0.0155522 0.0518183 0.0523797 0.0571452 0.2084301 0.1995217 0.1995143 0.1942637 0.2253459 0.2013024 0.2072622 0.2072622 0.2067772 0.2283150 0.2283150 0.2352106 
taxon3     0.0154041 0.0103043 0.0155522 0.0000000 0.0582516 0.0579505 0.0686622 0.1997928 0.2068333 0.2068261 0.2015745 0.2328789 0.1927712 0.2146756 0.2146756 0.2141780 0.2194249 0.2194249 0.2262258 
taxon4     0.0525164 0.0471166 0.0518183 0.0582516 0.0000000 0.0410591 0.0458171 0.2329178 0.2252626 0.2252562 0.2200743 0.2512792 0.2270626 0.2395517 0.2395517 0.2385157 0.2399917 0.2399917 0.2469074 
taxon5     0.0628784 0.0692471 0.0523797 0.0579505 0.0410591 0.0000000 0.0100839 0.2188489 0.2108071 0.2238056 0.2121087 0.2109988 0.2130094 0.2123025 0.2123025 0.2312661 0.2258132 0.2258132 0.2194469 
taxon6     0.0735480 0.0739616 0.0571452 0.0686622 0.0458171 0.0100839 0.0000000 0.2315971 0.2234340 0.2365281 0.2248155 0.2106391 0.2126441 0.2250121 0.2250121 0.2308757 0.2386365 0.2386365 0.2322379 
taxon7     0.2046411 0.2142653 0.2084301 0.1997928 0.2329178 0.2188489 0.2315971 0.0000000 0.0415561 0.0310431 0.0418060 0.0471528 0.0309259 0.0579906 0.0579906 0.0688901 0.0522372 0.0522372 0.0576209 
taxon8     0.2116612 0.2214218 0.1995217 0.2068333 0.2252626 0.2108071 0.2234340 0.0415561 0.0000000 0.0202506 0.0203711 0.0462833 0.0418104 0.0576655 0.0576655 0.0622274 0.0736848 0.0736848 0.0683229 
taxon9     0.2116542 0.2214152 0.1995143 0.2068261 0.2252562 0.2238056 0.2365281 0.0310431 0.0202506 0.0000000 0.0203695 0.0462917 0.0418073 0.0576751 0.0576751 0.0622222 0.0523084 0.0523084 0.0683331 
taxon10    0.2064495 0.2161727 0.1942637 0.2015745 0.2200743 0.2121087 0.2248155 0.0418060 0.0203711 0.0203695 0.0000000 0.0518566 0.0420633 0.0581398 0.0581398 0.0520529 0.0634086 0.0634086 0.0688870 
taxon11    0.2376200 0.2478622 0.2253459 0.2328789 0.2512792 0.2109988 0.2106391 0.0471528 0.0462833 0.0462917 0.0518566 0.0000000 0.0361745 0.0570760 0.0570760 0.0563578 0.0729369 0.0729369 0.0676282 
taxon12    0.1976341 0.2071102 0.2013024 0.1927712 0.2270626 0.2130094 0.2126441 0.0309259 0.0418104 0.0418073 0.0420633 0.0361745 0.0000000 0.0519903 0.0519903 0.0520988 0.0571211 0.0571211 0.0624903 
taxon13    0.2059461 0.2294534 0.2072622 0.2146756 0.2395517 0.2123025 0.2250121 0.0579906 0.0576655 0.0576751 0.0581398 0.0570760 0.0519903 0.0000000 0.0000010 0.0467442 0.0471704 0.0471704 0.0418708 
taxon14    0.2059461 0.2294534 0.2072622 0.2146756 0.2395517 0.2123025 0.2250121 0.0579906 0.0576655 0.0576751 0.0581398 0.0570760 0.0519903 0.0000010 0.0000000 0.0467442 0.0471704 0.0471704 0.0418708 
taxon16    0.2054659 0.2289322 0.2067772 0.2141780 0.2385157 0.2312661 0.2308757 0.0688901 0.0622274 0.0622222 0.0520529 0.0563578 0.0520988 0.0467442 0.0467442 0.0000000 0.0572032 0.0572032 0.0625788 
taxon17    0.2106669 0.2342037 0.2283150 0.2194249 0.2399917 0.2258132 0.2386365 0.0522372 0.0736848 0.0523084 0.0634086 0.0729369 0.0571211 0.0471704 0.0471704 0.0572032 0.0000000 0.0000010 0.0151454 
taxon18    0.2106669 0.2342037 0.2283150 0.2194249 0.2399917 0.2258132 0.2386365 0.0522372 0.0736848 0.0523084 0.0634086 0.0729369 0.0571211 0.0471704 0.0471704 0.0572032 0.0000010 0.0000000 0.0151454 
taxon19    0.2173559 0.2411243 0.2352106 0.2262258 0.2469074 0.2194469 0.2322379 0.0576209 0.0683229 0.0683331 0.0688870 0.0676282 0.0624903 0.0418708 0.0418708 0.0625788 0.0151454 0.0151454 0.0000000 
