12
taxon0     0.0000000 0.0049600 0.0049600 0.0000010 0.0049767 0.0049767 0.0810350 0.0820775 0.0880259 0.0749542 0.0749542 0.0807708 
taxon1     0.0049600 0.0000000 0.0000010 0.0049600 0.0099700 0.0099700 0.0865855 0.0876769 0.0936664 0.0804456 0.0804456 0.0863038 
taxon2     0.0049600 0.0000010 0.0000000 0.0049600 0.0099700 0.0099700 0.0865855 0.0876769 0.0936664 0.0804456 0.0804456 0.0863038 
taxon4     0.0000010 0.0049600 0.0049600 0.0000000 0.0049767 0.0049767 0.0810350 0.0820775 0.0880259 0.0749542 0.0749542 0.0807708 
taxon9     0.0049767 0.0099700 0.0099700 0.0049767 0.0000000 0.0000010 0.0752029 0.0761880 0.0820715 0.0807215 0.0807215 0.0866006 
taxon10    0.0049767 0.0099700 0.0099700 0.0049767 0.0000010 0.0000000 0.0752029 0.0761880 0.0820715 0.0807215 0.0807215 0.0866006 
taxon11    0.0810350 0.0865855 0.0865855 0.0810350 0.0752029 0.0752029 0.0000000 0.0102544 0.0205854 0.0202361 0.0202361 0.0254387 
taxon12    0.0820775 0.0876769 0.0876769 0.0820775 0.0761880 0.0761880 0.0102544 0.0000000 0.0100096 0.0205550 0.0205550 0.0258324 
taxon13    0.0880259 0.0936664 0.0936664 0.0880259 0.0820715 0.0820715 0.0205854 0.0100096 0.0000000 0.0155569 0.0155569 0.0208531 
taxon14    0.0749542 0.0804456 0.0804456 0.0749542 0.0807215 0.0807215 0.0202361 0.0205550 0.0155569 0.0000000 0.0000010 0.0049973 
taxon15    0.0749542 0.0804456 0.0804456 0.0749542 0.0807215 0.0807215 0.0202361 0.0205550 0.0155569 0.0000010 0.0000000 0.0049973 
taxon18    0.0807708 0.0863038 0.0863038 0.0807708 0.0866006 0.0866006 0.0254387 0.0258324 0.0208531 0.0049973 0.0049973 0.0000000 
