20
taxon0     0.0000000 0.0101904 0.0205292 0.0308513 0.0368140 0.0310810 0.0256801 0.0204728 0.0418715 0.0365927 0.2115599 0.2203766 0.2080987 0.2021614 0.2021614 0.2489990 0.1917509 0.2213735 0.2279401 0.2286874 
taxon1     0.0101904 0.0000000 0.0200481 0.0301463 0.0359681 0.0303656 0.0250860 0.0199943 0.0409254 0.0357558 0.2075893 0.2162578 0.2042260 0.1983671 0.1983671 0.2316941 0.2064537 0.2172982 0.2111735 0.2244870 
taxon2     0.0205292 0.0200481 0.0000000 0.0099882 0.0205004 0.0151370 0.0201054 0.0150228 0.0255093 0.0203775 0.2089653 0.2041847 0.1798672 0.1740537 0.1740537 0.2285422 0.2200183 0.2179656 0.2375288 0.2188198 
taxon3     0.0308513 0.0301463 0.0099882 0.0000000 0.0308150 0.0252891 0.0302328 0.0251003 0.0254553 0.0306316 0.2213770 0.2166009 0.1918803 0.1860487 0.1860487 0.2410375 0.2324014 0.2302917 0.2500033 0.2312224 
taxon4     0.0368140 0.0359681 0.0205004 0.0308150 0.0000000 0.0153493 0.0150944 0.0152318 0.0150425 0.0100128 0.2386834 0.2338401 0.2082038 0.2022597 0.2022597 0.2424671 0.2295070 0.2409200 0.2610104 0.2410605 
taxon5     0.0310810 0.0303656 0.0151370 0.0252891 0.0153493 0.0000000 0.0150512 0.0099970 0.0203716 0.0152568 0.2297519 0.2249394 0.1997558 0.1938657 0.1938657 0.2496210 0.2207743 0.2320680 0.2519317 0.2321842 
taxon6     0.0256801 0.0250860 0.0201054 0.0302328 0.0150944 0.0150512 0.0000000 0.0049549 0.0200384 0.0150040 0.2216666 0.2168868 0.2048128 0.1989396 0.1989396 0.2452224 0.2128782 0.2371036 0.2436810 0.2241468 
taxon7     0.0204728 0.0199943 0.0150228 0.0251003 0.0152318 0.0099970 0.0049549 0.0000000 0.0202180 0.0151415 0.2148817 0.2101103 0.1982286 0.1923786 0.1923786 0.2383491 0.2062181 0.2303014 0.2368416 0.2174125 
taxon8     0.0418715 0.0409254 0.0255093 0.0254553 0.0150425 0.0203716 0.0200384 0.0202180 0.0000000 0.0049543 0.2360439 0.2312405 0.2058980 0.2000078 0.2000078 0.2559141 0.2269836 0.2382897 0.2581886 0.2384221 
taxon9     0.0365927 0.0357558 0.0203775 0.0306316 0.0100128 0.0152568 0.0150040 0.0151415 0.0049543 0.0000000 0.2296521 0.2248506 0.1997228 0.1938443 0.1938443 0.2494730 0.2206962 0.2319639 0.2517788 0.2320796 
taxon10    0.2115599 0.2075893 0.2089653 0.2213770 0.2386834 0.2297519 0.2216666 0.2148817 0.2360439 0.2296521 0.0000000 0.0206996 0.0579706 0.0526865 0.0526865 0.1147395 0.0988769 0.0743413 0.0975685 0.0927169 
taxon11    0.2203766 0.2162578 0.2041847 0.2166009 0.2338401 0.2249394 0.2168868 0.2101103 0.2312405 0.2248506 0.0206996 0.0000000 0.0421545 0.0368828 0.0368828 0.1092613 0.1128478 0.0919370 0.0980588 0.0873117 
taxon12    0.2080987 0.2042260 0.1798672 0.1918803 0.2082038 0.1997558 0.2048128 0.1982286 0.2058980 0.1997228 0.0579706 0.0421545 0.0000000 0.0050592 0.0050592 0.1054859 0.1041337 0.1028945 0.1157329 0.0986478 
taxon13    0.2021614 0.1983671 0.1740537 0.1860487 0.2022597 0.1938657 0.1989396 0.1923786 0.2000078 0.1938443 0.0526865 0.0368828 0.0050592 0.0000000 0.0000010 0.0999574 0.0986480 0.0974538 0.1102156 0.0931531 
taxon14    0.2021614 0.1983671 0.1740537 0.1860487 0.2022597 0.1938657 0.1989396 0.1923786 0.2000078 0.1938443 0.0526865 0.0368828 0.0050592 0.0000010 0.0000000 0.0999574 0.0986480 0.0974538 0.1102156 0.0931531 
taxon15    0.2489990 0.2316941 0.2285422 0.2410375 0.2424671 0.2496210 0.2452224 0.2383491 0.2559141 0.2494730 0.1147395 0.1092613 0.1054859 0.0999574 0.0999574 0.0000000 0.0699158 0.0644430 0.0676294 0.0685637 
taxon16    0.1917509 0.2064537 0.2200183 0.2324014 0.2295070 0.2207743 0.2128782 0.2062181 0.2269836 0.2206962 0.0988769 0.1128478 0.1041337 0.0986480 0.0986480 0.0699158 0.0000000 0.0420417 0.0475678 0.0475394 
taxon17    0.2213735 0.2172982 0.2179656 0.2302917 0.2409200 0.2320680 0.2371036 0.2303014 0.2382897 0.2319639 0.0743413 0.0919370 0.1028945 0.0974538 0.0974538 0.0644430 0.0420417 0.0000000 0.0517725 0.0520807 
taxon18    0.2279401 0.2111735 0.2375288 0.2500033 0.2610104 0.2519317 0.2436810 0.2368416 0.2581886 0.2517788 0.0975685 0.0980588 0.1157329 0.1102156 0.1102156 0.0676294 0.0475678 0.0517725 0.0000000 0.0465337 
taxon19    0.2286874 0.2244870 0.2188198 0.2312224 0.2410605 0.2321842 0.2241468 0.2174125 0.2384221 0.2320796 0.0927169 0.0873117 0.0986478 0.0931531 0.0931531 0.0685637 0.0475394 0.0520807 0.0465337 0.0000000 
