20
taxon0     0.0000000 0.0479159 0.0314832 0.0477598 0.0315227 0.0533242 0.0478589 0.0649255 0.0366626 0.0423705 0.0588353 0.0588353 0.1707323 0.1708099 0.1760319 0.1778104 0.1709609 0.1702662 0.1873085 0.1730905 
taxon1     0.0479159 0.0000000 0.0210427 0.0312370 0.0154574 0.0773414 0.0716246 0.0896305 0.0724004 0.0658561 0.0590306 0.0590306 0.1711661 0.1712440 0.1831098 0.1907273 0.1763580 0.1515706 0.1659984 0.1522015 
taxon2     0.0314832 0.0210427 0.0000000 0.0209755 0.0051948 0.0532939 0.0478288 0.0648963 0.0483550 0.0423412 0.0601635 0.0601635 0.1738772 0.1739568 0.1859393 0.1878336 0.1649163 0.1540467 0.1686631 0.1546964 
taxon3     0.0477598 0.0312370 0.0209755 0.0000000 0.0154090 0.0541775 0.0486344 0.0659448 0.0491759 0.0430652 0.0704660 0.0704660 0.1848248 0.1849076 0.1968927 0.1861867 0.1617374 0.1648714 0.1796347 0.1655732 
taxon4     0.0315227 0.0154574 0.0051948 0.0154090 0.0000000 0.0599848 0.0543900 0.0719040 0.0549929 0.0487623 0.0536623 0.0536623 0.1652391 0.1653151 0.1771700 0.1789672 0.1565050 0.1457292 0.1600619 0.1463318 
taxon5     0.0533242 0.0773414 0.0532939 0.0541775 0.0599848 0.0000000 0.0050454 0.0205552 0.0154643 0.0101513 0.0656048 0.0656048 0.2100093 0.2101014 0.2281962 0.2173812 0.1912499 0.2094046 0.2251112 0.2101132 
taxon6     0.0478589 0.0716246 0.0478288 0.0486344 0.0543900 0.0050454 0.0000000 0.0153750 0.0102815 0.0050614 0.0599826 0.0599826 0.2032588 0.2033488 0.2213941 0.2105790 0.1847540 0.2026768 0.2182425 0.2033529 
taxon7     0.0649255 0.0896305 0.0648963 0.0659448 0.0719040 0.0205552 0.0153750 0.0000000 0.0261717 0.0206225 0.0776187 0.0776187 0.2250597 0.2251562 0.2370501 0.2261974 0.1995675 0.2244024 0.2220360 0.2251866 
taxon8     0.0366626 0.0724004 0.0483550 0.0491759 0.0549929 0.0154643 0.0102815 0.0261717 0.0000000 0.0051203 0.0483601 0.0483601 0.1884102 0.1884951 0.2063668 0.1955888 0.1864967 0.1878796 0.2202714 0.2052720 
taxon9     0.0423705 0.0658561 0.0423412 0.0430652 0.0487623 0.0101513 0.0050614 0.0206225 0.0051203 0.0000000 0.0543208 0.0543208 0.1963030 0.1963908 0.2143700 0.2035636 0.1780763 0.1957448 0.2111520 0.1963873 
taxon10    0.0588353 0.0590306 0.0601635 0.0704660 0.0536623 0.0656048 0.0599826 0.0776187 0.0483601 0.0543208 0.0000000 0.0000010 0.1637928 0.1638677 0.1878645 0.1954840 0.1972875 0.1698985 0.2008895 0.1864430 
taxon11    0.0588353 0.0590306 0.0601635 0.0704660 0.0536623 0.0656048 0.0599826 0.0776187 0.0483601 0.0543208 0.0000010 0.0000000 0.1637928 0.1638677 0.1878645 0.1954840 0.1972875 0.1698985 0.2008895 0.1864430 
taxon12    0.1707323 0.1711661 0.1738772 0.1848248 0.1652391 0.2100093 0.2032588 0.2250597 0.1884102 0.1963030 0.1637928 0.1637928 0.0000000 0.0102036 0.0307327 0.0359224 0.0471521 0.0256216 0.0373184 0.0368870 
taxon13    0.1708099 0.1712440 0.1739568 0.1849076 0.1653151 0.2101014 0.2033488 0.2251562 0.1884951 0.1963908 0.1638677 0.1638677 0.0102036 0.0000000 0.0307479 0.0466460 0.0471754 0.0256344 0.0373375 0.0369056 
taxon14    0.1760319 0.1831098 0.1859393 0.1968927 0.1771700 0.2281962 0.2213941 0.2370501 0.2063668 0.2143700 0.1878645 0.1878645 0.0307327 0.0307479 0.0000000 0.0359210 0.0256988 0.0308883 0.0480214 0.0474806 
taxon15    0.1778104 0.1907273 0.1878336 0.1861867 0.1789672 0.2173812 0.2105790 0.2261974 0.1955888 0.2035636 0.1954840 0.1954840 0.0359224 0.0466460 0.0359210 0.0000000 0.0367018 0.0413899 0.0647229 0.0531878 
taxon16    0.1709609 0.1763580 0.1649163 0.1617374 0.1565050 0.1912499 0.1847540 0.1995675 0.1864967 0.1780763 0.1972875 0.1972875 0.0471521 0.0471754 0.0256988 0.0367018 0.0000000 0.0367521 0.0531717 0.0419354 
taxon17    0.1702662 0.1515706 0.1540467 0.1648714 0.1457292 0.2094046 0.2026768 0.2244024 0.1878796 0.1957448 0.1698985 0.1698985 0.0256216 0.0256344 0.0308883 0.0413899 0.0367521 0.0000000 0.0427201 0.0315832 
taxon18    0.1873085 0.1659984 0.1686631 0.1796347 0.1600619 0.2251112 0.2182425 0.2220360 0.2202714 0.2111520 0.2008895 0.2008895 0.0373184 0.0373375 0.0480214 0.0647229 0.0531717 0.0427201 0.0000000 0.0207451 
taxon19    0.1730905 0.1522015 0.1546964 0.1655732 0.1463318 0.2101132 0.2033529 0.2251866 0.2052720 0.1963873 0.1864430 0.1864430 0.0368870 0.0369056 0.0474806 0.0531878 0.0419354 0.0315832 0.0207451 0.0000000 
