20
taxon0     0.0000000 0.0523836 0.2043185 0.2127071 0.1487116 0.1228668 0.2596853 0.2420649 0.2477459 0.2606830 0.2206466 0.2584665 0.2585619 0.2900180 0.2308029 0.3207684 0.3217202 0.3024054 0.3111494 0.3388073 
taxon1     0.0523836 0.0000000 0.1779085 0.1883363 0.1294570 0.1058644 0.2566901 0.2403713 0.2506611 0.2523673 0.2109075 0.2817049 0.2895310 0.3163208 0.2106709 0.2995964 0.3209197 0.2997379 0.2847831 0.3099534 
taxon2     0.2043185 0.1779085 0.0000000 0.0968049 0.0910475 0.0856231 0.3647667 0.3207257 0.3284376 0.3341072 0.2878468 0.4111102 0.4292124 0.4381516 0.3355314 0.3808935 0.4369361 0.4236397 0.3962036 0.4282102 
taxon3     0.2127071 0.1883363 0.0968049 0.0000000 0.1023374 0.1032416 0.3588531 0.3345401 0.3361008 0.3426492 0.3040758 0.4027795 0.4175384 0.4217722 0.3159914 0.3688866 0.4052929 0.4141271 0.3943074 0.4165328 
taxon4     0.1487116 0.1294570 0.0910475 0.1023374 0.0000000 0.0459307 0.2926784 0.2675848 0.2604200 0.2809209 0.2254839 0.3463314 0.3558355 0.3853749 0.2939613 0.3286745 0.3744623 0.3347184 0.3569440 0.3870020 
taxon5     0.1228668 0.1058644 0.0856231 0.1032416 0.0459307 0.0000000 0.2759611 0.2517853 0.2521634 0.2440647 0.2164315 0.3210083 0.3622016 0.3753031 0.2657550 0.3309324 0.3579097 0.3546006 0.3441682 0.3739481 
taxon6     0.2596853 0.2566901 0.3647667 0.3588531 0.2926784 0.2759611 0.0000000 0.1131420 0.1269273 0.1612110 0.1588376 0.3327173 0.3469117 0.3440834 0.3000906 0.3292935 0.3220335 0.3972906 0.3723535 0.3961569 
taxon7     0.2420649 0.2403713 0.3207257 0.3345401 0.2675848 0.2517853 0.1131420 0.0000000 0.0666278 0.0924909 0.0920019 0.2930943 0.3146619 0.3217636 0.2721170 0.2718612 0.2845493 0.3829229 0.3663613 0.3754372 
taxon8     0.2477459 0.2506611 0.3284376 0.3361008 0.2604200 0.2521634 0.1269273 0.0666278 0.0000000 0.0787186 0.0903591 0.3079944 0.3140108 0.3210147 0.2794191 0.2786916 0.2846251 0.3669966 0.3591213 0.3704410 
taxon9     0.2606830 0.2523673 0.3341072 0.3426492 0.2809209 0.2440647 0.1612110 0.0924909 0.0787186 0.0000000 0.0914155 0.3168491 0.3464017 0.3366041 0.2915931 0.2993890 0.3033319 0.3821294 0.3593873 0.3757399 
taxon10    0.2206466 0.2109075 0.2878468 0.3040758 0.2254839 0.2164315 0.1588376 0.0920019 0.0903591 0.0914155 0.0000000 0.3069459 0.3130065 0.3187806 0.2532886 0.2884302 0.3030441 0.3249180 0.3248857 0.3356781 
taxon11    0.2584665 0.2817049 0.4111102 0.4027795 0.3463314 0.3210083 0.3327173 0.2930943 0.3079944 0.3168491 0.3069459 0.0000000 0.1114909 0.1130032 0.1863266 0.1892470 0.2071393 0.2628692 0.2573662 0.2734425 
taxon12    0.2585619 0.2895310 0.4292124 0.4175384 0.3558355 0.3622016 0.3469117 0.3146619 0.3140108 0.3464017 0.3130065 0.1114909 0.0000000 0.1105185 0.2013924 0.2462081 0.2386051 0.2535037 0.2542132 0.2773356 
taxon13    0.2900180 0.3163208 0.4381516 0.4217722 0.3853749 0.3753031 0.3440834 0.3217636 0.3210147 0.3366041 0.3187806 0.1130032 0.1105185 0.0000000 0.2173212 0.2105419 0.2329016 0.3000007 0.2743199 0.2983323 
taxon14    0.2308029 0.2106709 0.3355314 0.3159914 0.2939613 0.2657550 0.3000906 0.2721170 0.2794191 0.2915931 0.2532886 0.1863266 0.2013924 0.2173212 0.0000000 0.1447084 0.1636186 0.1745916 0.1600910 0.1726216 
taxon15    0.3207684 0.2995964 0.3808935 0.3688866 0.3286745 0.3309324 0.3292935 0.2718612 0.2786916 0.2993890 0.2884302 0.1892470 0.2462081 0.2105419 0.1447084 0.0000000 0.0955705 0.1933007 0.1902701 0.1898808 
taxon16    0.3217202 0.3209197 0.4369361 0.4052929 0.3744623 0.3579097 0.3220335 0.2845493 0.2846251 0.3033319 0.3030441 0.2071393 0.2386051 0.2329016 0.1636186 0.0955705 0.0000000 0.1607368 0.1571413 0.1568304 
taxon17    0.3024054 0.2997379 0.4236397 0.4141271 0.3347184 0.3546006 0.3972906 0.3829229 0.3669966 0.3821294 0.3249180 0.2628692 0.2535037 0.3000007 0.1745916 0.1933007 0.1607368 0.0000000 0.0907905 0.1041074 
taxon18    0.3111494 0.2847831 0.3962036 0.3943074 0.3569440 0.3441682 0.3723535 0.3663613 0.3591213 0.3593873 0.3248857 0.2573662 0.2542132 0.2743199 0.1600910 0.1902701 0.1571413 0.0907905 0.0000000 0.0566657 
taxon19    0.3388073 0.3099534 0.4282102 0.4165328 0.3870020 0.3739481 0.3961569 0.3754372 0.3704410 0.3757399 0.3356781 0.2734425 0.2773356 0.2983323 0.1726216 0.1898808 0.1568304 0.1041074 0.0566657 0.0000000 
