20
taxon0     0.0000000 0.0742495 0.1401846 0.2325752 0.1908691 0.4065567 0.3911592 0.3963001 0.4652725 0.4537368 0.4489006 0.4425122 0.4431683 0.3974350 0.4231918 0.4280930 0.4058017 0.4264193 0.4482319 0.4323000 
taxon1     0.0742495 0.0000000 0.1244313 0.2155627 0.1940476 0.4014538 0.3975764 0.4172198 0.4776648 0.4730181 0.4751519 0.4683501 0.4643860 0.4165872 0.4415151 0.4463815 0.4181607 0.4460808 0.4714228 0.4583714 
taxon2     0.1401846 0.1244313 0.0000000 0.2058130 0.1718384 0.3741925 0.3723967 0.4241150 0.4534922 0.4547835 0.4567957 0.4654998 0.4634334 0.4146858 0.4505525 0.4498293 0.3997921 0.4230897 0.4495130 0.4169693 
taxon3     0.2325752 0.2155627 0.2058130 0.0000000 0.0844530 0.3723762 0.3597723 0.3892192 0.4413282 0.4234265 0.4343242 0.4333760 0.4592535 0.4102326 0.4514023 0.4586361 0.4033155 0.4309018 0.4495646 0.4294426 
taxon4     0.1908691 0.1940476 0.1718384 0.0844530 0.0000000 0.3458618 0.3127331 0.3866899 0.4428023 0.4152575 0.4279114 0.4338912 0.4462771 0.3980596 0.4278555 0.4535061 0.3932167 0.4205195 0.4389610 0.4189708 
taxon5     0.4065567 0.4014538 0.3741925 0.3723762 0.3458618 0.0000000 0.1099779 0.2313714 0.2169110 0.2372215 0.2621501 0.2575384 0.2309520 0.2215129 0.2439840 0.2568635 0.2156974 0.2481926 0.2673823 0.2545059 
taxon6     0.3911592 0.3975764 0.3723967 0.3597723 0.3127331 0.1099779 0.0000000 0.2007603 0.2293822 0.2170793 0.2332017 0.2443484 0.2372640 0.2004519 0.2299371 0.2426336 0.1867147 0.2194511 0.2439136 0.2308266 
taxon7     0.3963001 0.4172198 0.4241150 0.3892192 0.3866899 0.2313714 0.2007603 0.0000000 0.1010078 0.1116122 0.1245283 0.1121659 0.1707096 0.1669583 0.1854544 0.1896322 0.1396764 0.1728143 0.1876212 0.1830805 
taxon8     0.4652725 0.4776648 0.4534922 0.4413282 0.4428023 0.2169110 0.2293822 0.1010078 0.0000000 0.0673749 0.0978806 0.0800229 0.1550974 0.1564870 0.1783128 0.1856930 0.1270688 0.1728003 0.1773329 0.1612556 
taxon9     0.4537368 0.4730181 0.4547835 0.4234265 0.4152575 0.2372215 0.2170793 0.1116122 0.0673749 0.0000000 0.0512196 0.0399001 0.1618193 0.1478803 0.1692643 0.1811608 0.1395681 0.1861159 0.1966505 0.1800456 
taxon10    0.4489006 0.4751519 0.4567957 0.4343242 0.4279114 0.2621501 0.2332017 0.1245283 0.0978806 0.0512196 0.0000000 0.0299472 0.1698476 0.1508846 0.1670950 0.1789309 0.1312071 0.1704148 0.1797105 0.1644636 
taxon11    0.4425122 0.4683501 0.4654998 0.4333760 0.4338912 0.2575384 0.2443484 0.1121659 0.0800229 0.0399001 0.0299472 0.0000000 0.1691795 0.1655666 0.1763936 0.1755209 0.1449158 0.1792053 0.1860637 0.1790709 
taxon12    0.4431683 0.4643860 0.4634334 0.4592535 0.4462771 0.2309520 0.2372640 0.1707096 0.1550974 0.1618193 0.1698476 0.1691795 0.0000000 0.0743675 0.0994981 0.1047221 0.0860579 0.1237887 0.1352816 0.1277205 
taxon13    0.3974350 0.4165872 0.4146858 0.4102326 0.3980596 0.2215129 0.2004519 0.1669583 0.1564870 0.1478803 0.1508846 0.1655666 0.0743675 0.0000000 0.0626162 0.0676466 0.0674151 0.1085131 0.1153090 0.1078760 
taxon14    0.4231918 0.4415151 0.4505525 0.4514023 0.4278555 0.2439840 0.2299371 0.1854544 0.1783128 0.1692643 0.1670950 0.1763936 0.0994981 0.0626162 0.0000000 0.0298852 0.0739991 0.1173938 0.1345240 0.1275791 
taxon15    0.4280930 0.4463815 0.4498293 0.4586361 0.4535061 0.2568635 0.2426336 0.1896322 0.1856930 0.1811608 0.1789309 0.1755209 0.1047221 0.0676466 0.0298852 0.0000000 0.0790670 0.1161200 0.1330916 0.1317535 
taxon16    0.4058017 0.4181607 0.3997921 0.4033155 0.3932167 0.2156974 0.1867147 0.1396764 0.1270688 0.1395681 0.1312071 0.1449158 0.0860579 0.0674151 0.0739991 0.0790670 0.0000000 0.0516709 0.0737219 0.0620699 
taxon17    0.4264193 0.4460808 0.4230897 0.4309018 0.4205195 0.2481926 0.2194511 0.1728143 0.1728003 0.1861159 0.1704148 0.1792053 0.1237887 0.1085131 0.1173938 0.1161200 0.0516709 0.0000000 0.0561150 0.0451673 
taxon18    0.4482319 0.4714228 0.4495130 0.4495646 0.4389610 0.2673823 0.2439136 0.1876212 0.1773329 0.1966505 0.1797105 0.1860637 0.1352816 0.1153090 0.1345240 0.1330916 0.0737219 0.0561150 0.0000000 0.0353477 
taxon19    0.4323000 0.4583714 0.4169693 0.4294426 0.4189708 0.2545059 0.2308266 0.1830805 0.1612556 0.1800456 0.1644636 0.1790709 0.1277205 0.1078760 0.1275791 0.1317535 0.0620699 0.0451673 0.0353477 0.0000000 
