20
taxon0     0.0000000 0.0410802 0.0518993 0.0580416 0.0861346 0.0747286 0.1098534 0.0865825 0.2925365 0.3272689 0.3090676 0.3134766 0.3029496 0.2756171 0.3124480 0.2813461 0.2884198 0.2901911 0.2939124 0.2999051 
taxon1     0.0410802 0.0000000 0.0304827 0.0361697 0.0639734 0.0740240 0.1095007 0.1035411 0.2674944 0.3099585 0.2831660 0.3053142 0.2847185 0.2512337 0.2894543 0.2582598 0.2617656 0.2587363 0.2896951 0.2656733 
taxon2     0.0518993 0.0304827 0.0000000 0.0153385 0.0920882 0.0965297 0.1223464 0.1219673 0.2761770 0.3193065 0.2934520 0.3085501 0.2850068 0.2607866 0.2980966 0.2731431 0.2685951 0.2797798 0.2970232 0.2773734 
taxon3     0.0580416 0.0361697 0.0153385 0.0000000 0.0935657 0.1035062 0.1299013 0.1294901 0.2873301 0.3313965 0.3051143 0.3191028 0.2963205 0.2716102 0.3104814 0.2851459 0.2801651 0.2916841 0.3094436 0.2891210 
taxon4     0.0861346 0.0639734 0.0920882 0.0935657 0.0000000 0.0745320 0.1049679 0.1101358 0.2943337 0.3202864 0.3110446 0.3284837 0.3032744 0.2684416 0.2966039 0.2760852 0.2784640 0.2664571 0.2940251 0.2763663 
taxon5     0.0747286 0.0740240 0.0965297 0.1035062 0.0745320 0.0000000 0.0698049 0.0364433 0.2421324 0.2811448 0.2790297 0.2769922 0.2649773 0.2175589 0.2673196 0.2250567 0.2433404 0.2253642 0.2734832 0.2595617 
taxon6     0.1098534 0.1095007 0.1223464 0.1299013 0.1049679 0.0698049 0.0000000 0.0636318 0.2938310 0.2938913 0.3087396 0.2893690 0.2750217 0.2701631 0.2958850 0.2731664 0.2543402 0.2476791 0.3032135 0.2943280 
taxon7     0.0865825 0.1035411 0.1219673 0.1294901 0.1101358 0.0364433 0.0636318 0.0000000 0.2799851 0.3142753 0.3162301 0.2885598 0.2898665 0.2474463 0.2992521 0.2555680 0.2729992 0.2546092 0.2928908 0.2843170 
taxon8     0.2925365 0.2674944 0.2761770 0.2873301 0.2943337 0.2421324 0.2938310 0.2799851 0.0000000 0.0707081 0.1162262 0.1285900 0.1330226 0.1235532 0.1976726 0.1824613 0.2242859 0.2114355 0.2392444 0.2625634 
taxon9     0.3272689 0.3099585 0.3193065 0.3313965 0.3202864 0.2811448 0.2938913 0.3142753 0.0707081 0.0000000 0.1469698 0.1670475 0.1478147 0.1445610 0.2027225 0.1937509 0.2442146 0.2305271 0.2541016 0.2768854 
taxon10    0.3090676 0.2831660 0.2934520 0.3051143 0.3110446 0.2790297 0.3087396 0.3162301 0.1162262 0.1469698 0.0000000 0.0934556 0.1049097 0.0959873 0.2354080 0.2226058 0.2577734 0.2451096 0.2841719 0.2853205 
taxon11    0.3134766 0.3053142 0.3085501 0.3191028 0.3284837 0.2769922 0.2893690 0.2885598 0.1285900 0.1670475 0.0934556 0.0000000 0.0983394 0.1019480 0.2348779 0.2070119 0.2352610 0.2384305 0.2777592 0.2856857 
taxon12    0.3029496 0.2847185 0.2850068 0.2963205 0.3032744 0.2649773 0.2750217 0.2898665 0.1330226 0.1478147 0.1049097 0.0983394 0.0000000 0.0469364 0.2423852 0.2155028 0.2333325 0.2241521 0.2311477 0.2597278 
taxon13    0.2756171 0.2512337 0.2607866 0.2716102 0.2684416 0.2175589 0.2701631 0.2474463 0.1235532 0.1445610 0.0959873 0.1019480 0.0469364 0.0000000 0.2409412 0.2064806 0.2346224 0.2332254 0.2371399 0.2535595 
taxon14    0.3124480 0.2894543 0.2980966 0.3104814 0.2966039 0.2673196 0.2958850 0.2992521 0.1976726 0.2027225 0.2354080 0.2348779 0.2423852 0.2409412 0.0000000 0.0631260 0.1260248 0.1268122 0.1605458 0.1785151 
taxon15    0.2813461 0.2582598 0.2731431 0.2851459 0.2760852 0.2250567 0.2731664 0.2555680 0.1824613 0.1937509 0.2226058 0.2070119 0.2155028 0.2064806 0.0631260 0.0000000 0.1280295 0.1045110 0.1380295 0.1658176 
taxon16    0.2884198 0.2617656 0.2685951 0.2801651 0.2784640 0.2433404 0.2543402 0.2729992 0.2242859 0.2442146 0.2577734 0.2352610 0.2333325 0.2346224 0.1260248 0.1280295 0.0000000 0.0573461 0.1277089 0.1272822 
taxon17    0.2901911 0.2587363 0.2797798 0.2916841 0.2664571 0.2253642 0.2476791 0.2546092 0.2114355 0.2305271 0.2451096 0.2384305 0.2241521 0.2332254 0.1268122 0.1045110 0.0573461 0.0000000 0.1085197 0.1162293 
taxon18    0.2939124 0.2896951 0.2970232 0.3094436 0.2940251 0.2734832 0.3032135 0.2928908 0.2392444 0.2541016 0.2841719 0.2777592 0.2311477 0.2371399 0.1605458 0.1380295 0.1277089 0.1085197 0.0000000 0.1170021 
taxon19    0.2999051 0.2656733 0.2773734 0.2891210 0.2763663 0.2595617 0.2943280 0.2843170 0.2625634 0.2768854 0.2853205 0.2856857 0.2597278 0.2535595 0.1785151 0.1658176 0.1272822 0.1162293 0.1170021 0.0000000 
