20
taxon0     0.0000000 0.2414489 0.2120055 0.4370736 0.4328105 0.4673754 0.4223596 0.4245216 0.4240633 0.4128180 0.4207845 0.4091531 0.4549178 0.4607813 0.5100063 0.5323881 0.5655282 0.4486650 0.4837715 0.5049058 
taxon1     0.2414489 0.0000000 0.0764986 0.4733579 0.4976809 0.5241280 0.4545181 0.4486357 0.4637522 0.4376628 0.4721069 0.4627730 0.4587369 0.5196478 0.5089607 0.5410957 0.5539305 0.5111181 0.6158502 0.5967156 
taxon2     0.2120055 0.0764986 0.0000000 0.4356952 0.4481842 0.4974320 0.4351688 0.4001542 0.4355157 0.4140649 0.4540914 0.4544981 0.4654834 0.4643034 0.4666429 0.4884279 0.5118221 0.4684213 0.5614454 0.5298542 
taxon3     0.4370736 0.4733579 0.4356952 0.0000000 0.1866863 0.3056324 0.2175534 0.2600401 0.3356878 0.2845456 0.2157462 0.3204265 0.2886402 0.5222753 0.5705539 0.5269182 0.5848550 0.5032762 0.5646722 0.5148867 
taxon4     0.4328105 0.4976809 0.4481842 0.1866863 0.0000000 0.2378636 0.2399256 0.2318694 0.3745341 0.2878331 0.2436661 0.3592610 0.3268612 0.5473204 0.5539466 0.5183131 0.6558127 0.5151025 0.5152750 0.5336531 
taxon5     0.4673754 0.5241280 0.4974320 0.3056324 0.2378636 0.0000000 0.3616351 0.3543667 0.3398930 0.3476436 0.3651594 0.3740247 0.3916413 0.5854781 0.5735255 0.6465706 0.6758523 0.5530426 0.5582369 0.5570024 
taxon6     0.4223596 0.4545181 0.4351688 0.2175534 0.2399256 0.3616351 0.0000000 0.2210258 0.2904204 0.1884739 0.1279897 0.2438163 0.2487801 0.5267306 0.5053945 0.4606116 0.5138799 0.4836901 0.4931671 0.4630735 
taxon7     0.4245216 0.4486357 0.4001542 0.2600401 0.2318694 0.3543667 0.2210258 0.0000000 0.3000271 0.2090096 0.2702544 0.3150164 0.2994781 0.5542775 0.5392466 0.5018750 0.5568211 0.5199874 0.4510416 0.4598728 
taxon8     0.4240633 0.4637522 0.4355157 0.3356878 0.3745341 0.3398930 0.2904204 0.3000271 0.0000000 0.1325780 0.2807746 0.2956019 0.2849989 0.5915707 0.5303366 0.5978742 0.6047126 0.5719889 0.5337811 0.5426468 
taxon9     0.4128180 0.4376628 0.4140649 0.2845456 0.2878331 0.3476436 0.1884739 0.2090096 0.1325780 0.0000000 0.2022236 0.2629141 0.2195941 0.5944383 0.5345895 0.5042606 0.5629454 0.4995105 0.5156975 0.5109931 
taxon10    0.4207845 0.4721069 0.4540914 0.2157462 0.2436661 0.3651594 0.1279897 0.2702544 0.2807746 0.2022236 0.0000000 0.1770506 0.1766771 0.5171776 0.5242226 0.5178487 0.5067373 0.4799858 0.5205219 0.5024184 
taxon11    0.4091531 0.4627730 0.4544981 0.3204265 0.3592610 0.3740247 0.2438163 0.3150164 0.2956019 0.2629141 0.1770506 0.0000000 0.1491458 0.5345665 0.5558959 0.5769966 0.5511532 0.5339558 0.5249304 0.5041159 
taxon12    0.4549178 0.4587369 0.4654834 0.2886402 0.3268612 0.3916413 0.2487801 0.2994781 0.2849989 0.2195941 0.1766771 0.1491458 0.0000000 0.5608375 0.5519536 0.5530128 0.5626836 0.5072558 0.5170772 0.5189100 
taxon13    0.4607813 0.5196478 0.4643034 0.5222753 0.5473204 0.5854781 0.5267306 0.5542775 0.5915707 0.5944383 0.5171776 0.5345665 0.5608375 0.0000000 0.2584018 0.2918539 0.3161699 0.2233511 0.3425126 0.3016860 
taxon14    0.5100063 0.5089607 0.4666429 0.5705539 0.5539466 0.5735255 0.5053945 0.5392466 0.5303366 0.5345895 0.5242226 0.5558959 0.5519536 0.2584018 0.0000000 0.2620685 0.2423782 0.3237160 0.3398093 0.3481795 
taxon15    0.5323881 0.5410957 0.4884279 0.5269182 0.5183131 0.6465706 0.4606116 0.5018750 0.5978742 0.5042606 0.5178487 0.5769966 0.5530128 0.2918539 0.2620685 0.0000000 0.1550607 0.3325397 0.3642528 0.3739901 
taxon16    0.5655282 0.5539305 0.5118221 0.5848550 0.6558127 0.6758523 0.5138799 0.5568211 0.6047126 0.5629454 0.5067373 0.5511532 0.5626836 0.3161699 0.2423782 0.1550607 0.0000000 0.3433855 0.4156508 0.3810991 
taxon17    0.4486650 0.5111181 0.4684213 0.5032762 0.5151025 0.5530426 0.4836901 0.5199874 0.5719889 0.4995105 0.4799858 0.5339558 0.5072558 0.2233511 0.3237160 0.3325397 0.3433855 0.0000000 0.2719561 0.2204904 
taxon18    0.4837715 0.6158502 0.5614454 0.5646722 0.5152750 0.5582369 0.4931671 0.4510416 0.5337811 0.5156975 0.5205219 0.5249304 0.5170772 0.3425126 0.3398093 0.3642528 0.4156508 0.2719561 0.0000000 0.1865918 
taxon19    0.5049058 0.5967156 0.5298542 0.5148867 0.5336531 0.5570024 0.4630735 0.4598728 0.5426468 0.5109931 0.5024184 0.5041159 0.5189100 0.3016860 0.3481795 0.3739901 0.3810991 0.2204904 0.1865918 0.0000000 
