20
taxon0     0.0000000 0.0048762 0.0148783 0.0247190 0.0299046 0.0197562 0.0298870 0.0349636 0.0300638 0.0300460 0.1073373 0.0992891 0.1057359 0.0945531 0.1053120 0.1055844 0.1114248 0.1228554 0.1053620 0.1053620 
taxon1     0.0048762 0.0000000 0.0099098 0.0197534 0.0248948 0.0247402 0.0248785 0.0299358 0.0250264 0.0250116 0.1018783 0.0939586 0.1003392 0.0892045 0.0999370 0.1001957 0.1060085 0.1173885 0.0999830 0.0999830 
taxon2     0.0148783 0.0099098 0.0000000 0.0149006 0.0296308 0.0299621 0.0200159 0.0250852 0.0201359 0.0201239 0.1080884 0.0999835 0.1064709 0.0952269 0.1046489 0.1049182 0.1107238 0.1110244 0.1060938 0.1060938 
taxon3     0.0247190 0.0197534 0.0149006 0.0000000 0.0246775 0.0197078 0.0148462 0.0198489 0.0199770 0.0149264 0.1017120 0.0938074 0.0947200 0.0944456 0.1105255 0.1108111 0.1166734 0.1169946 0.1052440 0.1052440 
taxon4     0.0299046 0.0248948 0.0296308 0.0246775 0.0000000 0.0147100 0.0298497 0.0349204 0.0402281 0.0401274 0.1182591 0.1099575 0.0949839 0.0947076 0.1053366 0.1056092 0.1114541 0.1228942 0.1055354 0.1055354 
taxon5     0.0197562 0.0247402 0.0299621 0.0197078 0.0147100 0.0000000 0.0248313 0.0298793 0.0351384 0.0350506 0.1126895 0.1045231 0.0895435 0.0892825 0.1053531 0.1056268 0.1114722 0.1229134 0.1000705 0.1000705 
taxon6     0.0298870 0.0248785 0.0200159 0.0148462 0.0298497 0.0248313 0.0000000 0.0049043 0.0251611 0.0200527 0.1078895 0.0997883 0.1008162 0.0896264 0.0935780 0.0938178 0.0995408 0.0998064 0.0883645 0.0883645 
taxon7     0.0349636 0.0299358 0.0250852 0.0198489 0.0349204 0.0298793 0.0049043 0.0000000 0.0302756 0.0251338 0.1135870 0.1053402 0.1064229 0.0951652 0.0990557 0.0993099 0.1050718 0.1053542 0.0938263 0.0938263 
taxon8     0.0300638 0.0250264 0.0201359 0.0199770 0.0402281 0.0351384 0.0251611 0.0302756 0.0000000 0.0049057 0.1060490 0.1060041 0.1000901 0.0889792 0.1180072 0.1183171 0.1188192 0.1191521 0.1126293 0.1126293 
taxon9     0.0300460 0.0250116 0.0201239 0.0149264 0.0401274 0.0350506 0.0200527 0.0251338 0.0049057 0.0000000 0.1003435 0.1002985 0.0994823 0.0884400 0.1172835 0.1175897 0.1180868 0.1184154 0.1119372 0.1119372 
taxon10    0.1073373 0.1018783 0.1080884 0.1017120 0.1182591 0.1126895 0.1078895 0.1135870 0.1060490 0.1003435 0.0000000 0.0151785 0.0300040 0.0299448 0.0514281 0.0410917 0.0571968 0.0571383 0.0358676 0.0358676 
taxon11    0.0992891 0.0939586 0.0999835 0.0938074 0.1099575 0.1045231 0.0997883 0.1053402 0.1060041 0.1002985 0.0151785 0.0000000 0.0299785 0.0299195 0.0449968 0.0349356 0.0505519 0.0505018 0.0298649 0.0298649 
taxon12    0.1057359 0.1003392 0.1064709 0.0947200 0.0949839 0.0895435 0.1008162 0.1064229 0.1000901 0.0994823 0.0300040 0.0299785 0.0000000 0.0098378 0.0352681 0.0251489 0.0407583 0.0407177 0.0200659 0.0200659 
taxon13    0.0945531 0.0892045 0.0952269 0.0944456 0.0947076 0.0892825 0.0896264 0.0951652 0.0889792 0.0884400 0.0299448 0.0299195 0.0098378 0.0000000 0.0250364 0.0250991 0.0406757 0.0406364 0.0200263 0.0200263 
taxon14    0.1053120 0.0999370 0.1046489 0.1105255 0.1053366 0.1053531 0.0935780 0.0990557 0.1180072 0.1172835 0.0514281 0.0449968 0.0352681 0.0250364 0.0000000 0.0097933 0.0247979 0.0247744 0.0147686 0.0147686 
taxon15    0.1055844 0.1001957 0.1049182 0.1108111 0.1056092 0.1056268 0.0938178 0.0993099 0.1183171 0.1175897 0.0410917 0.0349356 0.0251489 0.0250991 0.0097933 0.0000000 0.0148537 0.0148398 0.0049143 0.0049143 
taxon16    0.1114248 0.1060085 0.1107238 0.1166734 0.1114541 0.1114722 0.0995408 0.1050718 0.1188192 0.1180868 0.0571968 0.0505519 0.0407583 0.0406757 0.0247979 0.0148537 0.0000000 0.0097900 0.0199113 0.0199113 
taxon17    0.1228554 0.1173885 0.1110244 0.1169946 0.1228942 0.1229134 0.0998064 0.1053542 0.1191521 0.1184154 0.0571383 0.0505018 0.0407177 0.0406364 0.0247744 0.0148398 0.0097900 0.0000000 0.0198925 0.0198925 
taxon18    0.1053620 0.0999830 0.1060938 0.1052440 0.1055354 0.1000705 0.0883645 0.0938263 0.1126293 0.1119372 0.0358676 0.0298649 0.0200659 0.0200263 0.0147686 0.0049143 0.0199113 0.0198925 0.0000000 0.0000010 
taxon19    0.1053620 0.0999830 0.1060938 0.1052440 0.1055354 0.1000705 0.0883645 0.0938263 0.1126293 0.1119372 0.0358676 0.0298649 0.0200659 0.0200263 0.0147686 0.0049143 0.0199113 0.0198925 0.0000010 0.0000000 
