20
taxon0     0.0000000 0.1736479 0.1955385 0.2328552 0.3231822 0.3427951 0.4353524 0.4050799 0.3088268 0.3606119 0.6139060 0.6652693 0.6400448 0.7214150 0.6938739 0.7235756 0.7776493 0.6081632 0.7027152 0.7531423 
taxon1     0.1736479 0.0000000 0.2439194 0.2677867 0.4019152 0.4387380 0.5353985 0.4846395 0.3772052 0.4475366 0.6427176 0.7323213 0.7203170 0.7851761 0.7724403 0.7981077 0.8162937 0.6449723 0.6985800 0.7908050 
taxon2     0.1955385 0.2439194 0.0000000 0.0781628 0.3448959 0.3701549 0.4431304 0.4138016 0.3448786 0.3952793 0.6644863 0.7317459 0.6302419 0.7303702 0.7389789 0.7748632 0.8031435 0.6695706 0.7320336 0.8115407 
taxon3     0.2328552 0.2677867 0.0781628 0.0000000 0.3611647 0.3683176 0.4384237 0.4090986 0.3611496 0.4060909 0.6724945 0.7489966 0.6615131 0.7199885 0.7208850 0.7682521 0.7738398 0.6528887 0.7341512 0.8219332 
taxon4     0.3231822 0.4019152 0.3448959 0.3611647 0.0000000 0.0883282 0.1969589 0.1699334 0.1970020 0.2127655 0.5688728 0.6326626 0.6020225 0.6793482 0.6491870 0.7064645 0.7557072 0.5745005 0.6371767 0.7394783 
taxon5     0.3427951 0.4387380 0.3701549 0.3683176 0.0883282 0.0000000 0.1661587 0.1459541 0.1943183 0.2242417 0.5846985 0.6325092 0.6322475 0.6898026 0.6472198 0.7087618 0.7581273 0.6034640 0.6583406 0.7670036 
taxon6     0.4353524 0.5353985 0.4431304 0.4384237 0.1969589 0.1661587 0.0000000 0.0862550 0.3027609 0.3182580 0.6352209 0.6959526 0.6860977 0.7503909 0.6812307 0.7710933 0.7998161 0.6206651 0.7242717 0.7812395 
taxon7     0.4050799 0.4846395 0.4138016 0.4090986 0.1699334 0.1459541 0.0862550 0.0000000 0.2495644 0.2988200 0.6596659 0.7239581 0.6910717 0.7383034 0.6997769 0.7603758 0.8042877 0.6726833 0.7203642 0.8047421 
taxon8     0.3088268 0.3772052 0.3448786 0.3611496 0.1970020 0.1943183 0.3027609 0.2495644 0.0000000 0.1242981 0.5972485 0.6374755 0.6748211 0.6812243 0.6512845 0.6958604 0.7184650 0.6264112 0.6239151 0.7356479 
taxon9     0.3606119 0.4475366 0.3952793 0.4060909 0.2127655 0.2242417 0.3182580 0.2988200 0.1242981 0.0000000 0.6144840 0.6435503 0.6651816 0.7122073 0.6374045 0.7250418 0.7543020 0.6612220 0.6287349 0.7273748 
taxon10    0.6139060 0.6427176 0.6644863 0.6724945 0.5688728 0.5846985 0.6352209 0.6596659 0.5972485 0.6144840 0.0000000 0.1125377 0.2522972 0.2795150 0.2667643 0.3232234 0.3515397 0.3074351 0.3491315 0.4531705 
taxon11    0.6652693 0.7323213 0.7317459 0.7489966 0.6326626 0.6325092 0.6959526 0.7239581 0.6374755 0.6435503 0.1125377 0.0000000 0.3045007 0.3596591 0.3195880 0.3758323 0.3993936 0.3800485 0.4255841 0.5432293 
taxon12    0.6400448 0.7203170 0.6302419 0.6615131 0.6020225 0.6322475 0.6860977 0.6910717 0.6748211 0.6651816 0.2522972 0.3045007 0.0000000 0.1951772 0.1742415 0.2583944 0.2965050 0.3979878 0.4212583 0.5572874 
taxon13    0.7214150 0.7851761 0.7303702 0.7199885 0.6793482 0.6898026 0.7503909 0.7383034 0.6812243 0.7122073 0.2795150 0.3596591 0.1951772 0.0000000 0.0729544 0.1461749 0.1584304 0.4380504 0.4876987 0.5673162 
taxon14    0.6938739 0.7724403 0.7389789 0.7208850 0.6491870 0.6472198 0.6812307 0.6997769 0.6512845 0.6374045 0.2667643 0.3195880 0.1742415 0.0729544 0.0000000 0.1172733 0.1349413 0.4282737 0.4581330 0.5362860 
taxon15    0.7235756 0.7981077 0.7748632 0.7682521 0.7064645 0.7087618 0.7710933 0.7603758 0.6958604 0.7250418 0.3232234 0.3758323 0.2583944 0.1461749 0.1172733 0.0000000 0.0698319 0.4874077 0.5158182 0.5973496 
taxon16    0.7776493 0.8162937 0.8031435 0.7738398 0.7557072 0.7581273 0.7998161 0.8042877 0.7184650 0.7543020 0.3515397 0.3993936 0.2965050 0.1584304 0.1349413 0.0698319 0.0000000 0.5183935 0.5309591 0.6167081 
taxon17    0.6081632 0.6449723 0.6695706 0.6528887 0.5745005 0.6034640 0.6206651 0.6726833 0.6264112 0.6612220 0.3074351 0.3800485 0.3979878 0.4380504 0.4282737 0.4874077 0.5183935 0.0000000 0.1934795 0.2726118 
taxon18    0.7027152 0.6985800 0.7320336 0.7341512 0.6371767 0.6583406 0.7242717 0.7203642 0.6239151 0.6287349 0.3491315 0.4255841 0.4212583 0.4876987 0.4581330 0.5158182 0.5309591 0.1934795 0.0000000 0.1719394 
taxon19    0.7531423 0.7908050 0.8115407 0.8219332 0.7394783 0.7670036 0.7812395 0.8047421 0.7356479 0.7273748 0.4531705 0.5432293 0.5572874 0.5673162 0.5362860 0.5973496 0.6167081 0.2726118 0.1719394 0.0000000 
