20
taxon0     0.0000000 0.3193906 0.3514672 0.4135845 0.3878705 0.4066801 0.4467754 0.6453361 0.6466997 0.5941179 0.4796036 0.5268742 0.5697049 0.5321641 1.2715626 1.0351443 1.1070938 1.1121421 1.2859713 1.1504209 
taxon1     0.3193906 0.0000000 0.5682505 0.4582291 0.4291741 0.4996101 0.5063389 0.6359254 0.6706267 0.6066260 0.5573792 0.5999898 0.6036462 0.6133833 0.9423471 0.9080662 1.1308149 1.0610570 1.3341677 1.0795172 
taxon2     0.3514672 0.5682505 0.0000000 0.3251188 0.3385755 0.4172807 0.4069704 0.6074667 0.5522444 0.5304417 0.5457388 0.4546262 0.5224365 0.5161193 0.8909419 0.8606333 0.8189044 0.8478761 0.9679699 0.8801425 
taxon3     0.4135845 0.4582291 0.3251188 0.0000000 0.3001670 0.4316642 0.3733549 0.6489965 0.6832173 0.5885892 0.6551745 0.5395385 0.6853969 0.6268535 0.9875412 0.8035477 0.8836411 0.8385043 0.9119465 0.7499523 
taxon4     0.3878705 0.4291741 0.3385755 0.3001670 0.0000000 0.2419614 0.2065016 0.5847025 0.6054972 0.5560248 0.5421598 0.5467962 0.5690709 0.5834357 0.8676919 0.8350580 0.9485577 1.0662112 1.0717846 0.9034190 
taxon5     0.4066801 0.4996101 0.4172807 0.4316642 0.2419614 0.0000000 0.1779452 0.6889136 0.6855747 0.6589213 0.5567726 0.6057992 0.6412159 0.6342812 1.0054742 1.0023146 1.0385960 1.0722382 1.0982585 1.0230012 
taxon6     0.4467754 0.5063389 0.4069704 0.3733549 0.2065016 0.1779452 0.0000000 0.7103137 0.7239679 0.6844919 0.6153705 0.6212187 0.6244380 0.6649983 1.0346464 0.9419482 0.9406725 0.9334375 1.1938504 1.0015024 
taxon7     0.6453361 0.6359254 0.6074667 0.6489965 0.5847025 0.6889136 0.7103137 0.0000000 0.2755623 0.2583063 0.4670570 0.4808579 0.4721490 0.4523520 1.0974274 0.9620810 1.0994391 0.9908081 1.1927563 1.0645517 
taxon8     0.6466997 0.6706267 0.5522444 0.6832173 0.6054972 0.6855747 0.7239679 0.2755623 0.0000000 0.1110107 0.3634665 0.4004970 0.5099061 0.4007197 1.0034161 1.0754325 1.1110447 1.0276699 1.2297229 1.0823209 
taxon9     0.5941179 0.6066260 0.5304417 0.5885892 0.5560248 0.6589213 0.6844919 0.2583063 0.1110107 0.0000000 0.3615349 0.3620526 0.4378357 0.3590571 1.0923614 1.1968501 1.1403789 1.0461258 1.1947775 1.0303582 
taxon10    0.4796036 0.5573792 0.5457388 0.6551745 0.5421598 0.5567726 0.6153705 0.4670570 0.3634665 0.3615349 0.0000000 0.2700850 0.4132659 0.4152047 1.0489197 1.1102466 1.1779495 0.9048200 1.1377989 0.9409863 
taxon11    0.5268742 0.5999898 0.4546262 0.5395385 0.5467962 0.6057992 0.6212187 0.4808579 0.4004970 0.3620526 0.2700850 0.0000000 0.3655725 0.2579882 1.0783215 1.1375132 1.2131110 1.0348273 1.3022441 1.0593925 
taxon12    0.5697049 0.6036462 0.5224365 0.6853969 0.5690709 0.6412159 0.6244380 0.4721490 0.5099061 0.4378357 0.4132659 0.3655725 0.0000000 0.3152992 1.0652621 1.1460000 1.1112187 1.0633071 1.2594786 1.1266374 
taxon13    0.5321641 0.6133833 0.5161193 0.6268535 0.5834357 0.6342812 0.6649983 0.4523520 0.4007197 0.3590571 0.4152047 0.2579882 0.3152992 0.0000000 1.0777396 1.1229527 1.1334851 1.1581813 1.1221607 1.0451118 
taxon14    1.2715626 0.9423471 0.8909419 0.9875412 0.8676919 1.0054742 1.0346464 1.0974274 1.0034161 1.0923614 1.0489197 1.0783215 1.0652621 1.0777396 0.0000000 0.4034203 0.3540699 0.5109666 0.6831548 0.4861556 
taxon15    1.0351443 0.9080662 0.8606333 0.8035477 0.8350580 1.0023146 0.9419482 0.9620810 1.0754325 1.1968501 1.1102466 1.1375132 1.1460000 1.1229527 0.4034203 0.0000000 0.2153011 0.5539657 0.6021360 0.5072726 
taxon16    1.1070938 1.1308149 0.8189044 0.8836411 0.9485577 1.0385960 0.9406725 1.0994391 1.1110447 1.1403789 1.1779495 1.2131110 1.1112187 1.1334851 0.3540699 0.2153011 0.0000000 0.4646075 0.6412212 0.5402689 
taxon17    1.1121421 1.0610570 0.8478761 0.8385043 1.0662112 1.0722382 0.9334375 0.9908081 1.0276699 1.0461258 0.9048200 1.0348273 1.0633071 1.1581813 0.5109666 0.5539657 0.4646075 0.0000000 0.4086738 0.2392215 
taxon18    1.2859713 1.3341677 0.9679699 0.9119465 1.0717846 1.0982585 1.1938504 1.1927563 1.2297229 1.1947775 1.1377989 1.3022441 1.2594786 1.1221607 0.6831548 0.6021360 0.6412212 0.4086738 0.0000000 0.2835676 
taxon19    1.1504209 1.0795172 0.8801425 0.7499523 0.9034190 1.0230012 1.0015024 1.0645517 1.0823209 1.0303582 0.9409863 1.0593925 1.1266374 1.0451118 0.4861556 0.5072726 0.5402689 0.2392215 0.2835676 0.0000000 
