20
taxon0     0.0000000 0.0422990 0.0365752 0.0421031 0.0465411 0.0518543 0.2046641 0.1836282 0.2417654 0.2270534 0.2241412 0.2182508 0.1862743 0.1993792 0.1855537 0.1913218 0.2052882 0.2248772 0.2052882 0.1921256 
taxon1     0.0422990 0.0000000 0.0706241 0.0428199 0.0651792 0.0707783 0.2152646 0.2218295 0.2239572 0.2394479 0.2233295 0.2173341 0.1975890 0.2242291 0.2241129 0.2300426 0.2448017 0.2653699 0.2448017 0.2024810 
taxon2     0.0365752 0.0706241 0.0000000 0.0414475 0.0582253 0.0636796 0.1747346 0.1747858 0.2098926 0.2092014 0.1934423 0.2033780 0.1831418 0.1824071 0.1824437 0.1881375 0.1957912 0.2150409 0.1957912 0.1754266 
taxon3     0.0421031 0.0428199 0.0414475 0.0000000 0.0699058 0.0754796 0.1819372 0.1898138 0.2036701 0.2044829 0.2018733 0.2042324 0.1852363 0.1700597 0.1845221 0.1832376 0.1970318 0.2164182 0.1970318 0.1766316 
taxon4     0.0465411 0.0651792 0.0582253 0.0699058 0.0000000 0.0050299 0.2170765 0.2031450 0.2547095 0.2538603 0.2239255 0.2317331 0.2191654 0.2254748 0.2182941 0.2241206 0.2385674 0.2378557 0.2385674 0.2179695 
taxon5     0.0518543 0.0707783 0.0636796 0.0754796 0.0050299 0.0000000 0.2237752 0.2097381 0.2617278 0.2608549 0.2306708 0.2256348 0.2259353 0.2264003 0.2250319 0.2308708 0.2454161 0.2446809 0.2454161 0.2246993 
taxon6     0.2046641 0.2152646 0.1747346 0.1819372 0.2170765 0.2237752 0.0000000 0.0306073 0.0257246 0.0468753 0.0471571 0.0804034 0.0366838 0.0638528 0.0578018 0.0417919 0.0635204 0.0799049 0.0635204 0.0100636 
taxon7     0.1836282 0.2218295 0.1747858 0.1898138 0.2031450 0.2097381 0.0306073 0.0000000 0.0466560 0.0681757 0.0685745 0.1025475 0.0365059 0.0696156 0.0468933 0.0415563 0.0631583 0.0794471 0.0631583 0.0307128 
taxon8     0.2417654 0.2239572 0.2098926 0.2036701 0.2547095 0.2617278 0.0257246 0.0466560 0.0000000 0.0413535 0.0416027 0.0745056 0.0535035 0.0814613 0.0864986 0.0698692 0.0796342 0.0962011 0.0796342 0.0362411 
taxon9     0.2270534 0.2394479 0.2092014 0.2044829 0.2538603 0.2608549 0.0468753 0.0681757 0.0413535 0.0000000 0.0410643 0.0520590 0.0642378 0.0699330 0.0749645 0.0693599 0.0683573 0.0846920 0.0683573 0.0468772 
taxon10    0.2241412 0.2233295 0.1934423 0.2018733 0.2239255 0.2306708 0.0471571 0.0685745 0.0416027 0.0410643 0.0000000 0.0306281 0.0758670 0.0803184 0.0977775 0.0810083 0.0906953 0.1074096 0.0906953 0.0580017 
taxon11    0.2182508 0.2173341 0.2033780 0.2042324 0.2317331 0.2256348 0.0804034 0.1025475 0.0745056 0.0520590 0.0306281 0.0000000 0.0928388 0.0808855 0.1037850 0.0979614 0.0911076 0.1079067 0.0911076 0.0804100 
taxon12    0.1862743 0.1975890 0.1831418 0.1852363 0.2191654 0.2259353 0.0366838 0.0365059 0.0535035 0.0642378 0.0758670 0.0928388 0.0000000 0.0527092 0.0307593 0.0255528 0.0466306 0.0625844 0.0466306 0.0261307 
taxon13    0.1993792 0.2242291 0.1824071 0.1700597 0.2254748 0.2264003 0.0638528 0.0696156 0.0814613 0.0699330 0.0803184 0.0808855 0.0527092 0.0000000 0.0311158 0.0309021 0.0416680 0.0576625 0.0416680 0.0587319 
taxon14    0.1855537 0.2241129 0.1824437 0.1845221 0.2182941 0.2250319 0.0578018 0.0468933 0.0864986 0.0749645 0.0977775 0.1037850 0.0307593 0.0311158 0.0000000 0.0151248 0.0254963 0.0410559 0.0254963 0.0471619 
taxon15    0.1913218 0.2300426 0.1881375 0.1832376 0.2241206 0.2308708 0.0417919 0.0415563 0.0698692 0.0693599 0.0810083 0.0979614 0.0255528 0.0309021 0.0151248 0.0000000 0.0203258 0.0357983 0.0203258 0.0417934 
taxon16    0.2052882 0.2448017 0.1957912 0.1970318 0.2385674 0.2454161 0.0635204 0.0631583 0.0796342 0.0683573 0.0906953 0.0911076 0.0466306 0.0416680 0.0254963 0.0203258 0.0000000 0.0150135 0.0000010 0.0635242 
taxon17    0.2248772 0.2653699 0.2150409 0.2164182 0.2378557 0.2446809 0.0799049 0.0794471 0.0962011 0.0846920 0.1074096 0.1079067 0.0625844 0.0576625 0.0410559 0.0357983 0.0150135 0.0000000 0.0150135 0.0799114 
taxon18    0.2052882 0.2448017 0.1957912 0.1970318 0.2385674 0.2454161 0.0635204 0.0631583 0.0796342 0.0683573 0.0906953 0.0911076 0.0466306 0.0416680 0.0254963 0.0203258 0.0000010 0.0150135 0.0000000 0.0635242 
taxon19    0.1921256 0.2024810 0.1754266 0.1766316 0.2179695 0.2246993 0.0100636 0.0307128 0.0362411 0.0468772 0.0580017 0.0804100 0.0261307 0.0587319 0.0471619 0.0417934 0.0635242 0.0799114 0.0635242 0.0000000 
