20
taxon0     0.0000000 0.0345858 0.0487887 0.0487692 0.0536734 0.0538325 0.0390815 0.0538660 0.0488715 0.0595021 0.0657084 0.2976638 0.2842216 0.2951548 0.2721423 0.2726126 0.2723787 0.2874683 0.2821949 0.2737634 
taxon1     0.0345858 0.0000000 0.0648668 0.0542110 0.0591676 0.0700801 0.0545777 0.0593816 0.0543235 0.0651391 0.0715073 0.2706537 0.2567622 0.2672005 0.2594638 0.2553710 0.2500326 0.2525411 0.2723725 0.2393295 
taxon2     0.0487887 0.0648668 0.0000000 0.0290664 0.0192017 0.0289681 0.0391231 0.0340473 0.0389446 0.0388127 0.0497455 0.2736041 0.3031655 0.2955230 0.2597183 0.2500734 0.2916492 0.2519772 0.2717605 0.2513133 
taxon3     0.0487692 0.0542110 0.0290664 0.0000000 0.0143013 0.0339616 0.0192383 0.0143520 0.0191526 0.0389697 0.0499478 0.2745363 0.2740052 0.3109970 0.2744774 0.2509383 0.2627898 0.2528511 0.2726838 0.2524208 
taxon4     0.0536734 0.0591676 0.0192017 0.0143013 0.0000000 0.0192556 0.0240590 0.0191445 0.0239516 0.0289624 0.0396050 0.2603782 0.2801347 0.3094934 0.2731236 0.2372364 0.2688867 0.2390571 0.2586195 0.2511623 
taxon5     0.0538325 0.0700801 0.0289681 0.0339616 0.0192556 0.0000000 0.0341868 0.0389713 0.0438820 0.0292545 0.0400138 0.2897924 0.2835078 0.3132698 0.2899249 0.2530130 0.2856652 0.2675902 0.2750018 0.2800193 
taxon6     0.0390815 0.0545777 0.0391231 0.0192383 0.0240590 0.0341868 0.0000000 0.0143211 0.0191116 0.0290819 0.0397696 0.2761565 0.2607761 0.2973127 0.2767810 0.2529940 0.2496543 0.2675552 0.2749572 0.2670970 
taxon7     0.0538660 0.0593816 0.0340473 0.0143520 0.0191445 0.0389713 0.0143211 0.0000000 0.0142579 0.0338422 0.0446154 0.2817805 0.2657222 0.2893962 0.2817216 0.2579264 0.2546275 0.2598874 0.2798778 0.2594443 
taxon8     0.0488715 0.0543235 0.0389446 0.0191526 0.0239516 0.0438820 0.0191116 0.0142579 0.0000000 0.0192475 0.0296161 0.2751638 0.2718181 0.3084668 0.2879018 0.2515058 0.2606965 0.2534256 0.2733425 0.2529936 
taxon9     0.0595021 0.0651391 0.0388127 0.0389697 0.0289624 0.0292545 0.0290819 0.0338422 0.0192475 0.0000000 0.0097693 0.2744623 0.2745850 0.2942914 0.2873731 0.2384953 0.2766975 0.2527612 0.2600341 0.2649992 
taxon10    0.0657084 0.0715073 0.0497455 0.0499478 0.0396050 0.0400138 0.0397696 0.0446154 0.0296161 0.0097693 0.0000000 0.2743152 0.2855843 0.2867137 0.2872352 0.2559050 0.2765514 0.2705895 0.2780973 0.2830902 
taxon11    0.2976638 0.2706537 0.2736041 0.2745363 0.2603782 0.2897924 0.2761565 0.2817805 0.2751638 0.2744623 0.2743152 0.0000000 0.0699257 0.0735567 0.0582275 0.0590985 0.0798381 0.0542062 0.0796493 0.0641776 
taxon12    0.2842216 0.2567622 0.3031655 0.2740052 0.2801347 0.2835078 0.2607761 0.2657222 0.2718181 0.2745850 0.2855843 0.0699257 0.0000000 0.0341976 0.0493722 0.0693287 0.0596884 0.0745339 0.0798831 0.0744194 
taxon13    0.2951548 0.2672005 0.2955230 0.3109970 0.3094934 0.3132698 0.2973127 0.2893962 0.3084668 0.2942914 0.2867137 0.0735567 0.0341976 0.0000000 0.0239263 0.0848399 0.0644055 0.0901297 0.0955894 0.0796537 
taxon14    0.2721423 0.2594638 0.2597183 0.2744774 0.2731236 0.2899249 0.2767810 0.2817216 0.2879018 0.2873731 0.2872352 0.0582275 0.0493722 0.0239263 0.0000000 0.0587242 0.0491413 0.0638289 0.0690582 0.0537053 
taxon15    0.2726126 0.2553710 0.2500734 0.2509383 0.2372364 0.2530130 0.2529940 0.2579264 0.2515058 0.2384953 0.2559050 0.0590985 0.0693287 0.0848399 0.0587242 0.0000000 0.0344285 0.0094864 0.0238893 0.0190080 
taxon16    0.2723787 0.2500326 0.2916492 0.2627898 0.2688867 0.2856652 0.2496543 0.2546275 0.2606965 0.2766975 0.2765514 0.0798381 0.0596884 0.0644055 0.0491413 0.0344285 0.0000000 0.0340622 0.0391051 0.0340105 
taxon17    0.2874683 0.2525411 0.2519772 0.2528511 0.2390571 0.2675902 0.2675552 0.2598874 0.2534256 0.2527612 0.2705895 0.0542062 0.0745339 0.0901297 0.0638289 0.0094864 0.0340622 0.0000000 0.0236398 0.0093788 
taxon18    0.2821949 0.2723725 0.2717605 0.2726838 0.2586195 0.2750018 0.2749572 0.2798778 0.2733425 0.2600341 0.2780973 0.0796493 0.0798831 0.0955894 0.0690582 0.0238893 0.0391051 0.0236398 0.0000000 0.0331613 
taxon19    0.2737634 0.2393295 0.2513133 0.2524208 0.2511623 0.2800193 0.2670970 0.2594443 0.2529936 0.2649992 0.2830902 0.0641776 0.0744194 0.0796537 0.0537053 0.0190080 0.0340105 0.0093788 0.0331613 0.0000000 
