20
taxon0     0.0000000 0.0356552 0.0257127 0.0360862 0.2191390 0.2062154 0.2192070 0.2273282 0.1997818 0.2136465 0.2206280 0.2192385 0.2283770 0.2267769 0.2199688 0.2403222 0.2181324 0.2258943 0.2080757 0.2724015 
taxon1     0.0356552 0.0000000 0.0516213 0.0621004 0.2237212 0.2232105 0.2237901 0.2507550 0.2167667 0.2307268 0.2377496 0.2362548 0.2455784 0.2501289 0.2370240 0.2453552 0.2355665 0.2299602 0.2323193 0.2617749 
taxon2     0.0257127 0.0516213 0.0000000 0.0100274 0.2254430 0.2124710 0.2123568 0.2400294 0.2060118 0.2199592 0.2119293 0.2123856 0.2347873 0.2394349 0.2262946 0.2313375 0.2095567 0.2477598 0.2211417 0.2629678 
taxon3     0.0360862 0.0621004 0.0100274 0.0000000 0.2252250 0.2122680 0.2121540 0.2528418 0.2185205 0.2197465 0.2117274 0.2121828 0.2345557 0.2522031 0.2260749 0.2311130 0.1971815 0.2606569 0.2209290 0.2757910 
taxon4     0.2191390 0.2237212 0.2254430 0.2252250 0.0000000 0.0100823 0.0101038 0.0408780 0.0151011 0.0254240 0.0306258 0.0202516 0.0256219 0.0514286 0.0306355 0.0522412 0.0676843 0.0849466 0.0640103 0.0890816 
taxon5     0.2062154 0.2232105 0.2124710 0.2122680 0.0100823 0.0000000 0.0100849 0.0410330 0.0151574 0.0151913 0.0203322 0.0100843 0.0153095 0.0409713 0.0203394 0.0521384 0.0570304 0.0740153 0.0532129 0.0782667 
taxon6     0.2192070 0.2237901 0.2123568 0.2121540 0.0101038 0.0100849 0.0000000 0.0515216 0.0253729 0.0254305 0.0306336 0.0100809 0.0256286 0.0514420 0.0306434 0.0522551 0.0677024 0.0849699 0.0640276 0.0891056 
taxon7     0.2273282 0.2507550 0.2400294 0.2528418 0.0408780 0.0410330 0.0515216 0.0000000 0.0253933 0.0463321 0.0516817 0.0515204 0.0573732 0.0515996 0.0516945 0.0959642 0.1007367 0.1077792 0.0918811 0.1005099 
taxon8     0.1997818 0.2167667 0.2060118 0.2185205 0.0151011 0.0151574 0.0253729 0.0253933 0.0000000 0.0305785 0.0358122 0.0253718 0.0308166 0.0357801 0.0254573 0.0682240 0.0730627 0.0795619 0.0694510 0.0837584 
taxon9     0.2136465 0.2307268 0.2199592 0.2197465 0.0254240 0.0151913 0.0254305 0.0463321 0.0305785 0.0000000 0.0050598 0.0254294 0.0308881 0.0568369 0.0359068 0.0683904 0.0732406 0.0906979 0.0696218 0.0837995 
taxon10    0.2206280 0.2377496 0.2119293 0.2117274 0.0306258 0.0203322 0.0306336 0.0516817 0.0358122 0.0050598 0.0000000 0.0306323 0.0361764 0.0622478 0.0411954 0.0626088 0.0674489 0.0964191 0.0752184 0.0779133 
taxon11    0.2192385 0.2362548 0.2123856 0.2121828 0.0202516 0.0100843 0.0100809 0.0515204 0.0253718 0.0254294 0.0306323 0.0000000 0.0153269 0.0410179 0.0203632 0.0628448 0.0677017 0.0849703 0.0640268 0.0783579 
taxon12    0.2283770 0.2455784 0.2347873 0.2345557 0.0256219 0.0153095 0.0256286 0.0573732 0.0308166 0.0308881 0.0361764 0.0153269 0.0000000 0.0357212 0.0151997 0.0689329 0.0738176 0.0792806 0.0701779 0.0846265 
taxon13    0.2267769 0.2501289 0.2394349 0.2522031 0.0514286 0.0409713 0.0514420 0.0515996 0.0357801 0.0568369 0.0622478 0.0410179 0.0357212 0.0000000 0.0201763 0.0957969 0.1005606 0.0951669 0.0917217 0.1005342 
taxon14    0.2199688 0.2370240 0.2262946 0.2260749 0.0306355 0.0203394 0.0306434 0.0516945 0.0254573 0.0359068 0.0411954 0.0203632 0.0151997 0.0201763 0.0000000 0.0739558 0.0787955 0.0842478 0.0752306 0.0895789 
taxon15    0.2403222 0.2453552 0.2313375 0.2311130 0.0522412 0.0521384 0.0522551 0.0959642 0.0682240 0.0683904 0.0626088 0.0628448 0.0689329 0.0957969 0.0739558 0.0000000 0.0463299 0.0743785 0.0572807 0.0724900 
taxon16    0.2181324 0.2355665 0.2095567 0.1971815 0.0676843 0.0570304 0.0677024 0.1007367 0.0730627 0.0732406 0.0674489 0.0677017 0.0738176 0.1005606 0.0787955 0.0463299 0.0000000 0.0465101 0.0201764 0.0612780 
taxon17    0.2258943 0.2299602 0.2477598 0.2606569 0.0849466 0.0740153 0.0849699 0.1077792 0.0795619 0.0906979 0.0964191 0.0849703 0.0792806 0.0951669 0.0842478 0.0743785 0.0465101 0.0000000 0.0464864 0.0570224 
taxon18    0.2080757 0.2323193 0.2211417 0.2209290 0.0640103 0.0532129 0.0640276 0.0918811 0.0694510 0.0696218 0.0752184 0.0640268 0.0701779 0.0917217 0.0752306 0.0572807 0.0201764 0.0464864 0.0000000 0.0723229 
taxon19    0.2724015 0.2617749 0.2629678 0.2757910 0.0890816 0.0782667 0.0891056 0.1005099 0.0837584 0.0837995 0.0779133 0.0783579 0.0846265 0.1005342 0.0895789 0.0724900 0.0612780 0.0570224 0.0723229 0.0000000 
