20
taxon0     0.0000000 0.3938029 0.7211635 0.7370824 1.2633412 1.1042591 1.0066058 0.9600425 0.9915042 0.9119584 1.1708904 1.2259159 1.0638065 1.1379657 1.2996097 1.0902102 1.4110682 1.2393188 0.8595751 0.9990679 
taxon1     0.3938029 0.0000000 0.7100267 0.6519641 1.2631232 1.0237723 0.9537861 1.0188983 1.0576577 0.8769133 1.1439585 1.2361786 1.0159398 1.1054058 1.0491922 0.9540849 1.2546070 1.2182827 0.8022897 0.8917647 
taxon2     0.7211635 0.7100267 0.0000000 0.1650266 0.9951339 0.7356701 0.7070888 0.8866326 0.9367396 0.8092487 1.1934696 1.1361838 1.0638006 1.1218270 1.2358228 1.0374840 1.3314003 1.2495759 0.7907814 0.8906029 
taxon3     0.7370824 0.6519641 0.1650266 0.0000000 0.9259881 0.7042141 0.6980485 0.9338194 0.9152657 0.8260009 1.1592501 1.2036088 1.0694594 1.0696965 1.1402797 0.9530586 1.2235527 1.2287014 0.7219369 0.8558910 
taxon4     1.2633412 1.2631232 0.9951339 0.9259881 0.0000000 0.4625582 0.6908595 1.4659223 1.5174310 1.4255486 1.9489024 1.8439919 1.5323531 1.4636310 1.6486791 1.3415989 1.6298681 1.4580020 1.2985597 1.4136806 
taxon5     1.1042591 1.0237723 0.7356701 0.7042141 0.4625582 0.0000000 0.4068533 1.2715075 1.4065549 1.1248042 1.4044588 1.4590894 1.3947886 1.4194862 1.3987426 1.0874837 1.4307584 1.3346344 1.1281746 1.1179546 
taxon6     1.0066058 0.9537861 0.7070888 0.6980485 0.6908595 0.4068533 0.0000000 1.1873555 1.2550383 1.1590345 1.5114783 1.4034946 1.2455231 1.2159465 1.4113177 1.2205303 1.5496058 1.4519940 1.1150436 1.1737346 
taxon7     0.9600425 1.0188983 0.8866326 0.9338194 1.4659223 1.2715075 1.1873555 0.0000000 0.8564606 0.6950590 0.9315157 0.9325443 1.1205302 1.0187264 1.5398821 1.2724036 1.6656156 1.3989732 1.0449738 1.2176512 
taxon8     0.9915042 1.0576577 0.9367396 0.9152657 1.5174310 1.4065549 1.2550383 0.8564606 0.0000000 0.5804856 0.8374644 0.8994410 1.0947946 0.9145857 1.6077119 1.4487559 1.8424365 1.7187395 1.1620753 1.4563928 
taxon9     0.9119584 0.8769133 0.8092487 0.8260009 1.4255486 1.1248042 1.1590345 0.6950590 0.5804856 0.0000000 0.4311783 0.5250460 0.8925886 0.9345467 1.2681176 1.1326724 1.3861483 1.4710555 0.9031255 1.0733214 
taxon10    1.1708904 1.1439585 1.1934696 1.1592501 1.9489024 1.4044588 1.5114783 0.9315157 0.8374644 0.4311783 0.0000000 0.5934010 1.1439345 1.2078526 1.4965003 1.3960696 1.6852675 1.7322382 1.2525024 1.3419848 
taxon11    1.2259159 1.2361786 1.1361838 1.2036088 1.8439919 1.4590894 1.4034946 0.9325443 0.8994410 0.5250460 0.5934010 0.0000000 1.1523943 1.1791560 1.6374086 1.4047017 1.6917815 1.7497293 1.1110010 1.2180860 
taxon12    1.0638065 1.0159398 1.0638006 1.0694594 1.5323531 1.3947886 1.2455231 1.1205302 1.0947946 0.8925886 1.1439345 1.1523943 0.0000000 0.6293281 1.4120729 1.3264854 1.5410752 1.4766080 1.1852413 1.2863611 
taxon13    1.1379657 1.1054058 1.1218270 1.0696965 1.4636310 1.4194862 1.2159465 1.0187264 0.9145857 0.9345467 1.2078526 1.1791560 0.6293281 0.0000000 1.4372784 1.1787060 1.4446891 1.3026887 1.1035230 1.1928198 
taxon14    1.2996097 1.0491922 1.2358228 1.1402797 1.6486791 1.3987426 1.4113177 1.5398821 1.6077119 1.2681176 1.4965003 1.6374086 1.4120729 1.4372784 0.0000000 0.6320652 0.9980229 0.7679128 0.7465871 0.8821154 
taxon15    1.0902102 0.9540849 1.0374840 0.9530586 1.3415989 1.0874837 1.2205303 1.2724036 1.4487559 1.1326724 1.3960696 1.4047017 1.3264854 1.1787060 0.6320652 0.0000000 0.5303717 0.4540496 0.6326286 0.8102186 
taxon16    1.4110682 1.2546070 1.3314003 1.2235527 1.6298681 1.4307584 1.5496058 1.6656156 1.8424365 1.3861483 1.6852675 1.6917815 1.5410752 1.4446891 0.9980229 0.5303717 0.0000000 0.6341270 0.9549724 1.0532575 
taxon17    1.2393188 1.2182827 1.2495759 1.2287014 1.4580020 1.3346344 1.4519940 1.3989732 1.7187395 1.4710555 1.7322382 1.7497293 1.4766080 1.3026887 0.7679128 0.4540496 0.6341270 0.0000000 0.8514721 0.9535526 
taxon18    0.8595751 0.8022897 0.7907814 0.7219369 1.2985597 1.1281746 1.1150436 1.0449738 1.1620753 0.9031255 1.2525024 1.1110010 1.1852413 1.1035230 0.7465871 0.6326286 0.9549724 0.8514721 0.0000000 0.3575446 
taxon19    0.9990679 0.8917647 0.8906029 0.8558910 1.4136806 1.1179546 1.1737346 1.2176512 1.4563928 1.0733214 1.3419848 1.2180860 1.2863611 1.1928198 0.8821154 0.8102186 1.0532575 0.9535526 0.3575446 0.0000000 
