20
taxon0     0.0000000 0.1158534 0.1380473 0.1519915 0.1498146 0.1760077 0.2022555 0.2191402 0.2039551 0.1856722 0.1970039 0.1322130 0.2587889 0.2756395 0.2759946 0.2489957 0.2432432 0.2429111 0.2438589 0.2353949 
taxon1     0.1158534 0.0000000 0.0569670 0.0680708 0.0871119 0.1087363 0.1485951 0.1548864 0.2273648 0.1794570 0.2110446 0.1450103 0.2638068 0.2625575 0.2552228 0.2496931 0.2438221 0.2319624 0.2229733 0.2373169 
taxon2     0.1380473 0.0569670 0.0000000 0.0677118 0.0924424 0.1030805 0.1423800 0.1497492 0.2291258 0.1859627 0.2062292 0.1505456 0.2680460 0.2714923 0.2577556 0.2548677 0.2559669 0.2279210 0.2291996 0.2357078 
taxon3     0.1519915 0.0680708 0.0677118 0.0000000 0.0758166 0.1026595 0.1357852 0.1476138 0.2553421 0.2099408 0.2287013 0.1877428 0.2599224 0.2498091 0.2443779 0.2440548 0.2337720 0.2303733 0.2327960 0.2376987 
taxon4     0.1498146 0.0871119 0.0924424 0.0758166 0.0000000 0.0807511 0.1248627 0.1253769 0.2458860 0.2134151 0.2394914 0.2050064 0.2866588 0.2852367 0.2772072 0.2851541 0.2715522 0.2498164 0.2513694 0.2530629 
taxon5     0.1760077 0.1087363 0.1030805 0.1026595 0.0807511 0.0000000 0.0705411 0.0598099 0.2810977 0.2442350 0.2532711 0.2138615 0.2878342 0.2833508 0.2786886 0.2599249 0.2551328 0.2492674 0.2470876 0.2472905 
taxon6     0.2022555 0.1485951 0.1423800 0.1357852 0.1248627 0.0705411 0.0000000 0.0413739 0.2866242 0.2613739 0.2676611 0.2095094 0.3206478 0.3180076 0.3134136 0.2892554 0.2839179 0.2586162 0.2649559 0.2773011 
taxon7     0.2191402 0.1548864 0.1497492 0.1476138 0.1253769 0.0598099 0.0413739 0.0000000 0.3004565 0.2628138 0.2647394 0.2314546 0.3321829 0.3263637 0.3218111 0.2960520 0.2906271 0.2814951 0.2852066 0.2862091 
taxon8     0.2039551 0.2273648 0.2291258 0.2553421 0.2458860 0.2810977 0.2866242 0.3004565 0.0000000 0.1212707 0.1296085 0.1326522 0.2586294 0.2927897 0.2943584 0.2726513 0.2747743 0.2264463 0.2243696 0.2336986 
taxon9     0.1856722 0.1794570 0.1859627 0.2099408 0.2134151 0.2442350 0.2613739 0.2628138 0.1212707 0.0000000 0.1023932 0.1310602 0.2629517 0.2782345 0.2845604 0.2527244 0.2512260 0.2268506 0.2251992 0.2280265 
taxon10    0.1970039 0.2110446 0.2062292 0.2287013 0.2394914 0.2532711 0.2676611 0.2647394 0.1296085 0.1023932 0.0000000 0.1310154 0.2421486 0.2645809 0.2654880 0.2527088 0.2601145 0.2387029 0.2210472 0.2109859 
taxon11    0.1322130 0.1450103 0.1505456 0.1877428 0.2050064 0.2138615 0.2095094 0.2314546 0.1326522 0.1310602 0.1310154 0.0000000 0.2182733 0.2580616 0.2524025 0.2263073 0.2443338 0.1940832 0.1814890 0.1958774 
taxon12    0.2587889 0.2638068 0.2680460 0.2599224 0.2866588 0.2878342 0.3206478 0.3321829 0.2586294 0.2629517 0.2421486 0.2182733 0.0000000 0.1025502 0.0862363 0.1791216 0.1820864 0.1745170 0.1611242 0.1709758 
taxon13    0.2756395 0.2625575 0.2714923 0.2498091 0.2852367 0.2833508 0.3180076 0.3263637 0.2927897 0.2782345 0.2645809 0.2580616 0.1025502 0.0000000 0.0456147 0.1859429 0.1825804 0.2036474 0.2041336 0.2024307 
taxon14    0.2759946 0.2552228 0.2577556 0.2443779 0.2772072 0.2786886 0.3134136 0.3218111 0.2943584 0.2845604 0.2654880 0.2524025 0.0862363 0.0456147 0.0000000 0.1804673 0.1909697 0.1969589 0.1732408 0.1927241 
taxon15    0.2489957 0.2496931 0.2548677 0.2440548 0.2851541 0.2599249 0.2892554 0.2960520 0.2726513 0.2527244 0.2527088 0.2263073 0.1791216 0.1859429 0.1804673 0.0000000 0.0513405 0.1538613 0.1684668 0.1435564 
taxon16    0.2432432 0.2438221 0.2559669 0.2337720 0.2715522 0.2551328 0.2839179 0.2906271 0.2747743 0.2512260 0.2601145 0.2443338 0.1820864 0.1825804 0.1909697 0.0513405 0.0000000 0.1713010 0.1979489 0.1781097 
taxon17    0.2429111 0.2319624 0.2279210 0.2303733 0.2498164 0.2492674 0.2586162 0.2814951 0.2264463 0.2268506 0.2387029 0.1940832 0.1745170 0.2036474 0.1969589 0.1538613 0.1713010 0.0000000 0.0946840 0.0952686 
taxon18    0.2438589 0.2229733 0.2291996 0.2327960 0.2513694 0.2470876 0.2649559 0.2852066 0.2243696 0.2251992 0.2210472 0.1814890 0.1611242 0.2041336 0.1732408 0.1684668 0.1979489 0.0946840 0.0000000 0.0675813 
taxon19    0.2353949 0.2373169 0.2357078 0.2376987 0.2530629 0.2472905 0.2773011 0.2862091 0.2336986 0.2280265 0.2109859 0.1958774 0.1709758 0.2024307 0.1927241 0.1435564 0.1781097 0.0952686 0.0675813 0.0000000 
