20
taxon0     0.0000000 0.0287741 0.0240524 0.0384475 0.0336546 0.0342345 0.0339688 0.0290417 0.2339974 0.2323021 0.2342743 0.2407928 0.2515262 0.2449551 0.2596560 0.2462774 0.2450695 0.2460119 0.2420873 0.2373368 
taxon1     0.0287741 0.0000000 0.0240751 0.0191196 0.0239739 0.0443118 0.0438003 0.0388338 0.2596791 0.2453516 0.2599802 0.2541863 0.2777035 0.2577206 0.2730616 0.2463381 0.2711273 0.2594133 0.2552612 0.2505116 
taxon2     0.0240524 0.0240751 0.0000000 0.0239547 0.0191723 0.0393322 0.0488927 0.0438917 0.2532943 0.2514793 0.2535891 0.2478139 0.2646553 0.2511244 0.2792782 0.2524698 0.2644180 0.2530364 0.2627432 0.2579862 
taxon3     0.0384475 0.0191196 0.0239547 0.0000000 0.0238545 0.0440859 0.0535913 0.0485942 0.2581633 0.2439288 0.2584616 0.2526998 0.2626613 0.2562272 0.2714641 0.2449090 0.2695475 0.2579007 0.2675589 0.2628229 
taxon4     0.0336546 0.0239739 0.0191723 0.0238545 0.0000000 0.0491386 0.0586486 0.0536227 0.2524233 0.2506168 0.2527169 0.2469534 0.2829690 0.2629704 0.2720850 0.2516049 0.2763948 0.2521669 0.2618596 0.2571098 
taxon5     0.0342345 0.0443118 0.0393322 0.0440859 0.0491386 0.0000000 0.0292395 0.0243042 0.2301889 0.2243840 0.2304592 0.2247877 0.2352555 0.2288432 0.2590262 0.2456735 0.2444689 0.2299601 0.2477867 0.2348978 
taxon6     0.0339688 0.0438003 0.0488927 0.0535913 0.0586486 0.0292395 0.0000000 0.0047792 0.2523333 0.2381499 0.2401038 0.2592298 0.2436444 0.2371496 0.2656084 0.2521770 0.2509547 0.2518562 0.2615452 0.2567974 
taxon7     0.0290417 0.0388338 0.0438917 0.0485942 0.0536227 0.0243042 0.0047792 0.0000000 0.2457958 0.2317116 0.2336176 0.2526476 0.2508934 0.2443374 0.2590025 0.2456548 0.2444507 0.2453317 0.2550329 0.2502824 
taxon8     0.2339974 0.2596791 0.2532943 0.2581633 0.2524233 0.2301889 0.2523333 0.2457958 0.0000000 0.0144185 0.0143868 0.0144399 0.0489417 0.0439344 0.0439588 0.0440449 0.0390463 0.0192100 0.0436463 0.0337788 
taxon9     0.2323021 0.2453516 0.2514793 0.2439288 0.2506168 0.2243840 0.2381499 0.2317116 0.0144185 0.0000000 0.0192250 0.0192960 0.0440270 0.0390347 0.0338462 0.0339117 0.0289896 0.0240661 0.0386457 0.0386921 
taxon10    0.2342743 0.2599802 0.2535891 0.2584616 0.2527169 0.2304592 0.2401038 0.2336176 0.0143868 0.0192250 0.0000000 0.0192533 0.0538381 0.0488177 0.0439677 0.0440539 0.0439266 0.0143636 0.0386766 0.0288643 
taxon11    0.2407928 0.2541863 0.2478139 0.2526998 0.2469534 0.2247877 0.2592298 0.2526476 0.0144399 0.0192960 0.0192533 0.0000000 0.0490506 0.0440321 0.0440566 0.0441431 0.0391333 0.0096048 0.0339438 0.0241262 
taxon12    0.2515262 0.2777035 0.2646553 0.2626613 0.2829690 0.2352555 0.2436444 0.2508934 0.0489417 0.0440270 0.0538381 0.0490506 0.0000000 0.0143628 0.0644136 0.0541967 0.0493284 0.0488443 0.0636509 0.0535859 
taxon13    0.2449551 0.2577206 0.2511244 0.2562272 0.2629704 0.2288432 0.2371496 0.2443374 0.0439344 0.0390347 0.0488177 0.0440321 0.0143628 0.0000000 0.0593052 0.0391240 0.0442825 0.0438472 0.0586026 0.0485898 
taxon14    0.2596560 0.2730616 0.2792782 0.2714641 0.2720850 0.2590262 0.2656084 0.2590025 0.0439588 0.0338462 0.0439677 0.0440566 0.0644136 0.0593052 0.0000000 0.0192155 0.0143975 0.0438715 0.0633855 0.0587776 
taxon15    0.2462774 0.2463381 0.2524698 0.2449090 0.2516049 0.2456735 0.2521770 0.2456548 0.0440449 0.0339117 0.0440539 0.0441431 0.0541967 0.0391240 0.0192155 0.0000000 0.0240988 0.0439573 0.0533332 0.0487096 
taxon16    0.2450695 0.2711273 0.2644180 0.2695475 0.2763948 0.2444689 0.2509547 0.2444507 0.0390463 0.0289896 0.0439266 0.0391333 0.0493284 0.0442825 0.0143975 0.0240988 0.0000000 0.0389689 0.0584644 0.0538397 
taxon17    0.2460119 0.2594133 0.2530364 0.2579007 0.2521669 0.2299601 0.2518562 0.2453317 0.0192100 0.0240661 0.0143636 0.0096048 0.0488443 0.0438472 0.0438715 0.0439573 0.0389689 0.0000000 0.0240695 0.0143712 
taxon18    0.2420873 0.2552612 0.2627432 0.2675589 0.2618596 0.2477867 0.2615452 0.2550329 0.0436463 0.0386457 0.0386766 0.0339438 0.0636509 0.0586026 0.0633855 0.0533332 0.0584644 0.0240695 0.0000000 0.0095088 
taxon19    0.2373368 0.2505116 0.2579862 0.2628229 0.2571098 0.2348978 0.2567974 0.2502824 0.0337788 0.0386921 0.0288643 0.0241262 0.0535859 0.0485898 0.0587776 0.0487096 0.0538397 0.0143712 0.0095088 0.0000000 
