20
taxon0     0.0000000 0.1052264 0.1668156 0.1371431 0.1631984 0.1191266 0.1499804 0.1960667 0.1447666 0.1572525 0.1637333 0.2083984 0.2486990 0.2128415 0.2462436 0.2476961 0.2832583 0.2206884 0.2182009 0.1951599 
taxon1     0.1052264 0.0000000 0.1120161 0.0944868 0.1186124 0.1563860 0.1890758 0.2358161 0.1894051 0.2130263 0.2270301 0.2551067 0.2807659 0.2534519 0.2990181 0.2915729 0.3394276 0.2744129 0.2817364 0.2563467 
taxon2     0.1668156 0.1120161 0.0000000 0.0603964 0.0736520 0.1991381 0.2096780 0.2056423 0.1886464 0.2598442 0.2593858 0.2775668 0.3250669 0.2639009 0.3166783 0.3007065 0.3215593 0.3231157 0.3106371 0.3021427 
taxon3     0.1371431 0.0944868 0.0603964 0.0000000 0.0504538 0.1785479 0.2001563 0.2165811 0.1934420 0.2370735 0.2312743 0.2709691 0.3045404 0.2587471 0.3042777 0.2884610 0.3254739 0.2902846 0.2938932 0.2775495 
taxon4     0.1631984 0.1186124 0.0736520 0.0504538 0.0000000 0.2119963 0.2218499 0.2497847 0.2127342 0.2653113 0.2667829 0.3110481 0.3388822 0.2924147 0.3226680 0.3064637 0.3605275 0.3306968 0.3245706 0.3243797 
taxon5     0.1191266 0.1563860 0.1991381 0.1785479 0.2119963 0.0000000 0.0295178 0.1268555 0.0817509 0.1577141 0.1915018 0.2353045 0.2469271 0.2174682 0.2524023 0.2468655 0.3066985 0.2477294 0.2394616 0.2161979 
taxon6     0.1499804 0.1890758 0.2096780 0.2001563 0.2218499 0.0295178 0.0000000 0.1331478 0.1080773 0.1955857 0.2197479 0.2589660 0.2781980 0.2476966 0.2853086 0.2763770 0.3269209 0.2858366 0.2714301 0.2468297 
taxon7     0.1960667 0.2358161 0.2056423 0.2165811 0.2497847 0.1268555 0.1331478 0.0000000 0.0945357 0.2457421 0.2731965 0.2981920 0.3212591 0.2831416 0.3397261 0.3224084 0.3233260 0.3424490 0.3228501 0.3039188 
taxon8     0.1447666 0.1894051 0.1886464 0.1934420 0.2127342 0.0817509 0.1080773 0.0945357 0.0000000 0.1925577 0.2114712 0.2329504 0.2632660 0.1988231 0.2424308 0.2281619 0.3044098 0.2628580 0.2656476 0.2414522 
taxon9     0.1572525 0.2130263 0.2598442 0.2370735 0.2653113 0.1577141 0.1955857 0.2457421 0.1925577 0.0000000 0.1031773 0.2288576 0.2554712 0.2107937 0.2518749 0.2518071 0.2825634 0.2401999 0.2301778 0.2166836 
taxon10    0.1637333 0.2270301 0.2593858 0.2312743 0.2667829 0.1915018 0.2197479 0.2731965 0.2114712 0.1031773 0.0000000 0.2470491 0.2778943 0.2248983 0.2720619 0.2697057 0.2604030 0.2239267 0.2590072 0.2392997 
taxon11    0.2083984 0.2551067 0.2775668 0.2709691 0.3110481 0.2353045 0.2589660 0.2981920 0.2329504 0.2288576 0.2470491 0.0000000 0.0821097 0.0942461 0.1303749 0.1342053 0.1880591 0.1722057 0.1452774 0.1280190 
taxon12    0.2486990 0.2807659 0.3250669 0.3045404 0.3388822 0.2469271 0.2781980 0.3212591 0.2632660 0.2554712 0.2778943 0.0821097 0.0000000 0.1214996 0.1527175 0.1574084 0.2218438 0.1965474 0.1739624 0.1633134 
taxon13    0.2128415 0.2534519 0.2639009 0.2587471 0.2924147 0.2174682 0.2476966 0.2831416 0.1988231 0.2107937 0.2248983 0.0942461 0.1214996 0.0000000 0.0759567 0.0636410 0.1849573 0.1711408 0.1529633 0.1359191 
taxon14    0.2462436 0.2990181 0.3166783 0.3042777 0.3226680 0.2524023 0.2853086 0.3397261 0.2424308 0.2518749 0.2720619 0.1303749 0.1527175 0.0759567 0.0000000 0.0361617 0.2124839 0.1931692 0.1683633 0.1586379 
taxon15    0.2476961 0.2915729 0.3007065 0.2884610 0.3064637 0.2468655 0.2763770 0.3224084 0.2281619 0.2518071 0.2697057 0.1342053 0.1574084 0.0636410 0.0361617 0.0000000 0.1918158 0.1898637 0.1810466 0.1761454 
taxon16    0.2832583 0.3394276 0.3215593 0.3254739 0.3605275 0.3066985 0.3269209 0.3233260 0.3044098 0.2825634 0.2604030 0.1880591 0.2218438 0.1849573 0.2124839 0.1918158 0.0000000 0.1043424 0.1634705 0.1636636 
taxon17    0.2206884 0.2744129 0.3231157 0.2902846 0.3306968 0.2477294 0.2858366 0.3424490 0.2628580 0.2401999 0.2239267 0.1722057 0.1965474 0.1711408 0.1931692 0.1898637 0.1043424 0.0000000 0.1071441 0.0878451 
taxon18    0.2182009 0.2817364 0.3106371 0.2938932 0.3245706 0.2394616 0.2714301 0.3228501 0.2656476 0.2301778 0.2590072 0.1452774 0.1739624 0.1529633 0.1683633 0.1810466 0.1634705 0.1071441 0.0000000 0.0310380 
taxon19    0.1951599 0.2563467 0.3021427 0.2775495 0.3243797 0.2161979 0.2468297 0.3039188 0.2414522 0.2166836 0.2392997 0.1280190 0.1633134 0.1359191 0.1586379 0.1761454 0.1636636 0.0878451 0.0310380 0.0000000 
