20
taxon0     0.0000000 0.1091500 0.2174547 0.2575544 0.2187090 0.2836378 0.2750121 0.2837567 0.2857528 0.2521986 0.2653851 0.3110371 0.2918493 0.3854825 0.4265789 0.4796648 0.4802127 0.4849584 0.3808429 0.3604561 
taxon1     0.1091500 0.0000000 0.2401700 0.2699942 0.2331169 0.3064946 0.2827627 0.3039921 0.2925553 0.2706006 0.2804274 0.3496443 0.3286004 0.4077806 0.4362117 0.4768300 0.4992535 0.5093320 0.3936529 0.3972327 
taxon2     0.2174547 0.2401700 0.0000000 0.1527968 0.1022138 0.2168047 0.2003286 0.2071725 0.2031491 0.1736026 0.3147009 0.3358744 0.3032947 0.3783342 0.4076699 0.4531307 0.4591778 0.4603051 0.3864723 0.3474690 
taxon3     0.2575544 0.2699942 0.1527968 0.0000000 0.0967738 0.2428282 0.2318931 0.2455293 0.2432745 0.2117197 0.3069871 0.3272319 0.3049212 0.3942665 0.4242062 0.4570840 0.4470441 0.4683742 0.3924053 0.3796144 
taxon4     0.2187090 0.2331169 0.1022138 0.0967738 0.0000000 0.1772966 0.1637445 0.1767030 0.1743021 0.1369172 0.2798330 0.3133444 0.2909532 0.3464407 0.3794518 0.4303222 0.4540914 0.4569989 0.3398222 0.3292638 
taxon5     0.2836378 0.3064946 0.2168047 0.2428282 0.1772966 0.0000000 0.0549823 0.1606145 0.1702883 0.1144339 0.3445109 0.3646204 0.3496252 0.4026132 0.4180286 0.4541627 0.4841497 0.4913283 0.3613958 0.3661809 
taxon6     0.2750121 0.2827627 0.2003286 0.2318931 0.1637445 0.0549823 0.0000000 0.1596853 0.1636286 0.1031022 0.3466891 0.3669313 0.3438797 0.3946449 0.4090923 0.4600357 0.4877414 0.4948552 0.3628451 0.3676556 
taxon7     0.2837567 0.3039921 0.2071725 0.2455293 0.1767030 0.1606145 0.1596853 0.0000000 0.0298231 0.0800776 0.3500945 0.3899400 0.3654178 0.4423063 0.4699454 0.5098552 0.5284654 0.5484751 0.4455730 0.4237494 
taxon8     0.2857528 0.2925553 0.2031491 0.2432745 0.1743021 0.1702883 0.1636286 0.0298231 0.0000000 0.0791229 0.3325576 0.3866897 0.3622694 0.4240587 0.4743227 0.4963465 0.5312074 0.5517714 0.4259981 0.4197458 
taxon9     0.2521986 0.2706006 0.1736026 0.2117197 0.1369172 0.1144339 0.1031022 0.0800776 0.0791229 0.0000000 0.2934205 0.3486044 0.3205277 0.3626144 0.4101295 0.4545710 0.4673677 0.4940228 0.3728949 0.3611179 
taxon10    0.2653851 0.2804274 0.3147009 0.3069871 0.2798330 0.3445109 0.3466891 0.3500945 0.3325576 0.2934205 0.0000000 0.2036646 0.1810573 0.3016805 0.3429512 0.3738396 0.3859915 0.3909207 0.2813758 0.2907343 
taxon11    0.3110371 0.3496443 0.3358744 0.3272319 0.3133444 0.3646204 0.3669313 0.3899400 0.3866897 0.3486044 0.2036646 0.0000000 0.0709079 0.4116819 0.4344653 0.4751754 0.4830270 0.4825582 0.3740560 0.3665025 
taxon12    0.2918493 0.3286004 0.3032947 0.3049212 0.2909532 0.3496252 0.3438797 0.3654178 0.3622694 0.3205277 0.1810573 0.0709079 0.0000000 0.3864208 0.3945055 0.4364435 0.4441251 0.4477460 0.3453842 0.3407001 
taxon13    0.3854825 0.4077806 0.3783342 0.3942665 0.3464407 0.4026132 0.3946449 0.4423063 0.4240587 0.3626144 0.3016805 0.4116819 0.3864208 0.0000000 0.1278619 0.1744649 0.1974808 0.2077804 0.2132586 0.2512473 
taxon14    0.4265789 0.4362117 0.4076699 0.4242062 0.3794518 0.4180286 0.4090923 0.4699454 0.4743227 0.4101295 0.3429512 0.4344653 0.3945055 0.1278619 0.0000000 0.0881062 0.1210634 0.1404437 0.2521310 0.2826290 
taxon15    0.4796648 0.4768300 0.4531307 0.4570840 0.4303222 0.4541627 0.4600357 0.5098552 0.4963465 0.4545710 0.3738396 0.4751754 0.4364435 0.1744649 0.0881062 0.0000000 0.0660637 0.0896827 0.2937608 0.3400742 
taxon16    0.4802127 0.4992535 0.4591778 0.4470441 0.4540914 0.4841497 0.4877414 0.5284654 0.5312074 0.4673677 0.3859915 0.4830270 0.4441251 0.1974808 0.1210634 0.0660637 0.0000000 0.0779626 0.3251733 0.3654717 
taxon17    0.4849584 0.5093320 0.4603051 0.4683742 0.4569989 0.4913283 0.4948552 0.5484751 0.5517714 0.4940228 0.3909207 0.4825582 0.4477460 0.2077804 0.1404437 0.0896827 0.0779626 0.0000000 0.3406565 0.3633379 
taxon18    0.3808429 0.3936529 0.3864723 0.3924053 0.3398222 0.3613958 0.3628451 0.4455730 0.4259981 0.3728949 0.2813758 0.3740560 0.3453842 0.2132586 0.2521310 0.2937608 0.3251733 0.3406565 0.0000000 0.1322809 
taxon19    0.3604561 0.3972327 0.3474690 0.3796144 0.3292638 0.3661809 0.3676556 0.4237494 0.4197458 0.3611179 0.2907343 0.3665025 0.3407001 0.2512473 0.2826290 0.3400742 0.3654717 0.3633379 0.1322809 0.0000000 
