20
taxon0     0.0000000 0.0196255 0.0196955 0.0548706 0.0344412 0.0493166 0.0754398 0.0247734 0.0247109 0.0347540 0.0197234 0.0347888 0.0395717 0.0344789 0.0445299 0.2451843 0.2265812 0.2405361 0.2492000 0.2639218 
taxon1     0.0196255 0.0000000 0.0296350 0.0542786 0.0344565 0.0393013 0.0651188 0.0195508 0.0195020 0.0245258 0.0145922 0.0294199 0.0397937 0.0245349 0.0549662 0.2369794 0.2185680 0.2323649 0.2359695 0.2506794 
taxon2     0.0196955 0.0296350 0.0000000 0.0550019 0.0243685 0.0390798 0.0647543 0.0453089 0.0451934 0.0505105 0.0400779 0.0502135 0.0449067 0.0345684 0.0500559 0.2437157 0.2252249 0.2390932 0.2630648 0.2493779 
taxon3     0.0548706 0.0542786 0.0550019 0.0000000 0.0495978 0.0544929 0.0808272 0.0704010 0.0702231 0.0756669 0.0650498 0.0649154 0.0807300 0.0699007 0.0757455 0.3061316 0.2866705 0.3013531 0.2954654 0.2973164 
taxon4     0.0344412 0.0344565 0.0243685 0.0495978 0.0000000 0.0241672 0.0492777 0.0501670 0.0500398 0.0553646 0.0449301 0.0448376 0.0599217 0.0494192 0.0651225 0.2487755 0.2303143 0.2441687 0.2551501 0.2545853 
taxon5     0.0493166 0.0393013 0.0390798 0.0544929 0.0241672 0.0000000 0.0243219 0.0597862 0.0596359 0.0649782 0.0545345 0.0544228 0.0647888 0.0542555 0.0803460 0.2592020 0.2407393 0.2546108 0.2734598 0.2726056 
taxon6     0.0754398 0.0651188 0.0647543 0.0808272 0.0492777 0.0243219 0.0000000 0.0863799 0.0755838 0.0868743 0.0808922 0.0699168 0.0700299 0.0646098 0.0914884 0.2811645 0.2622959 0.2765030 0.2803665 0.2794045 
taxon7     0.0247734 0.0195508 0.0453089 0.0704010 0.0501670 0.0597862 0.0863799 0.0000000 0.0097144 0.0195201 0.0048459 0.0195393 0.0499745 0.0447857 0.0499727 0.2516954 0.2329958 0.2470336 0.2641215 0.2789176 
taxon8     0.0247109 0.0195020 0.0451934 0.0702231 0.0500398 0.0596359 0.0755838 0.0097144 0.0000000 0.0146426 0.0048339 0.0194906 0.0396537 0.0446727 0.0555007 0.2372161 0.2187923 0.2325990 0.2495291 0.2642504 
taxon9     0.0347540 0.0245258 0.0505105 0.0756669 0.0553646 0.0649782 0.0868743 0.0195201 0.0146426 0.0000000 0.0145694 0.0293733 0.0552400 0.0499295 0.0604783 0.2529358 0.2341781 0.2482619 0.2653918 0.2802156 
taxon10    0.0197234 0.0145922 0.0400779 0.0650498 0.0449301 0.0545345 0.0808922 0.0048459 0.0048339 0.0145694 0.0000000 0.0145837 0.0447554 0.0396142 0.0552188 0.2442182 0.2256713 0.2395823 0.2565800 0.2713302 
taxon11    0.0347888 0.0294199 0.0502135 0.0649154 0.0448376 0.0544228 0.0699168 0.0195393 0.0194906 0.0293733 0.0145837 0.0000000 0.0444299 0.0444758 0.0550828 0.2647712 0.2459121 0.2600896 0.2620526 0.2767546 
taxon12    0.0395717 0.0397937 0.0449067 0.0807300 0.0599217 0.0647888 0.0700299 0.0499745 0.0396537 0.0552400 0.0447554 0.0444299 0.0000000 0.0244658 0.0344499 0.2647225 0.2458649 0.2600412 0.2349451 0.2367132 
taxon13    0.0344789 0.0245349 0.0345684 0.0699007 0.0494192 0.0542555 0.0646098 0.0447857 0.0446727 0.0499295 0.0396142 0.0444758 0.0244658 0.0000000 0.0393235 0.2562749 0.2376376 0.2516358 0.2269188 0.2287479 
taxon14    0.0445299 0.0549662 0.0500559 0.0757455 0.0651225 0.0803460 0.0914884 0.0499727 0.0555007 0.0604783 0.0552188 0.0550828 0.0344499 0.0393235 0.0000000 0.2746748 0.2689306 0.2835095 0.2626013 0.2515445 
taxon15    0.2451843 0.2369794 0.2437157 0.3061316 0.2487755 0.2592020 0.2811645 0.2516954 0.2372161 0.2529358 0.2442182 0.2647712 0.2647225 0.2562749 0.2746748 0.0000000 0.0252434 0.0458186 0.0846242 0.0926342 
taxon16    0.2265812 0.2185680 0.2252249 0.2866705 0.2303143 0.2407393 0.2622959 0.2329958 0.2187923 0.2341781 0.2256713 0.2459121 0.2458649 0.2376376 0.2689306 0.0252434 0.0000000 0.0245309 0.0560531 0.0775348 
taxon17    0.2405361 0.2323649 0.2390932 0.3013531 0.2441687 0.2546108 0.2765030 0.2470336 0.2325990 0.2482619 0.2395823 0.2600896 0.2600412 0.2516358 0.2835095 0.0458186 0.0245309 0.0000000 0.0665518 0.0721251 
taxon18    0.2492000 0.2359695 0.2630648 0.2954654 0.2551501 0.2734598 0.2803665 0.2641215 0.2495291 0.2653918 0.2565800 0.2620526 0.2349451 0.2269188 0.2626013 0.0846242 0.0560531 0.0665518 0.0000000 0.0557061 
taxon19    0.2639218 0.2506794 0.2493779 0.2973164 0.2545853 0.2726056 0.2794045 0.2789176 0.2642504 0.2802156 0.2713302 0.2767546 0.2367132 0.2287479 0.2515445 0.0926342 0.0775348 0.0721251 0.0557061 0.0000000 
