20
taxon0     0.0000000 0.2861313 0.3064665 0.3929887 0.3528446 0.3689845 0.5124788 0.6418042 0.5966833 0.5608258 0.5183230 0.6160265 0.6140785 0.4827990 0.5294533 0.5155108 0.5520444 0.5583951 0.5239385 0.5184142 
taxon1     0.2861313 0.0000000 0.3768164 0.4377793 0.4024795 0.3861900 0.5555047 0.5995137 0.5515781 0.5705359 0.5461717 0.5786839 0.6068360 0.5359150 0.5467267 0.4981722 0.5371380 0.5758084 0.4939615 0.5019397 
taxon2     0.3064665 0.3768164 0.0000000 0.1630364 0.2456848 0.2326009 0.4650359 0.5599062 0.5797070 0.5732281 0.5712167 0.5646689 0.5836188 0.5629749 0.5278321 0.5117398 0.5006795 0.5267395 0.4997841 0.5438221 
taxon3     0.3929887 0.4377793 0.1630364 0.0000000 0.2767906 0.3001761 0.5211577 0.5907214 0.5902052 0.6045732 0.6314094 0.6396678 0.6000571 0.5893814 0.6145028 0.5884957 0.5677429 0.5890382 0.5239913 0.6102685 
taxon4     0.3528446 0.4024795 0.2456848 0.2767906 0.0000000 0.2046688 0.5084316 0.5159979 0.5196412 0.5343170 0.5487267 0.5584963 0.5962141 0.5416118 0.5412536 0.5375224 0.5074638 0.5341651 0.5082834 0.5588690 
taxon5     0.3689845 0.3861900 0.2326009 0.3001761 0.2046688 0.0000000 0.5456849 0.5405624 0.5867800 0.5465281 0.5809660 0.5568872 0.6549534 0.5907204 0.5434523 0.5698482 0.5380433 0.5930285 0.5822101 0.5817782 
taxon6     0.5124788 0.5555047 0.4650359 0.5211577 0.5084316 0.5456849 0.0000000 0.3912154 0.4077244 0.3664077 0.3845567 0.4168023 0.4853456 0.2784295 0.4274867 0.3118917 0.4265127 0.4361741 0.4297911 0.3442668 
taxon7     0.6418042 0.5995137 0.5599062 0.5907214 0.5159979 0.5405624 0.3912154 0.0000000 0.2244981 0.1443435 0.2159073 0.2924581 0.4270135 0.3986380 0.4724173 0.4143835 0.4538672 0.4957549 0.4062678 0.3970271 
taxon8     0.5966833 0.5515781 0.5797070 0.5902052 0.5196412 0.5867800 0.4077244 0.2244981 0.0000000 0.2149436 0.2545586 0.3396709 0.4008388 0.3444198 0.4344921 0.4058525 0.4421947 0.4432956 0.4345506 0.3932031 
taxon9     0.5608258 0.5705359 0.5732281 0.6045732 0.5343170 0.5465281 0.3664077 0.1443435 0.2149436 0.0000000 0.1415983 0.2965982 0.3740325 0.3783357 0.4594445 0.4163216 0.4714690 0.4952191 0.4241095 0.4060195 
taxon10    0.5183230 0.5461717 0.5712167 0.6314094 0.5487267 0.5809660 0.3845567 0.2159073 0.2545586 0.1415983 0.0000000 0.2106582 0.3198405 0.3535370 0.4098194 0.4045447 0.4315289 0.4303210 0.3621429 0.4074410 
taxon11    0.6160265 0.5786839 0.5646689 0.6396678 0.5584963 0.5568872 0.4168023 0.2924581 0.3396709 0.2965982 0.2106582 0.0000000 0.2671632 0.4228868 0.4558889 0.4382533 0.5080811 0.4954191 0.4359492 0.4192277 
taxon12    0.6140785 0.6068360 0.5836188 0.6000571 0.5962141 0.6549534 0.4853456 0.4270135 0.4008388 0.3740325 0.3198405 0.2671632 0.0000000 0.4910387 0.4938771 0.4923164 0.4819765 0.4692469 0.4766590 0.5044100 
taxon13    0.4827990 0.5359150 0.5629749 0.5893814 0.5416118 0.5907204 0.2784295 0.3986380 0.3444198 0.3783357 0.3535370 0.4228868 0.4910387 0.0000000 0.2607903 0.2064398 0.3844142 0.3675204 0.3531708 0.2861483 
taxon14    0.5294533 0.5467267 0.5278321 0.6145028 0.5412536 0.5434523 0.4274867 0.4724173 0.4344921 0.4594445 0.4098194 0.4558889 0.4938771 0.2607903 0.0000000 0.3132578 0.3864066 0.4204343 0.4380325 0.4002981 
taxon15    0.5155108 0.4981722 0.5117398 0.5884957 0.5375224 0.5698482 0.3118917 0.4143835 0.4058525 0.4163216 0.4045447 0.4382533 0.4923164 0.2064398 0.3132578 0.0000000 0.3924962 0.4279075 0.4439239 0.3575365 
taxon16    0.5520444 0.5371380 0.5006795 0.5677429 0.5074638 0.5380433 0.4265127 0.4538672 0.4421947 0.4714690 0.4315289 0.5080811 0.4819765 0.3844142 0.3864066 0.3924962 0.0000000 0.1721634 0.2050111 0.2780381 
taxon17    0.5583951 0.5758084 0.5267395 0.5890382 0.5341651 0.5930285 0.4361741 0.4957549 0.4432956 0.4952191 0.4303210 0.4954191 0.4692469 0.3675204 0.4204343 0.4279075 0.1721634 0.0000000 0.1914959 0.3438022 
taxon18    0.5239385 0.4939615 0.4997841 0.5239913 0.5082834 0.5822101 0.4297911 0.4062678 0.4345506 0.4241095 0.3621429 0.4359492 0.4766590 0.3531708 0.4380325 0.4439239 0.2050111 0.1914959 0.0000000 0.2678216 
taxon19    0.5184142 0.5019397 0.5438221 0.6102685 0.5588690 0.5817782 0.3442668 0.3970271 0.3932031 0.4060195 0.4074410 0.4192277 0.5044100 0.2861483 0.4002981 0.3575365 0.2780381 0.3438022 0.2678216 0.0000000 
