20
taxon0     0.0000000 0.0251280 0.0505754 0.0610630 0.1236082 0.1187826 0.1244288 0.1254624 0.1262121 0.1262121 0.1420686 0.1564361 0.1366027 0.1352003 0.2988966 0.3026466 0.2727167 0.2765178 0.2596564 0.2659859 
taxon1     0.0251280 0.0000000 0.0400150 0.0395244 0.0988986 0.0941446 0.1058540 0.1067207 0.1122964 0.1122964 0.1278400 0.1481258 0.1224856 0.1281351 0.2656792 0.2786473 0.2574746 0.2677182 0.2432863 0.2494726 
taxon2     0.0505754 0.0400150 0.0000000 0.0349136 0.1038929 0.0991663 0.1109647 0.1171576 0.1228853 0.1228853 0.1331482 0.1522927 0.1330288 0.1386955 0.2861305 0.3062323 0.2614255 0.2716511 0.2701292 0.2681337 
taxon3     0.0610630 0.0395244 0.0349136 0.0000000 0.1099794 0.1052314 0.1172058 0.1235009 0.1169867 0.1169867 0.1380960 0.1527204 0.1394266 0.1451553 0.2721741 0.2920995 0.2645947 0.2590448 0.2538918 0.2600807 
taxon4     0.1236082 0.0988986 0.1038929 0.1099794 0.0000000 0.0246461 0.0450068 0.0453615 0.0561445 0.0561445 0.0999035 0.0853231 0.0941835 0.0774454 0.2839477 0.2900332 0.2502522 0.2680951 0.2656194 0.2499114 
taxon5     0.1187826 0.0941446 0.0991663 0.1052314 0.0246461 0.0000000 0.0196397 0.0247995 0.0716192 0.0716192 0.0946228 0.0903360 0.0997457 0.0881193 0.2609716 0.2669596 0.2343183 0.2516008 0.2426974 0.2418483 
taxon6     0.1244288 0.1058540 0.1109647 0.1172058 0.0450068 0.0196397 0.0000000 0.0097690 0.0832186 0.0832186 0.1012813 0.1026705 0.1120997 0.0935251 0.2697229 0.2661448 0.2554982 0.2662423 0.2492307 0.2483561 
taxon7     0.1254624 0.1067207 0.1171576 0.1235009 0.0453615 0.0247995 0.0097690 0.0000000 0.0833808 0.0833808 0.1070714 0.1085497 0.1179579 0.0991554 0.2701844 0.2752875 0.2645672 0.2755590 0.2582256 0.2573074 
taxon8     0.1262121 0.1122964 0.1228853 0.1169867 0.0561445 0.0716192 0.0832186 0.0833808 0.0000000 0.0000010 0.0556283 0.0406443 0.0506794 0.0350065 0.2937570 0.3074879 0.2947653 0.2890460 0.2580522 0.2417997 
taxon9     0.1262121 0.1122964 0.1228853 0.1169867 0.0561445 0.0716192 0.0832186 0.0833808 0.0000010 0.0000000 0.0556283 0.0406443 0.0506794 0.0350065 0.2937570 0.3074879 0.2947653 0.2890460 0.2580522 0.2417997 
taxon10    0.1420686 0.1278400 0.1331482 0.1380960 0.0999035 0.0946228 0.1012813 0.1070714 0.0556283 0.0556283 0.0000000 0.0450924 0.0504146 0.0504066 0.3076183 0.3213998 0.3076961 0.2827290 0.2799325 0.2743379 
taxon11    0.1564361 0.1481258 0.1522927 0.1527204 0.0853231 0.0903360 0.1026705 0.1085497 0.0406443 0.0406443 0.0450924 0.0000000 0.0457417 0.0460878 0.3269428 0.3411085 0.3051830 0.2935850 0.2831032 0.2707073 
taxon12    0.1366027 0.1224856 0.1330288 0.1394266 0.0941835 0.0997457 0.1120997 0.1179579 0.0506794 0.0506794 0.0504146 0.0457417 0.0000000 0.0349439 0.3073178 0.3211047 0.3083625 0.3195578 0.2752966 0.2696734 
taxon13    0.1352003 0.1281351 0.1386955 0.1451553 0.0774454 0.0881193 0.0935251 0.0991554 0.0350065 0.0350065 0.0504066 0.0460878 0.0349439 0.0000000 0.2912554 0.2942159 0.2922468 0.2954700 0.2631795 0.2511864 
taxon14    0.2988966 0.2656792 0.2861305 0.2721741 0.2839477 0.2609716 0.2697229 0.2701844 0.2937570 0.2937570 0.3076183 0.3269428 0.3073178 0.2912554 0.0000000 0.0196657 0.0456677 0.0516007 0.0719225 0.0847702 
taxon15    0.3026466 0.2786473 0.3062323 0.2920995 0.2900332 0.2669596 0.2661448 0.2752875 0.3074879 0.3074879 0.3213998 0.3411085 0.3211047 0.2942159 0.0196657 0.0000000 0.0559612 0.0567015 0.0712326 0.0839421 
taxon16    0.2727167 0.2574746 0.2614255 0.2645947 0.2502522 0.2343183 0.2554982 0.2645672 0.2947653 0.2947653 0.3076961 0.3051830 0.3083625 0.2922468 0.0456677 0.0559612 0.0000000 0.0251806 0.0779544 0.0910701 
taxon17    0.2765178 0.2677182 0.2716511 0.2590448 0.2680951 0.2516008 0.2662423 0.2755590 0.2890460 0.2890460 0.2827290 0.2935850 0.3195578 0.2954700 0.0516007 0.0567015 0.0251806 0.0000000 0.0677815 0.0807040 
taxon18    0.2596564 0.2432863 0.2701292 0.2538918 0.2656194 0.2426974 0.2492307 0.2582256 0.2580522 0.2580522 0.2799325 0.2831032 0.2752966 0.2631795 0.0719225 0.0712326 0.0779544 0.0677815 0.0000000 0.0198331 
taxon19    0.2659859 0.2494726 0.2681337 0.2600807 0.2499114 0.2418483 0.2483561 0.2573074 0.2417997 0.2417997 0.2743379 0.2707073 0.2696734 0.2511864 0.0847702 0.0839421 0.0910701 0.0807040 0.0198331 0.0000000 
