20
taxon0     0.0000000 0.3492885 0.6545570 0.7298335 0.5699138 0.5946772 0.6806350 0.6700475 1.0008844 1.0589920 1.0663180 1.0687242 1.0840944 1.0574653 1.4515693 1.0651007 1.0244141 1.6186312 0.9307737 1.0129068 
taxon1     0.3492885 0.0000000 0.7731561 0.7913365 0.5522428 0.5813985 0.8196197 0.7477767 1.0835882 1.2271585 1.2001970 1.2397552 1.2368982 1.1791388 1.5217234 1.3031376 1.4143632 1.6278824 1.0874298 1.0827280 
taxon2     0.6545570 0.7731561 0.0000000 0.2550098 0.4065307 0.4190499 0.7157254 0.6855654 1.0387885 1.1618434 0.9999605 0.9277539 0.9528309 0.9838015 1.3060407 1.0130656 0.9557074 1.3693049 0.8375410 0.8768190 
taxon3     0.7298335 0.7913365 0.2550098 0.0000000 0.4290472 0.4809597 0.7736970 0.7651745 1.0049282 1.2587804 1.0690521 1.0454696 1.0311693 1.0552103 1.4321936 1.2229075 1.1211379 1.4984711 1.0470450 1.0454991 
taxon4     0.5699138 0.5522428 0.4065307 0.4290472 0.0000000 0.0693659 0.6148036 0.5942212 0.9950840 1.1400613 1.0335387 1.0655730 1.0172583 0.8043027 1.2385859 1.1328333 1.1427803 1.6808680 0.9353568 0.9815597 
taxon5     0.5946772 0.5813985 0.4190499 0.4809597 0.0693659 0.0000000 0.6574011 0.5924181 0.9690660 1.1094236 1.0582493 1.0514864 0.9998560 0.8838070 1.2557989 1.1395896 1.1932553 1.6493653 0.9073438 0.9854675 
taxon6     0.6806350 0.8196197 0.7157254 0.7736970 0.6148036 0.6574011 0.0000000 0.1844955 0.5160037 0.6098202 0.6012887 0.6282305 0.6782829 0.8260650 1.1412580 0.9345225 0.8586354 1.2531078 0.7282296 0.8459855 
taxon7     0.6700475 0.7477767 0.6855654 0.7651745 0.5942212 0.5924181 0.1844955 0.0000000 0.4395513 0.5392707 0.5530208 0.5584660 0.5981352 0.8235244 1.0918811 0.8819864 0.8687436 1.2065147 0.6729239 0.7456270 
taxon8     1.0008844 1.0835882 1.0387885 1.0049282 0.9950840 0.9690660 0.5160037 0.4395513 0.0000000 0.6699255 0.6672891 0.7688291 0.6991241 1.1987656 1.6438041 1.2880783 1.1192937 1.4593559 1.0371174 1.1097626 
taxon9     1.0589920 1.2271585 1.1618434 1.2587804 1.1400613 1.1094236 0.6098202 0.5392707 0.6699255 0.0000000 0.4620886 0.6214653 0.5796714 1.3763864 1.6645094 1.1995544 1.2222860 1.4855410 1.0414347 1.1219520 
taxon10    1.0663180 1.2001970 0.9999605 1.0690521 1.0335387 1.0582493 0.6012887 0.5530208 0.6672891 0.4620886 0.0000000 0.3015575 0.2266463 1.2128811 1.5186155 1.2165394 1.1581784 1.5994309 1.0143490 1.0535639 
taxon11    1.0687242 1.2397552 0.9277539 1.0454696 1.0655730 1.0514864 0.6282305 0.5584660 0.7688291 0.6214653 0.3015575 0.0000000 0.2847854 1.2127689 1.5055508 1.1523809 1.0649760 1.4964962 0.8867851 1.0306666 
taxon12    1.0840944 1.2368982 0.9528309 1.0311693 1.0172583 0.9998560 0.6782829 0.5981352 0.6991241 0.5796714 0.2266463 0.2847854 0.0000000 1.1584946 1.4245366 1.1063353 1.1235047 1.4519095 0.9350885 1.0345891 
taxon13    1.0574653 1.1791388 0.9838015 1.0552103 0.8043027 0.8838070 0.8260650 0.8235244 1.1987656 1.3763864 1.2128811 1.2127689 1.1584946 0.0000000 0.5023108 0.8006870 0.8376453 1.3347895 0.7757253 0.7073812 
taxon14    1.4515693 1.5217234 1.3060407 1.4321936 1.2385859 1.2557989 1.1412580 1.0918811 1.6438041 1.6645094 1.5186155 1.5055508 1.4245366 0.5023108 0.0000000 1.0283897 1.1988069 1.7339823 0.9541274 0.9539057 
taxon15    1.0651007 1.3031376 1.0130656 1.2229075 1.1328333 1.1395896 0.9345225 0.8819864 1.2880783 1.1995544 1.2165394 1.1523809 1.1063353 0.8006870 1.0283897 0.0000000 0.3860826 0.6029453 0.5376776 0.4574710 
taxon16    1.0244141 1.4143632 0.9557074 1.1211379 1.1427803 1.1932553 0.8586354 0.8687436 1.1192937 1.2222860 1.1581784 1.0649760 1.1235047 0.8376453 1.1988069 0.3860826 0.0000000 0.4836816 0.6475440 0.6196107 
taxon17    1.6186312 1.6278824 1.3693049 1.4984711 1.6808680 1.6493653 1.2531078 1.2065147 1.4593559 1.4855410 1.5994309 1.4964962 1.4519095 1.3347895 1.7339823 0.6029453 0.4836816 0.0000000 0.9031570 0.9051992 
taxon18    0.9307737 1.0874298 0.8375410 1.0470450 0.9353568 0.9073438 0.7282296 0.6729239 1.0371174 1.0414347 1.0143490 0.8867851 0.9350885 0.7757253 0.9541274 0.5376776 0.6475440 0.9031570 0.0000000 0.1836044 
taxon19    1.0129068 1.0827280 0.8768190 1.0454991 0.9815597 0.9854675 0.8459855 0.7456270 1.1097626 1.1219520 1.0535639 1.0306666 1.0345891 0.7073812 0.9539057 0.4574710 0.6196107 0.9051992 0.1836044 0.0000000 
