20
taxon0     0.0000000 0.0502359 0.0395746 0.0866429 0.0653390 0.1060527 0.1172178 0.1190553 0.1125192 0.1492233 0.1670468 0.1372847 0.1484174 0.1675764 0.1731562 0.1940827 0.1825975 0.1892993 0.2670052 0.2005753 
taxon1     0.0502359 0.0000000 0.0341779 0.0749963 0.0649241 0.1178845 0.1349381 0.1244218 0.1178365 0.1547003 0.1684547 0.1427239 0.1538805 0.1803792 0.1991630 0.2145195 0.2086554 0.2012777 0.2881780 0.2128739 
taxon2     0.0395746 0.0341779 0.0000000 0.0693638 0.0541043 0.1009577 0.1177337 0.1133725 0.1069040 0.1433566 0.1535073 0.1314835 0.1425680 0.1687383 0.1774084 0.1982849 0.1887388 0.1884249 0.2710540 0.1975988 
taxon3     0.0866429 0.0749963 0.0693638 0.0000000 0.0244357 0.1227247 0.1296446 0.1313018 0.1295809 0.1465974 0.1758253 0.1460315 0.1470923 0.1661406 0.1934911 0.2203770 0.1839762 0.1899273 0.2519960 0.2006773 
taxon4     0.0653390 0.0649241 0.0541043 0.0244357 0.0000000 0.1055432 0.1231898 0.1253496 0.1237068 0.1478550 0.1773070 0.1472811 0.1526717 0.1716732 0.1667524 0.2004182 0.1762626 0.1960585 0.2433445 0.2060940 
taxon5     0.1060527 0.1178845 0.1009577 0.1227247 0.1055432 0.0000000 0.0339918 0.0663620 0.0606569 0.0942476 0.1203581 0.0938909 0.1051176 0.1293826 0.1762485 0.2145555 0.1858651 0.1925090 0.2360800 0.1888041 
taxon6     0.1172178 0.1349381 0.1177337 0.1296446 0.1231898 0.0339918 0.0000000 0.0612483 0.0606403 0.0942566 0.1204023 0.0938995 0.0941609 0.1180793 0.1769490 0.2142470 0.1744313 0.1810082 0.2423895 0.1844456 
taxon7     0.1190553 0.1244218 0.1133725 0.1313018 0.1253496 0.0663620 0.0612483 0.0000000 0.0144483 0.0503699 0.0737436 0.0501826 0.0550836 0.0770901 0.1713142 0.2025013 0.1823044 0.1752419 0.2458596 0.1800924 
taxon8     0.1125192 0.1178365 0.1069040 0.1295809 0.1237068 0.0606569 0.0606403 0.0144483 0.0000000 0.0448873 0.0678034 0.0447215 0.0495816 0.0712436 0.1696173 0.2058006 0.1805175 0.1735284 0.2423276 0.1782961 
taxon9     0.1492233 0.1547003 0.1433566 0.1465974 0.1478550 0.0942476 0.0942566 0.0503699 0.0448873 0.0000000 0.0298505 0.0094763 0.0291860 0.0499252 0.1903003 0.2280663 0.1932331 0.1927786 0.2531996 0.1893674 
taxon10    0.1670468 0.1684547 0.1535073 0.1758253 0.1773070 0.1203581 0.1204023 0.0737436 0.0678034 0.0298505 0.0000000 0.0197805 0.0457487 0.0677948 0.2104235 0.2379050 0.2131985 0.2126769 0.3041016 0.2162247 
taxon11    0.1372847 0.1427239 0.1314835 0.1460315 0.1472811 0.0938909 0.0938995 0.0501826 0.0447215 0.0094763 0.0197805 0.0000000 0.0242062 0.0447213 0.1775575 0.2145806 0.1806332 0.1802130 0.2663389 0.1831525 
taxon12    0.1484174 0.1538805 0.1425680 0.1470923 0.1526717 0.1051176 0.0941609 0.0550836 0.0495816 0.0291860 0.0457487 0.0242062 0.0000000 0.0194043 0.1736476 0.2033983 0.1664930 0.1661131 0.2440032 0.1909331 
taxon13    0.1675764 0.1803792 0.1687383 0.1661406 0.1716732 0.1293826 0.1180793 0.0770901 0.0712436 0.0499252 0.0677948 0.0447213 0.0194043 0.0000000 0.1935339 0.2244412 0.1860501 0.1856162 0.2656764 0.2115905 
taxon14    0.1731562 0.1991630 0.1774084 0.1934911 0.1667524 0.1762485 0.1769490 0.1713142 0.1696173 0.1903003 0.2104235 0.1775575 0.1736476 0.1935339 0.0000000 0.0352881 0.0457664 0.0621944 0.1318200 0.0786867 
taxon15    0.1940827 0.2145195 0.1982849 0.2203770 0.2004182 0.2145555 0.2142470 0.2025013 0.2058006 0.2280663 0.2379050 0.2145806 0.2033983 0.2244412 0.0352881 0.0000000 0.0739010 0.0914223 0.1467749 0.1146799 
taxon16    0.1825975 0.2086554 0.1887388 0.1839762 0.1762626 0.1858651 0.1744313 0.1823044 0.1805175 0.1932331 0.2131985 0.1806332 0.1664930 0.1860501 0.0457664 0.0739010 0.0000000 0.0194959 0.0976065 0.0508190 
taxon17    0.1892993 0.2012777 0.1884249 0.1899273 0.1960585 0.1925090 0.1810082 0.1752419 0.1735284 0.1927786 0.2126769 0.1802130 0.1661131 0.1856162 0.0621944 0.0914223 0.0194959 0.0000000 0.0983109 0.0453870 
taxon18    0.2670052 0.2881780 0.2710540 0.2519960 0.2433445 0.2360800 0.2423895 0.2458596 0.2423276 0.2531996 0.3041016 0.2663389 0.2440032 0.2656764 0.1318200 0.1467749 0.0976065 0.0983109 0.0000000 0.0979827 
taxon19    0.2005753 0.2128739 0.1975988 0.2006773 0.2060940 0.1888041 0.1844456 0.1800924 0.1782961 0.1893674 0.2162247 0.1831525 0.1909331 0.2115905 0.0786867 0.1146799 0.0508190 0.0453870 0.0979827 0.0000000 
