20
taxon0     0.0000000 0.0238397 0.0694612 0.0976648 0.2060985 0.1863467 0.2183279 0.2191214 0.2020670 0.1948812 0.1874914 0.2085191 0.2067026 0.1863589 0.3540808 0.3317747 0.3470012 0.3609245 0.3297035 0.3946504 
taxon1     0.0238397 0.0000000 0.0751086 0.0932466 0.2193283 0.2062786 0.2392240 0.2397020 0.2222367 0.1886578 0.2071308 0.2405581 0.2269428 0.1934738 0.3462366 0.3228097 0.3663483 0.3806267 0.3454678 0.4113385 
taxon2     0.0694612 0.0751086 0.0000000 0.0643501 0.2224299 0.2085873 0.2352872 0.2358254 0.2183940 0.2093660 0.2030178 0.2296971 0.2162189 0.1999182 0.3606755 0.3653662 0.3378550 0.3792008 0.3429640 0.4076690 
taxon3     0.0976648 0.0932466 0.0643501 0.0000000 0.2296492 0.2220895 0.2493903 0.2497181 0.2319619 0.2207647 0.2258403 0.2532763 0.2392758 0.2116193 0.3779264 0.3766101 0.3952677 0.4143301 0.3382648 0.4034522 
taxon4     0.2060985 0.2193283 0.2224299 0.2296492 0.0000000 0.0856686 0.1429073 0.1389644 0.1120397 0.1384968 0.1367715 0.1631884 0.1601190 0.1374201 0.3365974 0.3592644 0.3702373 0.3855307 0.3307681 0.3781512 
taxon5     0.1863467 0.2062786 0.2085873 0.2220895 0.0856686 0.0000000 0.0656986 0.0590500 0.0390637 0.1499310 0.1417207 0.1553301 0.1531365 0.1428943 0.3543098 0.3705476 0.3652593 0.3974456 0.3570644 0.4141709 
taxon6     0.2183279 0.2392240 0.2352872 0.2493903 0.1429073 0.0656986 0.0000000 0.0867410 0.0705437 0.1948018 0.1900300 0.1913320 0.1964646 0.1916399 0.3641993 0.3816302 0.3708790 0.4180743 0.3847206 0.4397093 
taxon7     0.2191214 0.2397020 0.2358254 0.2497181 0.1389644 0.0590500 0.0867410 0.0000000 0.0588524 0.1650244 0.1680117 0.1666675 0.1687721 0.1741689 0.3649029 0.3639768 0.3771637 0.4219591 0.3831322 0.4399350 
taxon8     0.2020670 0.2222367 0.2183940 0.2319619 0.1120397 0.0390637 0.0705437 0.0588524 0.0000000 0.1547542 0.1516100 0.1544679 0.1522959 0.1528587 0.3731904 0.3896948 0.3531278 0.3991664 0.3668158 0.4238015 
taxon9     0.1948812 0.1886578 0.2093660 0.2207647 0.1384968 0.1499310 0.1948018 0.1650244 0.1547542 0.0000000 0.0588763 0.0802848 0.0845756 0.0638429 0.3131875 0.3192836 0.3665436 0.3678309 0.3302335 0.3843733 
taxon10    0.1874914 0.2071308 0.2030178 0.2258403 0.1367715 0.1417207 0.1900300 0.1680117 0.1516100 0.0588763 0.0000000 0.0533978 0.0382824 0.0736867 0.3528584 0.3518980 0.3800522 0.3836608 0.3532151 0.4073724 
taxon11    0.2085191 0.2405581 0.2296971 0.2532763 0.1631884 0.1553301 0.1913320 0.1666675 0.1544679 0.0802848 0.0533978 0.0000000 0.0334855 0.1060180 0.3551200 0.3797301 0.3947020 0.4003096 0.3684226 0.4237811 
taxon12    0.2067026 0.2269428 0.2162189 0.2392758 0.1601190 0.1531365 0.1964646 0.1687721 0.1522959 0.0845756 0.0382824 0.0334855 0.0000000 0.0997337 0.3768127 0.3822503 0.3971128 0.4027116 0.3629850 0.4176886 
taxon13    0.1863589 0.1934738 0.1999182 0.2116193 0.1374201 0.1428943 0.1916399 0.1741689 0.1528587 0.0638429 0.0736867 0.1060180 0.0997337 0.0000000 0.3099654 0.3096510 0.3427068 0.3447337 0.3088421 0.3498977 
taxon14    0.3540808 0.3462366 0.3606755 0.3779264 0.3365974 0.3543098 0.3641993 0.3649029 0.3731904 0.3131875 0.3528584 0.3551200 0.3768127 0.3099654 0.0000000 0.0763996 0.2016182 0.2314206 0.1956450 0.2555587 
taxon15    0.3317747 0.3228097 0.3653662 0.3766101 0.3592644 0.3705476 0.3816302 0.3639768 0.3896948 0.3192836 0.3518980 0.3797301 0.3822503 0.3096510 0.0763996 0.0000000 0.2119044 0.2229924 0.2013550 0.2556693 
taxon16    0.3470012 0.3663483 0.3378550 0.3952677 0.3702373 0.3652593 0.3708790 0.3771637 0.3531278 0.3665436 0.3800522 0.3947020 0.3971128 0.3427068 0.2016182 0.2119044 0.0000000 0.0709344 0.1469088 0.2155956 
taxon17    0.3609245 0.3806267 0.3792008 0.4143301 0.3855307 0.3974456 0.4180743 0.4219591 0.3991664 0.3678309 0.3836608 0.4003096 0.4027116 0.3447337 0.2314206 0.2229924 0.0709344 0.0000000 0.1732122 0.2370016 
taxon18    0.3297035 0.3454678 0.3429640 0.3382648 0.3307681 0.3570644 0.3847206 0.3831322 0.3668158 0.3302335 0.3532151 0.3684226 0.3629850 0.3088421 0.1956450 0.2013550 0.1469088 0.1732122 0.0000000 0.0804231 
taxon19    0.3946504 0.4113385 0.4076690 0.4034522 0.3781512 0.4141709 0.4397093 0.4399350 0.4238015 0.3843733 0.4073724 0.4237811 0.4176886 0.3498977 0.2555587 0.2556693 0.2155956 0.2370016 0.0804231 0.0000000 
