20
taxon0     0.0000000 0.1285277 0.2093148 0.2028184 0.2375540 0.2543820 0.2764858 0.2823654 0.3751251 0.4162819 0.4194865 0.3982468 0.3928932 0.4350573 0.4469481 0.5064963 0.4466004 0.4531069 0.4838020 0.4239985 
taxon1     0.1285277 0.0000000 0.1448334 0.0992107 0.2294348 0.2455773 0.2680424 0.2939373 0.3878154 0.4321626 0.4165464 0.4019945 0.3792850 0.4358149 0.4395560 0.5027080 0.4488457 0.4472889 0.4773353 0.4171975 
taxon2     0.2093148 0.1448334 0.0000000 0.0696409 0.2944349 0.3214218 0.3374110 0.3482332 0.4385696 0.5018556 0.4670925 0.4592140 0.4489629 0.4384326 0.4662874 0.5298675 0.4657548 0.4646727 0.4808377 0.4237361 
taxon3     0.2028184 0.0992107 0.0696409 0.0000000 0.2642432 0.2808425 0.2949643 0.3160729 0.4171586 0.4985802 0.4680562 0.4621588 0.4394364 0.4442374 0.4638575 0.5178853 0.4520467 0.4470797 0.4655578 0.4070467 
taxon4     0.2375540 0.2294348 0.2944349 0.2642432 0.0000000 0.0520707 0.0823291 0.0821737 0.3838517 0.4440465 0.4252019 0.3767236 0.3649459 0.3775561 0.4218736 0.4530975 0.4116240 0.4155713 0.4152475 0.3870891 
taxon5     0.2543820 0.2455773 0.3214218 0.2808425 0.0520707 0.0000000 0.0811122 0.0866910 0.4084373 0.4822721 0.4479822 0.4004830 0.3888184 0.4233587 0.4474649 0.4927389 0.4496050 0.4234133 0.4180320 0.3995075 
taxon6     0.2764858 0.2680424 0.3374110 0.2949643 0.0823291 0.0811122 0.0000000 0.0751180 0.3693057 0.4383151 0.4160835 0.3932424 0.3671832 0.4147990 0.4540049 0.4890276 0.4605867 0.4359655 0.4342131 0.4034147 
taxon7     0.2823654 0.2939373 0.3482332 0.3160729 0.0821737 0.0866910 0.0751180 0.0000000 0.3672713 0.4619181 0.4511919 0.3954663 0.3838072 0.3884355 0.4300077 0.4641776 0.4379020 0.4167351 0.4154385 0.3919222 
taxon8     0.3751251 0.3878154 0.4385696 0.4171586 0.3838517 0.4084373 0.3693057 0.3672713 0.0000000 0.1331472 0.1450981 0.2934574 0.2563954 0.2628399 0.2998355 0.3797958 0.3409989 0.2892092 0.3037979 0.2515785 
taxon9     0.4162819 0.4321626 0.5018556 0.4985802 0.4440465 0.4822721 0.4383151 0.4619181 0.1331472 0.0000000 0.0634266 0.3118630 0.2799439 0.3071887 0.3478888 0.3949125 0.3574973 0.3460962 0.3475302 0.3208290 
taxon10    0.4194865 0.4165464 0.4670925 0.4680562 0.4252019 0.4479822 0.4160835 0.4511919 0.1450981 0.0634266 0.0000000 0.2681474 0.2467602 0.2995106 0.3265122 0.3693633 0.3351466 0.3182709 0.3337351 0.3034695 
taxon11    0.3982468 0.4019945 0.4592140 0.4621588 0.3767236 0.4004830 0.3932424 0.3954663 0.2934574 0.3118630 0.2681474 0.0000000 0.0689665 0.2221987 0.2531341 0.2945859 0.2636850 0.2717733 0.2783863 0.2705098 
taxon12    0.3928932 0.3792850 0.4489629 0.4394364 0.3649459 0.3888184 0.3671832 0.3838072 0.2563954 0.2799439 0.2467602 0.0689665 0.0000000 0.2105128 0.2144473 0.2791603 0.2478312 0.2319026 0.2255833 0.2061848 
taxon13    0.4350573 0.4358149 0.4384326 0.4442374 0.3775561 0.4233587 0.4147990 0.3884355 0.2628399 0.3071887 0.2995106 0.2221987 0.2105128 0.0000000 0.0908976 0.1335431 0.1070938 0.1127476 0.1489297 0.1290459 
taxon14    0.4469481 0.4395560 0.4662874 0.4638575 0.4218736 0.4474649 0.4540049 0.4300077 0.2998355 0.3478888 0.3265122 0.2531341 0.2144473 0.0908976 0.0000000 0.1608610 0.1227507 0.1505794 0.1779923 0.1704563 
taxon15    0.5064963 0.5027080 0.5298675 0.5178853 0.4530975 0.4927389 0.4890276 0.4641776 0.3797958 0.3949125 0.3693633 0.2945859 0.2791603 0.1335431 0.1608610 0.0000000 0.0933826 0.2036081 0.2180297 0.2100556 
taxon16    0.4466004 0.4488457 0.4657548 0.4520467 0.4116240 0.4496050 0.4605867 0.4379020 0.3409989 0.3574973 0.3351466 0.2636850 0.2478312 0.1070938 0.1227507 0.0933826 0.0000000 0.1733922 0.1864335 0.1868852 
taxon17    0.4531069 0.4472889 0.4646727 0.4470797 0.4155713 0.4234133 0.4359655 0.4167351 0.2892092 0.3460962 0.3182709 0.2717733 0.2319026 0.1127476 0.1505794 0.2036081 0.1733922 0.0000000 0.1009473 0.0802659 
taxon18    0.4838020 0.4773353 0.4808377 0.4655578 0.4152475 0.4180320 0.4342131 0.4154385 0.3037979 0.3475302 0.3337351 0.2783863 0.2255833 0.1489297 0.1779923 0.2180297 0.1864335 0.1009473 0.0000000 0.0625672 
taxon19    0.4239985 0.4171975 0.4237361 0.4070467 0.3870891 0.3995075 0.4034147 0.3919222 0.2515785 0.3208290 0.3034695 0.2705098 0.2061848 0.1290459 0.1704563 0.2100556 0.1868852 0.0802659 0.0625672 0.0000000 
