20
taxon0     0.0000000 0.1249945 0.1406340 0.1550259 0.1541742 0.1789516 0.1657131 0.2423604 0.2263038 0.2446801 0.2292648 0.3524692 0.3294133 0.3412500 0.3349739 0.3186294 0.3000583 0.3137765 0.3236786 0.3288685 
taxon1     0.1249945 0.0000000 0.0834503 0.0898054 0.1060918 0.1253319 0.1067377 0.2118088 0.1807387 0.1881299 0.1662523 0.3199105 0.3215246 0.3353652 0.3157662 0.2957972 0.2873637 0.2760175 0.2868604 0.2861289 
taxon2     0.1406340 0.0834503 0.0000000 0.0873063 0.0929551 0.1178537 0.1224285 0.2468461 0.2253653 0.2269269 0.2037556 0.3556319 0.3414054 0.3579710 0.3358785 0.3064231 0.2903636 0.3073263 0.3283353 0.3274717 
taxon3     0.1550259 0.0898054 0.0873063 0.0000000 0.0694764 0.0932070 0.0875029 0.2341527 0.1909852 0.2195149 0.1933921 0.3371945 0.3102918 0.3347917 0.3011268 0.2810213 0.2732522 0.2712684 0.2903243 0.2895749 
taxon4     0.1541742 0.1060918 0.0929551 0.0694764 0.0000000 0.0575023 0.0621749 0.2254362 0.1822556 0.2251683 0.1946516 0.3186258 0.3105542 0.3329567 0.3008790 0.2664808 0.2817740 0.2840005 0.3065896 0.3029973 
taxon5     0.1789516 0.1253319 0.1178537 0.0932070 0.0575023 0.0000000 0.0201407 0.2418195 0.2113121 0.2268203 0.2029748 0.3394567 0.3227719 0.3460780 0.3333079 0.2965849 0.3030887 0.3107973 0.3322004 0.3312367 
taxon6     0.1657131 0.1067377 0.1224285 0.0875029 0.0621749 0.0201407 0.0000000 0.2265591 0.1910446 0.2209880 0.2106252 0.3462395 0.3242888 0.3452079 0.3324856 0.3083289 0.3092060 0.3032133 0.3240252 0.3231694 
taxon7     0.2423604 0.2118088 0.2468461 0.2341527 0.2254362 0.2418195 0.2265591 0.0000000 0.0900307 0.1739496 0.1582456 0.3615535 0.3645619 0.3846757 0.3334942 0.3132817 0.3229918 0.2937426 0.3119588 0.3033502 
taxon8     0.2263038 0.1807387 0.2253653 0.1909852 0.1822556 0.2113121 0.1910446 0.0900307 0.0000000 0.1737172 0.1511139 0.3298163 0.3219276 0.3427979 0.3008642 0.2903486 0.2898716 0.2687639 0.2773567 0.2704530 
taxon9     0.2446801 0.1881299 0.2269269 0.2195149 0.2251683 0.2268203 0.2209880 0.1739496 0.1737172 0.0000000 0.1090204 0.3260258 0.3210038 0.3528145 0.3259155 0.3135078 0.3277474 0.3039367 0.3161788 0.3087271 
taxon10    0.2292648 0.1662523 0.2037556 0.1933921 0.1946516 0.2029748 0.2106252 0.1582456 0.1511139 0.1090204 0.0000000 0.3339517 0.3284241 0.3536564 0.3200440 0.3079746 0.2907734 0.2889098 0.3076143 0.2915435 
taxon11    0.3524692 0.3199105 0.3556319 0.3371945 0.3186258 0.3394567 0.3462395 0.3615535 0.3298163 0.3260258 0.3339517 0.0000000 0.0873440 0.1058050 0.1941670 0.1922573 0.1906117 0.1722941 0.1976795 0.1913417 
taxon12    0.3294133 0.3215246 0.3414054 0.3102918 0.3105542 0.3227719 0.3242888 0.3645619 0.3219276 0.3210038 0.3284241 0.0873440 0.0000000 0.0314970 0.2000313 0.2105829 0.1719373 0.1682717 0.1796332 0.1792563 
taxon13    0.3412500 0.3353652 0.3579710 0.3347917 0.3329567 0.3460780 0.3452079 0.3846757 0.3427979 0.3528145 0.3536564 0.1058050 0.0314970 0.0000000 0.2279915 0.2329826 0.1952988 0.1884508 0.2070008 0.2065559 
taxon14    0.3349739 0.3157662 0.3358785 0.3011268 0.3008790 0.3333079 0.3324856 0.3334942 0.3008642 0.3259155 0.3200440 0.1941670 0.2000313 0.2279915 0.0000000 0.0625626 0.1008862 0.1024994 0.1084786 0.1033877 
taxon15    0.3186294 0.2957972 0.3064231 0.2810213 0.2664808 0.2965849 0.3083289 0.3132817 0.2903486 0.3135078 0.3079746 0.1922573 0.2105829 0.2329826 0.0625626 0.0000000 0.1057233 0.0945407 0.1187414 0.1069267 
taxon16    0.3000583 0.2873637 0.2903636 0.2732522 0.2817740 0.3030887 0.3092060 0.3229918 0.2898716 0.3277474 0.2907734 0.1906117 0.1719373 0.1952988 0.1008862 0.1057233 0.0000000 0.0569296 0.0849292 0.0844605 
taxon17    0.3137765 0.2760175 0.3073263 0.2712684 0.2840005 0.3107973 0.3032133 0.2937426 0.2687639 0.3039367 0.2889098 0.1722941 0.1682717 0.1884508 0.1024994 0.0945407 0.0569296 0.0000000 0.0638691 0.0527491 
taxon18    0.3236786 0.2868604 0.3283353 0.2903243 0.3065896 0.3322004 0.3240252 0.3119588 0.2773567 0.3161788 0.3076143 0.1976795 0.1796332 0.2070008 0.1084786 0.1187414 0.0849292 0.0638691 0.0000000 0.0152018 
taxon19    0.3288685 0.2861289 0.3274717 0.2895749 0.3029973 0.3312367 0.3231694 0.3033502 0.2704530 0.3087271 0.2915435 0.1913417 0.1792563 0.2065559 0.1033877 0.1069267 0.0844605 0.0527491 0.0152018 0.0000000 
