20
taxon0     0.0000000 0.0242600 0.0240900 0.0342512 0.0242318 0.2622050 0.2539186 0.3122775 0.2692212 0.2759200 0.2692212 0.2964665 0.3018833 0.2951131 0.2764604 0.2830073 0.2798660 0.3159179 0.3026692 0.3032219 
taxon1     0.0242600 0.0000000 0.0342819 0.0497290 0.0344843 0.2844672 0.2888944 0.3005702 0.2860009 0.2793487 0.2860009 0.2983685 0.3038116 0.3029672 0.2994332 0.3131637 0.3096722 0.3129507 0.3176433 0.3182323 
taxon2     0.0240900 0.0342819 0.0000000 0.0241753 0.0047772 0.2671335 0.2588351 0.2913752 0.2491449 0.2557227 0.2491449 0.2683983 0.2812858 0.2872256 0.2839321 0.2752931 0.2873747 0.3013508 0.2947626 0.2952949 
taxon3     0.0342512 0.0497290 0.0241753 0.0000000 0.0192510 0.2784081 0.2564806 0.3162803 0.2727594 0.2795306 0.2727594 0.2833750 0.3057572 0.2989170 0.2956767 0.2996219 0.3120055 0.3170665 0.3056081 0.3061702 
taxon4     0.0242318 0.0344843 0.0047772 0.0192510 0.0000000 0.2685798 0.2602346 0.2929421 0.2505146 0.2571231 0.2505146 0.2610483 0.2827992 0.2887626 0.2854694 0.2767806 0.2889141 0.2936002 0.2963381 0.2968760 
taxon5     0.2622050 0.2844672 0.2671335 0.2784081 0.2685798 0.0000000 0.0441133 0.0652660 0.0342158 0.0392039 0.0342158 0.0544310 0.0592312 0.0541557 0.0395084 0.0443172 0.0541398 0.0604806 0.0593317 0.0594109 
taxon6     0.2539186 0.2888944 0.2588351 0.2564806 0.2602346 0.0441133 0.0000000 0.0650556 0.0492156 0.0542765 0.0492156 0.0596156 0.0644236 0.0593150 0.0548127 0.0394051 0.0592982 0.0761803 0.0543009 0.0543731 
taxon7     0.3122775 0.3005702 0.2913752 0.3162803 0.2929421 0.0652660 0.0650556 0.0000000 0.0399398 0.0348828 0.0399398 0.0447334 0.0495726 0.0545288 0.0605669 0.0449157 0.0650767 0.0666106 0.0546035 0.0546764 
taxon8     0.2692212 0.2860009 0.2491449 0.2727594 0.2505146 0.0342158 0.0492156 0.0399398 0.0000000 0.0048143 0.0000010 0.0295079 0.0343343 0.0392399 0.0346139 0.0294467 0.0392372 0.0507092 0.0443428 0.0444013 
taxon9     0.2759200 0.2793487 0.2557227 0.2795306 0.2571231 0.0392039 0.0542765 0.0348828 0.0048143 0.0000000 0.0048143 0.0345126 0.0393391 0.0442577 0.0396598 0.0344410 0.0442551 0.0559199 0.0493966 0.0494621 
taxon10    0.2692212 0.2860009 0.2491449 0.2727594 0.2505146 0.0342158 0.0492156 0.0399398 0.0000010 0.0048143 0.0000000 0.0295079 0.0343343 0.0392399 0.0346139 0.0294467 0.0392372 0.0507092 0.0443428 0.0444013 
taxon11    0.2964665 0.2983685 0.2683983 0.2833750 0.2610483 0.0544310 0.0596156 0.0447334 0.0295079 0.0345126 0.0295079 0.0000000 0.0146179 0.0194897 0.0449274 0.0396336 0.0495112 0.0398643 0.0443261 0.0443845 
taxon12    0.3018833 0.3038116 0.2812858 0.3057572 0.2827992 0.0592312 0.0644236 0.0495726 0.0343343 0.0393391 0.0343343 0.0146179 0.0000000 0.0145338 0.0497890 0.0344835 0.0543244 0.0556047 0.0491255 0.0491902 
taxon13    0.2951131 0.3029672 0.2872256 0.2989170 0.2887626 0.0541557 0.0593150 0.0545288 0.0392399 0.0442577 0.0392399 0.0194897 0.0145338 0.0000000 0.0446953 0.0394090 0.0592659 0.0606546 0.0540404 0.0541119 
taxon14    0.2764604 0.2994332 0.2839321 0.2956767 0.2854694 0.0395084 0.0548127 0.0605669 0.0346139 0.0396598 0.0346139 0.0449274 0.0497890 0.0446953 0.0000000 0.0341474 0.0343051 0.0554422 0.0543800 0.0544524 
taxon15    0.2830073 0.3131637 0.2752931 0.2996219 0.2767806 0.0443172 0.0394051 0.0449157 0.0294467 0.0344410 0.0294467 0.0396336 0.0344835 0.0394090 0.0341474 0.0000000 0.0394161 0.0446320 0.0391371 0.0391882 
taxon16    0.2798660 0.3096722 0.2873747 0.3120055 0.2889141 0.0541398 0.0592982 0.0650767 0.0392372 0.0442551 0.0392372 0.0495112 0.0543244 0.0592659 0.0343051 0.0394161 0.0000000 0.0555796 0.0444395 0.0444982 
taxon17    0.3159179 0.3129507 0.3013508 0.3170665 0.2936002 0.0604806 0.0761803 0.0666106 0.0507092 0.0559199 0.0507092 0.0398643 0.0556047 0.0606546 0.0554422 0.0446320 0.0555796 0.0000000 0.0447053 0.0447647 
taxon18    0.3026692 0.3176433 0.2947626 0.3056081 0.2963381 0.0593317 0.0543009 0.0546035 0.0443428 0.0493966 0.0443428 0.0443261 0.0491255 0.0540404 0.0543800 0.0391371 0.0444395 0.0447053 0.0000000 0.0096779 
taxon19    0.3032219 0.3182323 0.2952949 0.3061702 0.2968760 0.0594109 0.0543731 0.0546764 0.0444013 0.0494621 0.0444013 0.0443845 0.0491902 0.0541119 0.0544524 0.0391882 0.0444982 0.0447647 0.0096779 0.0000000 
