20
taxon0     0.0000000 0.0312833 0.0604352 0.0659603 0.0664817 0.1539985 0.1645693 0.1389407 0.1405065 0.1464935 0.1357532 0.1665379 0.1600490 0.1867152 0.1759690 0.1466605 0.1532038 0.1665343 0.1415443 0.1557345 
taxon1     0.0312833 0.0000000 0.0773738 0.0829528 0.0835977 0.1680140 0.1845311 0.1458475 0.1475011 0.1659609 0.1427120 0.1808027 0.1741462 0.1889489 0.1905972 0.1662044 0.1729651 0.1739227 0.1610703 0.1758174 
taxon2     0.0604352 0.0773738 0.0000000 0.0203768 0.0205899 0.1452824 0.1508757 0.1254648 0.1263000 0.1241871 0.1134049 0.1438171 0.1374419 0.1752730 0.1645312 0.1253675 0.1382046 0.1449763 0.1262904 0.1461574 
taxon3     0.0659603 0.0829528 0.0203768 0.0000000 0.0050600 0.1622070 0.1653415 0.1428409 0.1436808 0.1406889 0.1299560 0.1605963 0.1420782 0.1859765 0.1751715 0.1371605 0.1501611 0.1447528 0.1381630 0.1582937 
taxon4     0.0664817 0.0835977 0.0205899 0.0050600 0.0000000 0.1564519 0.1647279 0.1434805 0.1443263 0.1350808 0.1243361 0.1548904 0.1364253 0.1802039 0.1693992 0.1384948 0.1516102 0.1461614 0.1395138 0.1598234 
taxon5     0.1539985 0.1680140 0.1452824 0.1622070 0.1564519 0.0000000 0.0695389 0.0474039 0.0472099 0.0590210 0.0479041 0.0643980 0.0587757 0.0871771 0.0768889 0.0756713 0.0702043 0.0871071 0.0700800 0.0822208 
taxon6     0.1645693 0.1845311 0.1508757 0.1653415 0.1647279 0.0695389 0.0000000 0.0470156 0.0472382 0.0645251 0.0642200 0.0861849 0.0804252 0.1091640 0.0974416 0.0765226 0.0647323 0.0880810 0.0710374 0.0891117 
taxon7     0.1389407 0.1458475 0.1254648 0.1428409 0.1434805 0.0474039 0.0470156 0.0000000 0.0102626 0.0524800 0.0313728 0.0694793 0.0638390 0.0978671 0.0876056 0.0592323 0.0478297 0.0592937 0.0538314 0.0713370 
taxon8     0.1405065 0.1475011 0.1263000 0.1436808 0.1443263 0.0472099 0.0472382 0.0102626 0.0000000 0.0524240 0.0313395 0.0694037 0.0637699 0.0977587 0.0875083 0.0588031 0.0474801 0.0588638 0.0534376 0.0708227 
taxon9     0.1464935 0.1659609 0.1241871 0.1406889 0.1350808 0.0590210 0.0645251 0.0524800 0.0524240 0.0000000 0.0256306 0.0363340 0.0310032 0.0633683 0.0532400 0.0540540 0.0655390 0.0715376 0.0544587 0.0721283 
taxon10    0.1357532 0.1427120 0.1134049 0.1299560 0.1243361 0.0479041 0.0642200 0.0313728 0.0313395 0.0256306 0.0000000 0.0362337 0.0309171 0.0631997 0.0530947 0.0542966 0.0658336 0.0604568 0.0547046 0.0724558 
taxon11    0.1665379 0.1808027 0.1438171 0.1605963 0.1548904 0.0643980 0.0861849 0.0694793 0.0694037 0.0363340 0.0362337 0.0000000 0.0152132 0.0466460 0.0365985 0.0658549 0.0776312 0.0837979 0.0663503 0.0844911 
taxon12    0.1600490 0.1741462 0.1374419 0.1420782 0.1364253 0.0587757 0.0804252 0.0638390 0.0637699 0.0310032 0.0309171 0.0152132 0.0000000 0.0412777 0.0312373 0.0601074 0.0717734 0.0664819 0.0605601 0.0785196 
taxon13    0.1867152 0.1889489 0.1752730 0.1859765 0.1802039 0.0871771 0.1091640 0.0978671 0.0977587 0.0633683 0.0631997 0.0466460 0.0412777 0.0000000 0.0207812 0.0886178 0.1007316 0.1070985 0.0954652 0.1030685 
taxon14    0.1759690 0.1905972 0.1645312 0.1751715 0.1693992 0.0768889 0.0974416 0.0876056 0.0875083 0.0532400 0.0530947 0.0365985 0.0312373 0.0207812 0.0000000 0.0781801 0.0902422 0.0965703 0.0849239 0.0916727 
taxon15    0.1466605 0.1662044 0.1253675 0.1371605 0.1384948 0.0756713 0.0765226 0.0592323 0.0588031 0.0540540 0.0542966 0.0658549 0.0601074 0.0886178 0.0781801 0.0000000 0.0102611 0.0155194 0.0102700 0.0261843 
taxon16    0.1532038 0.1729651 0.1382046 0.1501611 0.1516102 0.0702043 0.0647323 0.0478297 0.0474801 0.0655390 0.0658336 0.0776312 0.0717734 0.1007316 0.0902422 0.0102611 0.0000000 0.0206785 0.0154505 0.0315138 
taxon17    0.1665343 0.1739227 0.1449763 0.1447528 0.1461614 0.0871071 0.0880810 0.0592937 0.0588638 0.0715376 0.0604568 0.0837979 0.0664819 0.1070985 0.0965703 0.0155194 0.0206785 0.0000000 0.0261657 0.0426844 
taxon18    0.1415443 0.1610703 0.1262904 0.1381630 0.1395138 0.0700800 0.0710374 0.0538314 0.0534376 0.0544587 0.0547046 0.0663503 0.0605601 0.0954652 0.0849239 0.0102700 0.0154505 0.0261657 0.0000000 0.0155354 
taxon19    0.1557345 0.1758174 0.1461574 0.1582937 0.1598234 0.0822208 0.0891117 0.0713370 0.0708227 0.0721283 0.0724558 0.0844911 0.0785196 0.1030685 0.0916727 0.0261843 0.0315138 0.0426844 0.0155354 0.0000000 
