20
taxon0     0.0000000 0.0244807 0.0197287 0.0195619 0.0195619 0.0394195 0.0345630 0.0344594 0.0394997 0.0398482 0.0396553 0.0345094 0.0344612 0.0445006 0.1544057 0.1559672 0.1821110 0.1747106 0.1551630 0.1434162 
taxon1     0.0244807 0.0000000 0.0195829 0.0195712 0.0195712 0.0344558 0.0344351 0.0345765 0.0396341 0.0395529 0.0345596 0.0344606 0.0294209 0.0393985 0.1541411 0.1669425 0.1814645 0.1740891 0.1670155 0.1615113 
taxon2     0.0197287 0.0195829 0.0000000 0.0148121 0.0148121 0.0445991 0.0394880 0.0399689 0.0450963 0.0296044 0.0245615 0.0300965 0.0295354 0.0395522 0.1423772 0.1614918 0.1746966 0.1674205 0.1637842 0.1622059 
taxon3     0.0195619 0.0195712 0.0148121 0.0000000 0.0000010 0.0345681 0.0295245 0.0245400 0.0295354 0.0348877 0.0346726 0.0294810 0.0295170 0.0295626 0.1432089 0.1499092 0.1758534 0.1685214 0.1611049 0.1620327 
taxon4     0.0195619 0.0195712 0.0148121 0.0000010 0.0000000 0.0345681 0.0295245 0.0245400 0.0295354 0.0348877 0.0346726 0.0294810 0.0295170 0.0295626 0.1432089 0.1499092 0.1758534 0.1685214 0.1611049 0.1620327 
taxon5     0.0394195 0.0344558 0.0445991 0.0345681 0.0345681 0.0000000 0.0097518 0.0097921 0.0048810 0.0608274 0.0556864 0.0555227 0.0502797 0.0400539 0.1625719 0.1642257 0.1788760 0.1714323 0.1752013 0.1629150 
taxon6     0.0345630 0.0344351 0.0394880 0.0295245 0.0295245 0.0097518 0.0000000 0.0048786 0.0097859 0.0555448 0.0556526 0.0503636 0.0502492 0.0503288 0.1624723 0.1519425 0.1662838 0.1589850 0.1691726 0.1751395 
taxon7     0.0344594 0.0345765 0.0399689 0.0245400 0.0245400 0.0097921 0.0048786 0.0000000 0.0048804 0.0562152 0.0558839 0.0503976 0.0504574 0.0505377 0.1631657 0.1587102 0.1732755 0.1658700 0.1692796 0.1758865 
taxon8     0.0394997 0.0396341 0.0450963 0.0295354 0.0295354 0.0048810 0.0097859 0.0048804 0.0000000 0.0614976 0.0611401 0.0555961 0.0556614 0.0453478 0.1693076 0.1648648 0.1795814 0.1721056 0.1754603 0.1696600 
taxon9     0.0398482 0.0395529 0.0296044 0.0348877 0.0348877 0.0608274 0.0555448 0.0562152 0.0614976 0.0000000 0.0146679 0.0099095 0.0195326 0.0294254 0.1473379 0.1536122 0.1793833 0.1720928 0.1560897 0.1606250 
taxon10    0.0396553 0.0345596 0.0245615 0.0346726 0.0346726 0.0556864 0.0556526 0.0558839 0.0611401 0.0146679 0.0000000 0.0097378 0.0146295 0.0244872 0.1295577 0.1539327 0.1669208 0.1597796 0.1542722 0.1548538 
taxon11    0.0345094 0.0344606 0.0300965 0.0294810 0.0294810 0.0555227 0.0503636 0.0503976 0.0555961 0.0099095 0.0097378 0.0000000 0.0145882 0.0244177 0.1412230 0.1477059 0.1732815 0.1660583 0.1419950 0.1543526 
taxon12    0.0344612 0.0294209 0.0295354 0.0295170 0.0295170 0.0502797 0.0502492 0.0504574 0.0556614 0.0195326 0.0146295 0.0145882 0.0000000 0.0096886 0.1418629 0.1541358 0.1799977 0.1726803 0.1544761 0.1550591 
taxon13    0.0445006 0.0393985 0.0395522 0.0295626 0.0295626 0.0400539 0.0503288 0.0505377 0.0453478 0.0294254 0.0244872 0.0244177 0.0096886 0.0000000 0.1421108 0.1544082 0.1803236 0.1729903 0.1662527 0.1547493 
taxon14    0.1544057 0.1541411 0.1423772 0.1432089 0.1432089 0.1625719 0.1624723 0.1631657 0.1693076 0.1473379 0.1295577 0.1412230 0.1418629 0.1421108 0.0000000 0.0296677 0.0400760 0.0346837 0.0347313 0.0348525 
taxon15    0.1559672 0.1669425 0.1614918 0.1499092 0.1499092 0.1642257 0.1519425 0.1587102 0.1648648 0.1536122 0.1539327 0.1477059 0.1541358 0.1544082 0.0296677 0.0000000 0.0198702 0.0147360 0.0348144 0.0451028 
taxon16    0.1821110 0.1814645 0.1746966 0.1758534 0.1758534 0.1788760 0.1662838 0.1732755 0.1795814 0.1793833 0.1669208 0.1732815 0.1799977 0.1803236 0.0400760 0.0198702 0.0000000 0.0148926 0.0559260 0.0665997 
taxon17    0.1747106 0.1740891 0.1674205 0.1685214 0.1685214 0.1714323 0.1589850 0.1658700 0.1721056 0.1720928 0.1597796 0.1660583 0.1726803 0.1729903 0.0346837 0.0147360 0.0148926 0.0000000 0.0399705 0.0503463 
taxon18    0.1551630 0.1670155 0.1637842 0.1611049 0.1611049 0.1752013 0.1691726 0.1692796 0.1754603 0.1560897 0.1542722 0.1419950 0.1544761 0.1662527 0.0347313 0.0348144 0.0559260 0.0399705 0.0000000 0.0298914 
taxon19    0.1434162 0.1615113 0.1622059 0.1620327 0.1620327 0.1629150 0.1751395 0.1758865 0.1696600 0.1606250 0.1548538 0.1543526 0.1550591 0.1547493 0.0348525 0.0451028 0.0665997 0.0503463 0.0298914 0.0000000 
