20
taxon0     0.0000000 0.0537197 0.2209767 0.2222121 0.2283654 0.2400023 0.1905090 0.2206103 0.2250493 0.2294271 0.3552379 0.3545573 0.3791331 0.3842176 0.4184337 0.3400947 0.3536718 0.3774124 0.3663248 0.4044088 
taxon1     0.0537197 0.0000000 0.2017501 0.2028459 0.2049203 0.1958731 0.1719556 0.2081751 0.2257396 0.2170199 0.3282258 0.3359049 0.3598384 0.3704905 0.3903206 0.3218293 0.3363978 0.3853839 0.3742630 0.4083881 
taxon2     0.2209767 0.2017501 0.0000000 0.0534437 0.1593186 0.1830171 0.2116950 0.2335350 0.2785681 0.2559683 0.3611422 0.3934837 0.4012219 0.4226239 0.4442514 0.3597715 0.3927919 0.4183841 0.4189342 0.4371726 
taxon3     0.2222121 0.2028459 0.0534437 0.0000000 0.1670787 0.1999071 0.2352500 0.2640434 0.2829322 0.2850574 0.3798791 0.4049196 0.4164977 0.4250459 0.4469046 0.3689515 0.4001424 0.4166864 0.4117696 0.4317098 
taxon4     0.2283654 0.2049203 0.1593186 0.1670787 0.0000000 0.0970456 0.2194148 0.2738579 0.2884350 0.2873885 0.4085244 0.4221046 0.4205107 0.4237956 0.4314784 0.4213670 0.4480756 0.4537373 0.4628684 0.4802171 
taxon5     0.2400023 0.1958731 0.1830171 0.1999071 0.0970456 0.0000000 0.2364987 0.2714823 0.2800465 0.2599273 0.3636423 0.3785086 0.4239117 0.4338491 0.4441932 0.3770635 0.3898653 0.4363027 0.4437901 0.4664125 
taxon6     0.1905090 0.1719556 0.2116950 0.2352500 0.2194148 0.2364987 0.0000000 0.0874970 0.1257879 0.1221850 0.3299585 0.3567833 0.3540720 0.3963070 0.3935154 0.3524317 0.3587931 0.3877672 0.3892100 0.4137644 
taxon7     0.2206103 0.2081751 0.2335350 0.2640434 0.2738579 0.2714823 0.0874970 0.0000000 0.1531897 0.1501632 0.3385195 0.3988256 0.3795545 0.4380020 0.4354086 0.3685297 0.3749821 0.4286623 0.4302279 0.4309407 
taxon8     0.2250493 0.2257396 0.2785681 0.2829322 0.2884350 0.2800465 0.1257879 0.1531897 0.0000000 0.1195133 0.3403380 0.3729288 0.3585706 0.4152274 0.4099795 0.3675038 0.3872802 0.4186532 0.4194402 0.4623674 
taxon9     0.2294271 0.2170199 0.2559683 0.2850574 0.2873885 0.2599273 0.1221850 0.1501632 0.1195133 0.0000000 0.3285031 0.3482045 0.3915229 0.4361748 0.4335489 0.3895995 0.3960836 0.4234046 0.4249682 0.4512672 
taxon10    0.3552379 0.3282258 0.3611422 0.3798791 0.4085244 0.3636423 0.3299585 0.3385195 0.3403380 0.3285031 0.0000000 0.1038248 0.1341353 0.1830571 0.1727283 0.1835237 0.2057290 0.1944453 0.2144904 0.2251919 
taxon11    0.3545573 0.3359049 0.3934837 0.4049196 0.4221046 0.3785086 0.3567833 0.3988256 0.3729288 0.3482045 0.1038248 0.0000000 0.0907516 0.1104209 0.1232785 0.2004388 0.2229084 0.1910498 0.2099355 0.2350308 
taxon12    0.3791331 0.3598384 0.4012219 0.4164977 0.4205107 0.4239117 0.3540720 0.3795545 0.3585706 0.3915229 0.1341353 0.0907516 0.0000000 0.0594222 0.0592174 0.2187855 0.2523846 0.2177160 0.2298551 0.2628058 
taxon13    0.3842176 0.3704905 0.4226239 0.4250459 0.4237956 0.4338491 0.3963070 0.4380020 0.4152274 0.4361748 0.1830571 0.1104209 0.0594222 0.0000000 0.0374301 0.2432675 0.2785128 0.2319115 0.2452848 0.2874053 
taxon14    0.4184337 0.3903206 0.4442514 0.4469046 0.4314784 0.4441932 0.3935154 0.4354086 0.4099795 0.4335489 0.1727283 0.1232785 0.0592174 0.0374301 0.0000000 0.2578322 0.2936516 0.2388425 0.2609232 0.2944730 
taxon15    0.3400947 0.3218293 0.3597715 0.3689515 0.4213670 0.3770635 0.3524317 0.3685297 0.3675038 0.3895995 0.1835237 0.2004388 0.2187855 0.2432675 0.2578322 0.0000000 0.0482403 0.0844551 0.0950443 0.1339041 
taxon16    0.3536718 0.3363978 0.3927919 0.4001424 0.4480756 0.3898653 0.3587931 0.3749821 0.3872802 0.3960836 0.2057290 0.2229084 0.2523846 0.2785128 0.2936516 0.0482403 0.0000000 0.1235978 0.1286728 0.1551079 
taxon17    0.3774124 0.3853839 0.4183841 0.4166864 0.4537373 0.4363027 0.3877672 0.4286623 0.4186532 0.4234046 0.1944453 0.1910498 0.2177160 0.2319115 0.2388425 0.0844551 0.1235978 0.0000000 0.0421526 0.0595317 
taxon18    0.3663248 0.3742630 0.4189342 0.4117696 0.4628684 0.4437901 0.3892100 0.4302279 0.4194402 0.4249682 0.2144904 0.2099355 0.2298551 0.2452848 0.2609232 0.0950443 0.1286728 0.0421526 0.0000000 0.0653012 
taxon19    0.4044088 0.4083881 0.4371726 0.4317098 0.4802171 0.4664125 0.4137644 0.4309407 0.4623674 0.4512672 0.2251919 0.2350308 0.2628058 0.2874053 0.2944730 0.1339041 0.1551079 0.0595317 0.0653012 0.0000000 
