18
taxon0     0.0000000 0.0050776 0.0050776 0.0101995 0.0205566 0.0154127 0.0261727 0.0318100 0.1346394 0.1278645 0.1339039 0.1339039 0.1409550 0.1488081 0.1419815 0.1419815 0.1347536 0.1540609 
taxon1     0.0050776 0.0000000 0.0000010 0.0153023 0.0153439 0.0205543 0.0314109 0.0371107 0.1281963 0.1214976 0.1274959 0.1274959 0.1344621 0.1421999 0.1354443 0.1354443 0.1283081 0.1474530 
taxon2     0.0050776 0.0000010 0.0000000 0.0153023 0.0153439 0.0205543 0.0314109 0.0371107 0.1281963 0.1214976 0.1274959 0.1274959 0.1344621 0.1421999 0.1354443 0.1354443 0.1283081 0.1474530 
taxon4     0.0101995 0.0153023 0.0153023 0.0000000 0.0256802 0.0102467 0.0259069 0.0264393 0.1287845 0.1220527 0.1280782 0.1280782 0.1350794 0.1428886 0.1297461 0.1297461 0.1286346 0.1417586 
taxon5     0.0205566 0.0153439 0.0153439 0.0256802 0.0000000 0.0152479 0.0154902 0.0314615 0.1269611 0.1339264 0.1399885 0.1399885 0.1471009 0.1411065 0.1480761 0.1480761 0.1416016 0.1555020 
taxon6     0.0154127 0.0205543 0.0205543 0.0102467 0.0152479 0.0000000 0.0153825 0.0157021 0.1216186 0.1285592 0.1346304 0.1346304 0.1417231 0.1357192 0.1426727 0.1426727 0.1361964 0.1500901 
taxon7     0.0261727 0.0314109 0.0314109 0.0259069 0.0154902 0.0153825 0.0000000 0.0208015 0.1403086 0.1474802 0.1536455 0.1536455 0.1466341 0.1406544 0.1476046 0.1476046 0.1554108 0.1550109 
taxon8     0.0318100 0.0371107 0.0371107 0.0264393 0.0314615 0.0157021 0.0208015 0.0000000 0.1429570 0.1502601 0.1565224 0.1565224 0.1493879 0.1433136 0.1503877 0.1503877 0.1583414 0.1455495 
taxon9     0.1346394 0.1281963 0.1281963 0.1287845 0.1269611 0.1216186 0.1403086 0.1429570 0.0000000 0.0050631 0.0101481 0.0101481 0.0153655 0.0154863 0.0207764 0.0207764 0.0153765 0.0263213 
taxon10    0.1278645 0.1214976 0.1214976 0.1220527 0.1339264 0.1285592 0.1474802 0.1502601 0.0050631 0.0000000 0.0050369 0.0050369 0.0101679 0.0208347 0.0154667 0.0154667 0.0101752 0.0258501 
taxon11    0.1339039 0.1274959 0.1274959 0.1280782 0.1399885 0.1346304 0.1536455 0.1565224 0.0101481 0.0050369 0.0000000 0.0000010 0.0050720 0.0260978 0.0206656 0.0206656 0.0152952 0.0310856 
taxon12    0.1339039 0.1274959 0.1274959 0.1280782 0.1399885 0.1346304 0.1536455 0.1565224 0.0101481 0.0050369 0.0000010 0.0000000 0.0050720 0.0260978 0.0206656 0.0206656 0.0152952 0.0310856 
taxon14    0.1409550 0.1344621 0.1344621 0.1350794 0.1471009 0.1417231 0.1466341 0.1493879 0.0153655 0.0101679 0.0050720 0.0050720 0.0000000 0.0207107 0.0153750 0.0153750 0.0205834 0.0256983 
taxon15    0.1488081 0.1421999 0.1421999 0.1428886 0.1411065 0.1357192 0.1406544 0.1433136 0.0154863 0.0208347 0.0260978 0.0260978 0.0207107 0.0000000 0.0101935 0.0101935 0.0154017 0.0155022 
taxon16    0.1419815 0.1354443 0.1354443 0.1297461 0.1480761 0.1426727 0.1476046 0.1503877 0.0207764 0.0154667 0.0206656 0.0206656 0.0153750 0.0101935 0.0000000 0.0000010 0.0101808 0.0101192 
taxon17    0.1419815 0.1354443 0.1354443 0.1297461 0.1480761 0.1426727 0.1476046 0.1503877 0.0207764 0.0154667 0.0206656 0.0206656 0.0153750 0.0101935 0.0000010 0.0000000 0.0101808 0.0101192 
taxon18    0.1347536 0.1283081 0.1283081 0.1286346 0.1416016 0.1361964 0.1554108 0.1583414 0.0153765 0.0101752 0.0152952 0.0152952 0.0205834 0.0154017 0.0101808 0.0101808 0.0000000 0.0204204 
taxon19    0.1540609 0.1474530 0.1474530 0.1417586 0.1555020 0.1500901 0.1550109 0.1455495 0.0263213 0.0258501 0.0310856 0.0310856 0.0256983 0.0155022 0.0101192 0.0101192 0.0204204 0.0000000 
