20
taxon0     0.0000000 0.2316458 0.3352667 0.3858403 0.3305081 0.5555715 0.5457131 0.5263892 0.5768392 0.5993125 0.5314189 0.5887974 0.5675464 0.6007152 0.5710217 0.4745021 0.5204160 0.5552548 0.5037028 0.4710191 
taxon1     0.2316458 0.0000000 0.2540387 0.2597141 0.2150853 0.4621118 0.4131712 0.4494275 0.4711107 0.4903947 0.4809497 0.5144287 0.4501586 0.5127068 0.4788888 0.3877141 0.4206619 0.5095997 0.4401640 0.3796703 
taxon2     0.3352667 0.2540387 0.0000000 0.2639508 0.2380916 0.5710494 0.5662416 0.4780066 0.5461563 0.4896945 0.5293382 0.5132515 0.5527199 0.6114928 0.5960903 0.4743171 0.4948735 0.5019048 0.5209495 0.4956997 
taxon3     0.3858403 0.2597141 0.2639508 0.0000000 0.2444434 0.5215429 0.5129109 0.4815419 0.4863196 0.5127501 0.5092768 0.5296526 0.4807041 0.5185084 0.5028410 0.4098060 0.4690515 0.5346597 0.4873982 0.4683192 
taxon4     0.3305081 0.2150853 0.2380916 0.2444434 0.0000000 0.5584073 0.5731529 0.5418225 0.5436777 0.5146362 0.4995172 0.5875028 0.5238908 0.5755847 0.5257917 0.4970570 0.5217262 0.5310568 0.5178801 0.5099697 
taxon5     0.5555715 0.4621118 0.5710494 0.5215429 0.5584073 0.0000000 0.1964900 0.2623686 0.2836390 0.3174294 0.3173547 0.3958816 0.3233991 0.3630568 0.4118223 0.3208580 0.3029018 0.3411748 0.3087805 0.2760402 
taxon6     0.5457131 0.4131712 0.5662416 0.5129109 0.5731529 0.1964900 0.0000000 0.1731503 0.2103052 0.2355921 0.2302338 0.3324656 0.2453229 0.2836601 0.3316002 0.3237609 0.3320334 0.3408049 0.3411027 0.3069226 
taxon7     0.5263892 0.4494275 0.4780066 0.4815419 0.5418225 0.2623686 0.1731503 0.0000000 0.1474157 0.2403763 0.1979363 0.2917575 0.2865092 0.3278737 0.3525244 0.3414167 0.3313230 0.3827666 0.3537625 0.3544584 
taxon8     0.5768392 0.4711107 0.5461563 0.4863196 0.5436777 0.2836390 0.2103052 0.1474157 0.0000000 0.2507295 0.1904803 0.2915470 0.2703859 0.3003877 0.3209195 0.3277122 0.3154475 0.3485828 0.3036798 0.3183721 
taxon9     0.5993125 0.4903947 0.4896945 0.5127501 0.5146362 0.3174294 0.2355921 0.2403763 0.2507295 0.0000000 0.1892205 0.2432244 0.2770499 0.3205827 0.3312225 0.3771261 0.3805974 0.3757916 0.3985463 0.3869861 
taxon10    0.5314189 0.4809497 0.5293382 0.5092768 0.4995172 0.3173547 0.2302338 0.1979363 0.1904803 0.1892205 0.0000000 0.1418882 0.1979262 0.2453662 0.2063878 0.3282633 0.3414946 0.3567930 0.3422005 0.3561464 
taxon11    0.5887974 0.5144287 0.5132515 0.5296526 0.5875028 0.3958816 0.3324656 0.2917575 0.2915470 0.2432244 0.1418882 0.0000000 0.2214797 0.2636126 0.2495535 0.4119653 0.4194647 0.4145637 0.4216049 0.4370385 
taxon12    0.5675464 0.4501586 0.5527199 0.4807041 0.5238908 0.3233991 0.2453229 0.2865092 0.2703859 0.2770499 0.1979262 0.2214797 0.0000000 0.1954059 0.1313642 0.3605508 0.3516326 0.3581409 0.3372641 0.3695990 
taxon13    0.6007152 0.5127068 0.6114928 0.5185084 0.5755847 0.3630568 0.2836601 0.3278737 0.3003877 0.3205827 0.2453662 0.2636126 0.1954059 0.0000000 0.1548653 0.3872376 0.4052241 0.4345477 0.4225829 0.4012408 
taxon14    0.5710217 0.4788888 0.5960903 0.5028410 0.5257917 0.4118223 0.3316002 0.3525244 0.3209195 0.3312225 0.2063878 0.2495535 0.1313642 0.1548653 0.0000000 0.4380573 0.4475881 0.4438200 0.4366319 0.4596926 
taxon15    0.4745021 0.3877141 0.4743171 0.4098060 0.4970570 0.3208580 0.3237609 0.3414167 0.3277122 0.3771261 0.3282633 0.4119653 0.3605508 0.3872376 0.4380573 0.0000000 0.1552405 0.2708184 0.2193338 0.1517993 
taxon16    0.5204160 0.4206619 0.4948735 0.4690515 0.5217262 0.3029018 0.3320334 0.3313230 0.3154475 0.3805974 0.3414946 0.4194647 0.3516326 0.4052241 0.4475881 0.1552405 0.0000000 0.2140257 0.1344610 0.1319545 
taxon17    0.5552548 0.5095997 0.5019048 0.5346597 0.5310568 0.3411748 0.3408049 0.3827666 0.3485828 0.3757916 0.3567930 0.4145637 0.3581409 0.4345477 0.4438200 0.2708184 0.2140257 0.0000000 0.1575607 0.2870557 
taxon18    0.5037028 0.4401640 0.5209495 0.4873982 0.5178801 0.3087805 0.3411027 0.3537625 0.3036798 0.3985463 0.3422005 0.4216049 0.3372641 0.4225829 0.4366319 0.2193338 0.1344610 0.1575607 0.0000000 0.1906696 
taxon19    0.4710191 0.3796703 0.4956997 0.4683192 0.5099697 0.2760402 0.3069226 0.3544584 0.3183721 0.3869861 0.3561464 0.4370385 0.3695990 0.4012408 0.4596926 0.1517993 0.1319545 0.2870557 0.1906696 0.0000000 
