20
taxon0     0.0000000 0.0150757 0.0464137 0.0518801 0.2480296 0.2219253 0.2219253 0.2657122 0.2653306 0.2560262 0.2367047 0.2206535 0.2266068 0.2331341 0.2135934 0.2137706 0.2365747 0.2364551 0.2449374 0.2435458 
taxon1     0.0150757 0.0000000 0.0406198 0.0576352 0.2562305 0.2298864 0.2298864 0.2741933 0.2737970 0.2643368 0.2448529 0.2285694 0.2477317 0.2411545 0.2344410 0.2346382 0.2580493 0.2579065 0.2352736 0.2339500 
taxon2     0.0464137 0.0406198 0.0000000 0.0256236 0.2496106 0.2485177 0.2485177 0.2643536 0.2639759 0.2697737 0.2502616 0.2215302 0.2406077 0.2340634 0.2273898 0.2275805 0.2508261 0.2506910 0.2347061 0.2333847 
taxon3     0.0518801 0.0576352 0.0256236 0.0000000 0.2716576 0.2643184 0.2643184 0.2805992 0.2801922 0.2860691 0.2661838 0.2367510 0.2561940 0.2495146 0.2426907 0.2428974 0.2582136 0.2580695 0.2577394 0.2562700 
taxon4     0.2480296 0.2562305 0.2496106 0.2716576 0.0000000 0.0402089 0.0402089 0.0776281 0.0775341 0.0609846 0.0455222 0.0610662 0.0767045 0.0714290 0.0661466 0.0610330 0.0837585 0.0781986 0.0622920 0.0514945 
taxon5     0.2219253 0.2298864 0.2485177 0.2643184 0.0402089 0.0000000 0.0000010 0.0616900 0.0616159 0.0558609 0.0404344 0.0505541 0.0660359 0.0608199 0.0556021 0.0505266 0.0728314 0.0673527 0.0675536 0.0567047 
taxon6     0.2219253 0.2298864 0.2485177 0.2643184 0.0402089 0.0000010 0.0000000 0.0616900 0.0616159 0.0558609 0.0404344 0.0505541 0.0660359 0.0608199 0.0556021 0.0505266 0.0728314 0.0673527 0.0675536 0.0567047 
taxon7     0.2657122 0.2741933 0.2643536 0.2805992 0.0776281 0.0616900 0.0616900 0.0000000 0.0099395 0.0354155 0.0303254 0.0618816 0.0777270 0.0723811 0.0776307 0.0776864 0.1012417 0.0955089 0.0789750 0.0900759 
taxon8     0.2653306 0.2737970 0.2639759 0.2801922 0.0775341 0.0616159 0.0616159 0.0099395 0.0000000 0.0251156 0.0302905 0.0618068 0.0668680 0.0615867 0.0775368 0.0775923 0.1011160 0.0953908 0.0679516 0.0789012 
taxon9     0.2560262 0.2643368 0.2697737 0.2860691 0.0609846 0.0558609 0.0558609 0.0354155 0.0251156 0.0000000 0.0148955 0.0560346 0.0610479 0.0558368 0.0715716 0.0716223 0.0947395 0.0891040 0.0732066 0.0728283 
taxon10    0.2367047 0.2448529 0.2502616 0.2661838 0.0455222 0.0404344 0.0404344 0.0303254 0.0302905 0.0148955 0.0000000 0.0508911 0.0664742 0.0612239 0.0559716 0.0560109 0.0786273 0.0730839 0.0788383 0.0784296 
taxon11    0.2206535 0.2285694 0.2215302 0.2367510 0.0610662 0.0505541 0.0505541 0.0618816 0.0618068 0.0560346 0.0508911 0.0000000 0.0148975 0.0099100 0.0148809 0.0148910 0.0358342 0.0305938 0.0358299 0.0356474 
taxon12    0.2266068 0.2477317 0.2406077 0.2561940 0.0767045 0.0660359 0.0660359 0.0777270 0.0668680 0.0610479 0.0664742 0.0148975 0.0000000 0.0049209 0.0198451 0.0198586 0.0409497 0.0356886 0.0408900 0.0406807 
taxon13    0.2331341 0.2411545 0.2340634 0.2495146 0.0714290 0.0608199 0.0608199 0.0723811 0.0615867 0.0558368 0.0612239 0.0099100 0.0049209 0.0000000 0.0248631 0.0248801 0.0461632 0.0408698 0.0357036 0.0355211 
taxon14    0.2135934 0.2344410 0.2273898 0.2426907 0.0661466 0.0556021 0.0556021 0.0776307 0.0775368 0.0715716 0.0559716 0.0148809 0.0198451 0.0248631 0.0000000 0.0098822 0.0305815 0.0253848 0.0513523 0.0510900 
taxon15    0.2137706 0.2346382 0.2275805 0.2428974 0.0610330 0.0505266 0.0505266 0.0776864 0.0775923 0.0716223 0.0560109 0.0148910 0.0198586 0.0248801 0.0098822 0.0000000 0.0203270 0.0151863 0.0513886 0.0459666 
taxon16    0.2365747 0.2580493 0.2508261 0.2582136 0.0837585 0.0728314 0.0728314 0.1012417 0.1011160 0.0947395 0.0786273 0.0358342 0.0409497 0.0461632 0.0305815 0.0203270 0.0000000 0.0149415 0.0740677 0.0683670 
taxon17    0.2364551 0.2579065 0.2506910 0.2580695 0.0781986 0.0673527 0.0673527 0.0955089 0.0953908 0.0891040 0.0730839 0.0305938 0.0356886 0.0408698 0.0253848 0.0151863 0.0149415 0.0000000 0.0684997 0.0628552 
taxon18    0.2449374 0.2352736 0.2347061 0.2577394 0.0622920 0.0675536 0.0675536 0.0789750 0.0679516 0.0732066 0.0788383 0.0358299 0.0408900 0.0357036 0.0513523 0.0513886 0.0740677 0.0684997 0.0000000 0.0098792 
taxon19    0.2435458 0.2339500 0.2333847 0.2562700 0.0514945 0.0567047 0.0567047 0.0900759 0.0789012 0.0728283 0.0784296 0.0356474 0.0406807 0.0355211 0.0510900 0.0459666 0.0683670 0.0628552 0.0098792 0.0000000 
