20
taxon0     0.0000000 0.8882027 1.8532181 2.8609183 2.4481116 4.9365322 3.9766907 3.6420632 5.0567064 4.7035339 4.1043557 2.5928207 5.0583222 3.7614084 2.3747628 2.1790249 2.2597480 4.0358578 2.8302000 2.8436127 
taxon1     0.8882027 0.0000000 2.1287786 2.8664972 2.2490500 4.8557209 2.8985432 4.2534590 4.3961396 4.4001743 3.6297150 2.5581782 3.1430627 3.0112907 2.2146553 1.9470697 2.1314205 3.2080531 3.7229070 2.4196754 
taxon2     1.8532181 2.1287786 0.0000000 0.9285783 1.6412699 4.3684169 2.2276341 3.3736622 4.9550412 3.6068215 4.1374781 2.3142425 2.7745664 2.3308127 1.8699422 2.0084985 1.7993661 2.4738137 2.7347948 2.4398419 
taxon3     2.8609183 2.8664972 0.9285783 0.0000000 2.1754805 5.3725201 3.2018638 8.9999989 5.2393744 3.6345368 4.3056462 3.3058593 4.4677903 4.0832857 2.5484681 2.3734545 2.3188030 2.6208387 4.0265846 2.4236949 
taxon4     2.4481116 2.2490500 1.6412699 2.1754805 0.0000000 1.3325377 1.0656282 1.6962034 2.2259260 2.4803172 2.1438084 1.6725317 2.2587338 3.0646484 1.6607057 1.5401774 1.7098970 3.2048612 3.0881838 2.9891346 
taxon5     4.9365322 4.8557209 4.3684169 5.3725201 1.3325377 0.0000000 1.3459230 1.9849527 3.2691240 3.3240464 4.1469139 4.4388067 6.1741438 4.9982479 4.0975753 6.2609098 5.0046195 5.8215706 6.0131337 8.9999987 
taxon6     3.9766907 2.8985432 2.2276341 3.2018638 1.0656282 1.3459230 0.0000000 0.8454834 1.4835635 1.6939758 1.2841720 2.4605401 3.5267206 3.1346348 2.3914710 2.5775033 2.2496724 3.9547236 2.6281077 2.8031717 
taxon7     3.6420632 4.2534590 3.3736622 8.9999989 1.6962034 1.9849527 0.8454834 0.0000000 1.1715858 1.3058553 0.8045351 4.6956921 7.3350949 8.9516513 4.7376716 3.4179540 3.1347212 3.6495561 3.4763666 4.0298498 
taxon8     5.0567064 4.3961396 4.9550412 5.2393744 2.2259260 3.2691240 1.4835635 1.1715858 0.0000000 1.7849782 1.3533991 4.4913825 4.8392533 4.9771645 3.7125978 3.2611712 2.7766579 3.5884066 4.9995467 4.0391702 
taxon9     4.7035339 4.4001743 3.6068215 3.6345368 2.4803172 3.3240464 1.6939758 1.3058553 1.7849782 0.0000000 0.4787420 3.7279499 5.1907152 6.4190995 4.3187520 3.3059396 3.3165055 3.8998647 4.3062130 4.1920023 
taxon10    4.1043557 3.6297150 4.1374781 4.3056462 2.1438084 4.1469139 1.2841720 0.8045351 1.3533991 0.4787420 0.0000000 4.8945809 4.5087368 7.9650225 4.3185079 4.1635029 3.1406933 3.7221263 4.6589964 3.9282431 
taxon11    2.5928207 2.5581782 2.3142425 3.3058593 1.6725317 4.4388067 2.4605401 4.6956921 4.4913825 3.7279499 4.8945809 0.0000000 1.3666053 1.0864179 1.7750416 2.2044281 2.2031110 3.2136501 3.7090798 5.1949725 
taxon12    5.0583222 3.1430627 2.7745664 4.4677903 2.2587338 6.1741438 3.5267206 7.3350949 4.8392533 5.1907152 4.5087368 1.3666053 0.0000000 0.7105275 2.3953003 2.6419907 3.0023256 4.2689497 5.7860176 6.1199143 
taxon13    3.7614084 3.0112907 2.3308127 4.0832857 3.0646484 4.9982479 3.1346348 8.9516513 4.9771645 6.4190995 7.9650225 1.0864179 0.7105275 0.0000000 2.4820878 3.0855946 2.6040814 3.3447183 6.1366261 4.8675451 
taxon14    2.3747628 2.2146553 1.8699422 2.5484681 1.6607057 4.0975753 2.3914710 4.7376716 3.7125978 4.3187520 4.3185079 1.7750416 2.3953003 2.4820878 0.0000000 1.4428012 1.3733987 2.7711833 3.4318624 3.8955195 
taxon15    2.1790249 1.9470697 2.0084985 2.3734545 1.5401774 6.2609098 2.5775033 3.4179540 3.2611712 3.3059396 4.1635029 2.2044281 2.6419907 3.0855946 1.4428012 0.0000000 0.7171861 2.3604650 2.8638084 2.3912802 
taxon16    2.2597480 2.1314205 1.7993661 2.3188030 1.7098970 5.0046195 2.2496724 3.1347212 2.7766579 3.3165055 3.1406933 2.2031110 3.0023256 2.6040814 1.3733987 0.7171861 0.0000000 2.6834618 2.8247551 2.5611962 
taxon17    4.0358578 3.2080531 2.4738137 2.6208387 3.2048612 5.8215706 3.9547236 3.6495561 3.5884066 3.8998647 3.7221263 3.2136501 4.2689497 3.3447183 2.7711833 2.3604650 2.6834618 0.0000000 1.4793719 1.4498489 
taxon18    2.8302000 3.7229070 2.7347948 4.0265846 3.0881838 6.0131337 2.6281077 3.4763666 4.9995467 4.3062130 4.6589964 3.7090798 5.7860176 6.1366261 3.4318624 2.8638084 2.8247551 1.4793719 0.0000000 1.0277731 
taxon19    2.8436127 2.4196754 2.4398419 2.4236949 2.9891346 8.9999987 2.8031717 4.0298498 4.0391702 4.1920023 3.9282431 5.1949725 6.1199143 4.8675451 3.8955195 2.3912802 2.5611962 1.4498489 1.0277731 0.0000000 
