20
taxon0     0.0000000 0.3274751 0.4311921 0.4590366 0.4169592 0.4429211 0.4473901 0.4402592 0.4074650 0.6454987 0.8200951 0.7534423 0.7675713 0.8362039 0.8067623 0.8754946 0.8214403 0.7292732 0.5667294 0.5766571 
taxon1     0.3274751 0.0000000 0.3031597 0.3702816 0.3699938 0.4617620 0.4262122 0.4628145 0.4448458 0.6628287 0.8092834 0.7215474 0.7855010 0.8559308 0.8062522 0.8818984 0.8462049 0.7188755 0.6878137 0.6435965 
taxon2     0.4311921 0.3031597 0.0000000 0.3292228 0.2854851 0.5477282 0.5009373 0.5528460 0.5324899 0.7188280 0.8414650 0.8342029 0.8528684 0.9160795 0.8542978 0.9705723 0.8911447 0.7940470 0.7178534 0.7043543 
taxon3     0.4590366 0.3702816 0.3292228 0.0000000 0.1761310 0.5489877 0.5492079 0.6158926 0.5493416 0.8468327 0.9427711 0.9029397 0.9407347 0.9912238 0.9681512 1.0077919 0.9545379 0.8453961 0.8528197 0.7909073 
taxon4     0.4169592 0.3699938 0.2854851 0.1761310 0.0000000 0.5410095 0.5292501 0.5988879 0.5606087 0.7710400 0.9203158 0.8540610 0.8901428 0.9633965 0.8992415 0.9391639 0.8551436 0.8336059 0.7748791 0.6929444 
taxon5     0.4429211 0.4617620 0.5477282 0.5489877 0.5410095 0.0000000 0.1565399 0.3578281 0.3659386 0.7028063 0.9037382 0.7657907 0.7897435 0.8221480 0.7579833 0.8688391 0.8418436 0.7680000 0.6337642 0.6211567 
taxon6     0.4473901 0.4262122 0.5009373 0.5492079 0.5292501 0.1565399 0.0000000 0.3132409 0.3063919 0.6419153 0.8654143 0.7642183 0.7252099 0.7849501 0.7532243 0.8398804 0.8472647 0.6987156 0.6116666 0.5884148 
taxon7     0.4402592 0.4628145 0.5528460 0.6158926 0.5988879 0.3578281 0.3132409 0.0000000 0.2009062 0.6494719 0.7462609 0.6837579 0.7151499 0.8113210 0.7593628 0.8040677 0.8151181 0.7151831 0.6548878 0.6401010 
taxon8     0.4074650 0.4448458 0.5324899 0.5493416 0.5606087 0.3659386 0.3063919 0.2009062 0.0000000 0.6550300 0.7880585 0.6980180 0.7293710 0.8227766 0.7949885 0.8425324 0.8393612 0.7125260 0.6377297 0.6084965 
taxon9     0.6454987 0.6628287 0.7188280 0.8468327 0.7710400 0.7028063 0.6419153 0.6494719 0.6550300 0.0000000 0.2705333 0.2445993 0.3915147 0.4439583 0.5604276 0.5845856 0.5986743 0.3395878 0.4596588 0.4316121 
taxon10    0.8200951 0.8092834 0.8414650 0.9427711 0.9203158 0.9037382 0.8654143 0.7462609 0.7880585 0.2705333 0.0000000 0.2228061 0.5392753 0.6107524 0.6356599 0.7073819 0.7119065 0.4947051 0.5906759 0.5896336 
taxon11    0.7534423 0.7215474 0.8342029 0.9029397 0.8540610 0.7657907 0.7642183 0.6837579 0.6980180 0.2445993 0.2228061 0.0000000 0.4969063 0.5661139 0.6132575 0.6613258 0.6398841 0.4476248 0.5612673 0.5485706 
taxon12    0.7675713 0.7855010 0.8528684 0.9407347 0.8901428 0.7897435 0.7252099 0.7151499 0.7293710 0.3915147 0.5392753 0.4969063 0.0000000 0.3070826 0.3843688 0.4129817 0.4684608 0.3119303 0.6368150 0.5720341 
taxon13    0.8362039 0.8559308 0.9160795 0.9912238 0.9633965 0.8221480 0.7849501 0.8113210 0.8227766 0.4439583 0.6107524 0.5661139 0.3070826 0.0000000 0.2836190 0.3473230 0.3700463 0.3878124 0.7173571 0.6374373 
taxon14    0.8067623 0.8062522 0.8542978 0.9681512 0.8992415 0.7579833 0.7532243 0.7593628 0.7949885 0.5604276 0.6356599 0.6132575 0.3843688 0.2836190 0.0000000 0.2539573 0.3088332 0.4791486 0.7039235 0.7026260 
taxon15    0.8754946 0.8818984 0.9705723 1.0077919 0.9391639 0.8688391 0.8398804 0.8040677 0.8425324 0.5845856 0.7073819 0.6613258 0.4129817 0.3473230 0.2539573 0.0000000 0.1959512 0.5135985 0.8205085 0.7359306 
taxon16    0.8214403 0.8462049 0.8911447 0.9545379 0.8551436 0.8418436 0.8472647 0.8151181 0.8393612 0.5986743 0.7119065 0.6398841 0.4684608 0.3700463 0.3088332 0.1959512 0.0000000 0.5442019 0.7855773 0.7571328 
taxon17    0.7292732 0.7188755 0.7940470 0.8453961 0.8336059 0.7680000 0.6987156 0.7151831 0.7125260 0.3395878 0.4947051 0.4476248 0.3119303 0.3878124 0.4791486 0.5135985 0.5442019 0.0000000 0.5184571 0.4858577 
taxon18    0.5667294 0.6878137 0.7178534 0.8528197 0.7748791 0.6337642 0.6116666 0.6548878 0.6377297 0.4596588 0.5906759 0.5612673 0.6368150 0.7173571 0.7039235 0.8205085 0.7855773 0.5184571 0.0000000 0.2544782 
taxon19    0.5766571 0.6435965 0.7043543 0.7909073 0.6929444 0.6211567 0.5884148 0.6401010 0.6084965 0.4316121 0.5896336 0.5485706 0.5720341 0.6374373 0.7026260 0.7359306 0.7571328 0.4858577 0.2544782 0.0000000 
