20
taxon0     0.0000000 0.0587185 0.0789659 0.1119305 0.1054141 0.1085659 0.0752536 0.0905082 0.1190060 0.0957119 0.3137917 0.3144797 0.3131645 0.3141917 0.3008881 0.3139736 0.3307466 0.3153054 0.3460517 0.3363531 
taxon1     0.0587185 0.0000000 0.0533716 0.0750569 0.0793477 0.0815845 0.0752105 0.0854171 0.0960767 0.0801597 0.2675876 0.2681579 0.2615896 0.2813165 0.2633239 0.2692456 0.2918871 0.2843469 0.3260347 0.3105992 
taxon2     0.0789659 0.0533716 0.0000000 0.0541956 0.0337482 0.0396938 0.0958508 0.1004756 0.1176710 0.0951724 0.2839818 0.2845938 0.2926203 0.2911248 0.2787702 0.2784576 0.3078296 0.2937669 0.3555109 0.3400001 
taxon3     0.1119305 0.0750569 0.0541956 0.0000000 0.0385977 0.0343277 0.1111652 0.1161433 0.1222009 0.0999433 0.2903700 0.2909873 0.2642102 0.2845230 0.2724757 0.2582722 0.2872435 0.2736141 0.3187368 0.3246866 
taxon4     0.1054141 0.0793477 0.0337482 0.0385977 0.0000000 0.0242886 0.1152386 0.1150986 0.1273069 0.1097589 0.2928304 0.2934563 0.2765519 0.2869513 0.2747939 0.2744879 0.2896682 0.2759447 0.3362696 0.3220946 
taxon5     0.1085659 0.0815845 0.0396938 0.0343277 0.0242886 0.0000000 0.1184100 0.1234680 0.1293209 0.1179692 0.2763457 0.2769305 0.2652671 0.2705208 0.2683909 0.2680895 0.2733407 0.2695268 0.3296280 0.3207061 
taxon6     0.0752536 0.0752105 0.0958508 0.1111652 0.1152386 0.1184100 0.0000000 0.0332618 0.0738773 0.0380829 0.2654901 0.2796528 0.2658840 0.2658031 0.2681763 0.2808126 0.2968155 0.2868216 0.3206598 0.2913165 
taxon7     0.0905082 0.0854171 0.1004756 0.1161433 0.1150986 0.1234680 0.0332618 0.0000000 0.0485844 0.0140901 0.2779026 0.2921935 0.2655153 0.2782344 0.2678063 0.2804248 0.2964026 0.2864263 0.3202150 0.3049560 
taxon8     0.1190060 0.0960767 0.1176710 0.1222009 0.1273069 0.1293209 0.0738773 0.0485844 0.0000000 0.0336713 0.2614250 0.2753667 0.2834778 0.2749539 0.2646596 0.2566717 0.2929313 0.2764468 0.2828994 0.3019876 
taxon9     0.0957119 0.0801597 0.0951724 0.0999433 0.1097589 0.1179692 0.0380829 0.0140901 0.0336713 0.0000000 0.2710884 0.2852830 0.2587612 0.2714092 0.2610766 0.2596252 0.2894926 0.2796214 0.2986707 0.2979778 
taxon10    0.3137917 0.2675876 0.2839818 0.2903700 0.2928304 0.2763457 0.2654901 0.2779026 0.2614250 0.2710884 0.0000000 0.0095991 0.0340095 0.0290005 0.0594931 0.0644486 0.0588330 0.0694747 0.0953255 0.0914670 
taxon11    0.3144797 0.2681579 0.2845938 0.2909873 0.2934563 0.2769305 0.2796528 0.2921935 0.2753667 0.2852830 0.0095991 0.0000000 0.0440463 0.0389486 0.0699127 0.0749053 0.0691478 0.0753943 0.1016130 0.0977815 
taxon12    0.3131645 0.2615896 0.2926203 0.2642102 0.2765519 0.2652671 0.2658840 0.2655153 0.2834778 0.2587612 0.0340095 0.0440463 0.0000000 0.0242293 0.0546848 0.0647846 0.0640904 0.0803077 0.1009039 0.0760268 
taxon13    0.3141917 0.2813165 0.2911248 0.2845230 0.2869513 0.2705208 0.2658031 0.2782344 0.2749539 0.2714092 0.0290005 0.0389486 0.0242293 0.0000000 0.0493180 0.0593234 0.0586858 0.0746825 0.0950826 0.0808795 
taxon14    0.3008881 0.2633239 0.2787702 0.2724757 0.2747939 0.2683909 0.2681763 0.2678063 0.2646596 0.2610766 0.0594931 0.0699127 0.0546848 0.0493180 0.0000000 0.0191045 0.0291282 0.0336744 0.0683741 0.0592278 
taxon15    0.3139736 0.2692456 0.2784576 0.2582722 0.2744879 0.2680895 0.2808126 0.2804248 0.2566717 0.2596252 0.0644486 0.0749053 0.0647846 0.0593234 0.0191045 0.0000000 0.0389260 0.0336361 0.0632360 0.0692707 
taxon16    0.3307466 0.2918871 0.3078296 0.2872435 0.2896682 0.2733407 0.2968155 0.2964026 0.2929313 0.2894926 0.0588330 0.0691478 0.0640904 0.0586858 0.0291282 0.0389260 0.0000000 0.0438381 0.0690050 0.0699394 
taxon17    0.3153054 0.2843469 0.2937669 0.2736141 0.2759447 0.2695268 0.2868216 0.2864263 0.2764468 0.2796214 0.0694747 0.0753943 0.0803077 0.0746825 0.0336744 0.0336361 0.0438381 0.0000000 0.0633246 0.0541536 
taxon18    0.3460517 0.3260347 0.3555109 0.3187368 0.3362696 0.3296280 0.3206598 0.3202150 0.2828994 0.2986707 0.0953255 0.1016130 0.1009039 0.0950826 0.0683741 0.0632360 0.0690050 0.0633246 0.0000000 0.0441524 
taxon19    0.3363531 0.3105992 0.3400001 0.3246866 0.3220946 0.3207061 0.2913165 0.3049560 0.3019876 0.2979778 0.0914670 0.0977815 0.0760268 0.0808795 0.0592278 0.0692707 0.0699394 0.0541536 0.0441524 0.0000000 
