20
taxon0     0.0000000 0.2246270 0.1754810 0.2562709 0.3004123 0.2681759 0.2775664 0.3483198 0.3670726 0.3968104 0.3950305 0.4449377 0.4815288 0.4465877 0.4382301 0.4405958 0.4523716 0.4739110 0.4595280 0.4822724 
taxon1     0.2246270 0.0000000 0.1260174 0.2863742 0.3384448 0.3255995 0.3366579 0.3970612 0.4121146 0.4593347 0.4637905 0.4634760 0.4426227 0.4532163 0.4671109 0.4659223 0.4690144 0.4716514 0.5070698 0.4937855 
taxon2     0.1754810 0.1260174 0.0000000 0.2578503 0.3329976 0.3125278 0.3345234 0.3982477 0.4294125 0.4617697 0.4587550 0.4588107 0.4521806 0.4385464 0.4602842 0.4667414 0.4947719 0.4760338 0.5249208 0.5183688 
taxon3     0.2562709 0.2863742 0.2578503 0.0000000 0.2893136 0.2498645 0.3177826 0.3995138 0.4195302 0.4540736 0.4558877 0.4913839 0.4991651 0.4602391 0.4575543 0.4798676 0.5139612 0.4887133 0.5089497 0.5141075 
taxon4     0.3004123 0.3384448 0.3329976 0.2893136 0.0000000 0.2594256 0.3573098 0.4047611 0.4285575 0.4649921 0.4730216 0.6084404 0.6054178 0.5845378 0.5734401 0.5777013 0.6125525 0.5440510 0.6025822 0.5875988 
taxon5     0.2681759 0.3255995 0.3125278 0.2498645 0.2594256 0.0000000 0.3821129 0.4442321 0.4450689 0.5153748 0.5007818 0.5453036 0.5935557 0.5005569 0.5318187 0.5617013 0.5783453 0.5510489 0.5791592 0.5838429 
taxon6     0.2775664 0.3366579 0.3345234 0.3177826 0.3573098 0.3821129 0.0000000 0.1559942 0.2094305 0.2309963 0.2621015 0.4702108 0.5130410 0.4780020 0.4804879 0.4690934 0.4892447 0.4868621 0.5409853 0.5352391 
taxon7     0.3483198 0.3970612 0.3982477 0.3995138 0.4047611 0.4442321 0.1559942 0.0000000 0.1045219 0.1238233 0.1639372 0.4737573 0.5235998 0.5028883 0.4999793 0.4560493 0.4845464 0.5130900 0.5496909 0.5442753 
taxon8     0.3670726 0.4121146 0.4294125 0.4195302 0.4285575 0.4450689 0.2094305 0.1045219 0.0000000 0.1637321 0.2051896 0.4772358 0.5321258 0.5214906 0.5169373 0.4857520 0.4803685 0.5090326 0.5449819 0.5305039 
taxon9     0.3968104 0.4593347 0.4617697 0.4540736 0.4649921 0.5153748 0.2309963 0.1238233 0.1637321 0.0000000 0.0986762 0.5280006 0.5439041 0.5544718 0.5505506 0.5004480 0.5114413 0.5360008 0.5823069 0.5472744 
taxon10    0.3950305 0.4637905 0.4587550 0.4558877 0.4730216 0.5007818 0.2621015 0.1639372 0.2051896 0.0986762 0.0000000 0.5399972 0.5566711 0.5637245 0.5534670 0.5067814 0.5183802 0.5610149 0.5634850 0.5576507 
taxon11    0.4449377 0.4634760 0.4588107 0.4913839 0.6084404 0.5453036 0.4702108 0.4737573 0.4772358 0.5280006 0.5399972 0.0000000 0.1357757 0.1363381 0.1687822 0.2898985 0.2737263 0.3049092 0.3449973 0.3498367 
taxon12    0.4815288 0.4426227 0.4521806 0.4991651 0.6054178 0.5935557 0.5130410 0.5235998 0.5321258 0.5439041 0.5566711 0.1357757 0.0000000 0.1953387 0.2206810 0.3311009 0.3203582 0.3506796 0.3768126 0.3480857 
taxon13    0.4465877 0.4532163 0.4385464 0.4602391 0.5845378 0.5005569 0.4780020 0.5028883 0.5214906 0.5544718 0.5637245 0.1363381 0.1953387 0.0000000 0.1091532 0.3088248 0.2835477 0.3226082 0.3569129 0.3606046 
taxon14    0.4382301 0.4671109 0.4602842 0.4575543 0.5734401 0.5318187 0.4804879 0.4999793 0.5169373 0.5505506 0.5534670 0.1687822 0.2206810 0.1091532 0.0000000 0.2967919 0.3086179 0.3340977 0.3655348 0.3923618 
taxon15    0.4405958 0.4659223 0.4667414 0.4798676 0.5777013 0.5617013 0.4690934 0.4560493 0.4857520 0.5004480 0.5067814 0.2898985 0.3311009 0.3088248 0.2967919 0.0000000 0.2091433 0.2242785 0.2590164 0.3003552 
taxon16    0.4523716 0.4690144 0.4947719 0.5139612 0.6125525 0.5783453 0.4892447 0.4845464 0.4803685 0.5114413 0.5183802 0.2737263 0.3203582 0.2835477 0.3086179 0.2091433 0.0000000 0.1990802 0.1998157 0.2407173 
taxon17    0.4739110 0.4716514 0.4760338 0.4887133 0.5440510 0.5510489 0.4868621 0.5130900 0.5090326 0.5360008 0.5610149 0.3049092 0.3506796 0.3226082 0.3340977 0.2242785 0.1990802 0.0000000 0.2331975 0.2473793 
taxon18    0.4595280 0.5070698 0.5249208 0.5089497 0.6025822 0.5791592 0.5409853 0.5496909 0.5449819 0.5823069 0.5634850 0.3449973 0.3768126 0.3569129 0.3655348 0.2590164 0.1998157 0.2331975 0.0000000 0.1806817 
taxon19    0.4822724 0.4937855 0.5183688 0.5141075 0.5875988 0.5838429 0.5352391 0.5442753 0.5305039 0.5472744 0.5576507 0.3498367 0.3480857 0.3606046 0.3923618 0.3003552 0.2407173 0.2473793 0.1806817 0.0000000 
