20
taxon0     0.0000000 0.3196060 0.7917068 0.7576350 0.8005650 0.8817397 0.7803024 0.6227227 0.9583708 0.9089461 1.0197481 1.1380489 1.0126206 1.1737898 1.2135912 1.1596628 1.0707753 0.9991243 1.0428438 0.9727308 
taxon1     0.3196060 0.0000000 0.8158591 0.7741545 0.8469426 0.9369235 0.8321837 0.6672560 1.0439925 0.9534777 1.0311185 1.1476792 0.9492090 1.1862749 1.2171156 1.1231401 1.1000277 1.0504253 1.0321360 0.9476473 
taxon2     0.7917068 0.8158591 0.0000000 0.1663781 0.2242978 0.3427159 0.2189022 0.2719643 0.5526222 0.4164610 0.6060783 0.9419824 0.7843037 0.9479655 1.1146235 1.1418422 0.9964219 0.9944054 0.8977329 0.8397691 
taxon3     0.7576350 0.7741545 0.1663781 0.0000000 0.1997978 0.3206244 0.2147494 0.2813116 0.5830371 0.4451581 0.6054061 0.9172922 0.7628240 0.9694370 1.1463948 1.1108006 1.0091486 1.0130213 0.8957439 0.8492568 
taxon4     0.8005650 0.8469426 0.2242978 0.1997978 0.0000000 0.3705945 0.2397865 0.3558720 0.6330560 0.4789431 0.6477159 0.9657147 0.8163637 0.9947837 1.2335865 1.1355842 1.1054787 1.0182312 0.9363482 0.8878309 
taxon5     0.8817397 0.9369235 0.3427159 0.3206244 0.3705945 0.0000000 0.2455733 0.4455039 0.7380977 0.6440525 0.8163319 0.9835029 0.8488417 1.0432853 1.1800138 1.1816180 1.0801520 1.1198301 0.9604705 0.9076574 
taxon6     0.7803024 0.8321837 0.2189022 0.2147494 0.2397865 0.2455733 0.0000000 0.3176591 0.6229466 0.5029855 0.6738735 0.9615515 0.7933970 0.9573273 1.1326249 1.1391718 1.0240987 1.0581197 0.9541765 0.8542211 
taxon7     0.6227227 0.6672560 0.2719643 0.2813116 0.3558720 0.4455039 0.3176591 0.0000000 0.4369670 0.2769343 0.4118881 0.8641137 0.7670873 0.9663527 1.0856384 1.1134156 0.9434857 0.9890331 0.8864693 0.7953271 
taxon8     0.9583708 1.0439925 0.5526222 0.5830371 0.6330560 0.7380977 0.6229466 0.4369670 0.0000000 0.3260863 0.4481285 1.2282175 1.0256420 1.1641289 1.3008489 1.3444664 1.2368736 1.2561532 1.1420533 1.0797381 
taxon9     0.9089461 0.9534777 0.4164610 0.4451581 0.4789431 0.6440525 0.5029855 0.2769343 0.3260863 0.0000000 0.2445250 1.1016390 0.9060861 1.0882121 1.2607779 1.3767776 1.2044511 1.1589047 1.0183646 0.9803595 
taxon10    1.0197481 1.0311185 0.6060783 0.6054061 0.6477159 0.8163319 0.6738735 0.4118881 0.4481285 0.2445250 0.0000000 1.1985046 1.0489070 1.1725099 1.3343318 1.3859852 1.2996094 1.2684295 1.0801691 1.0666896 
taxon11    1.1380489 1.1476792 0.9419824 0.9172922 0.9657147 0.9835029 0.9615515 0.8641137 1.2282175 1.1016390 1.1985046 0.0000000 0.2251438 0.7044405 0.7823359 0.8096076 0.7582608 0.7922020 0.6648449 0.5376693 
taxon12    1.0126206 0.9492090 0.7843037 0.7628240 0.8163637 0.8488417 0.7933970 0.7670873 1.0256420 0.9060861 1.0489070 0.2251438 0.0000000 0.6133289 0.6306595 0.7182946 0.6328232 0.7263248 0.5517532 0.4265391 
taxon13    1.1737898 1.1862749 0.9479655 0.9694370 0.9947837 1.0432853 0.9573273 0.9663527 1.1641289 1.0882121 1.1725099 0.7044405 0.6133289 0.0000000 0.5316011 0.6345093 0.5427748 0.5829524 0.6486996 0.5746257 
taxon14    1.2135912 1.2171156 1.1146235 1.1463948 1.2335865 1.1800138 1.1326249 1.0856384 1.3008489 1.2607779 1.3343318 0.7823359 0.6306595 0.5316011 0.0000000 0.3730358 0.3306850 0.5183733 0.7877224 0.6450178 
taxon15    1.1596628 1.1231401 1.1418422 1.1108006 1.1355842 1.1816180 1.1391718 1.1134156 1.3444664 1.3767776 1.3859852 0.8096076 0.7182946 0.6345093 0.3730358 0.0000000 0.3002657 0.4371595 0.7922298 0.7095591 
taxon16    1.0707753 1.1000277 0.9964219 1.0091486 1.1054787 1.0801520 1.0240987 0.9434857 1.2368736 1.2044511 1.2996094 0.7582608 0.6328232 0.5427748 0.3306850 0.3002657 0.0000000 0.2125783 0.6996882 0.5797635 
taxon17    0.9991243 1.0504253 0.9944054 1.0130213 1.0182312 1.1198301 1.0581197 0.9890331 1.2561532 1.1589047 1.2684295 0.7922020 0.7263248 0.5829524 0.5183733 0.4371595 0.2125783 0.0000000 0.7137942 0.6199800 
taxon18    1.0428438 1.0321360 0.8977329 0.8957439 0.9363482 0.9604705 0.9541765 0.8864693 1.1420533 1.0183646 1.0801691 0.6648449 0.5517532 0.6486996 0.7877224 0.7922298 0.6996882 0.7137942 0.0000000 0.2969443 
taxon19    0.9727308 0.9476473 0.8397691 0.8492568 0.8878309 0.9076574 0.8542211 0.7953271 1.0797381 0.9803595 1.0666896 0.5376693 0.4265391 0.5746257 0.6450178 0.7095591 0.5797635 0.6199800 0.2969443 0.0000000 
