20
taxon0     0.0000000 0.0811824 0.1636692 0.1429332 0.1260823 0.2056393 0.2195187 0.2619993 0.2501795 0.2800915 0.3363332 0.2957418 0.2942041 0.3674080 0.4227725 0.4226322 0.3972857 0.3148507 0.3389481 0.3164762 
taxon1     0.0811824 0.0000000 0.1745345 0.1463572 0.1369200 0.2249229 0.2223047 0.2634855 0.2499480 0.2721721 0.3196850 0.2873849 0.2752745 0.3779885 0.4449096 0.3999969 0.4009722 0.3257321 0.3475358 0.3393627 
taxon2     0.1636692 0.1745345 0.0000000 0.0979418 0.1403125 0.2424914 0.2685304 0.3169893 0.3071831 0.3001549 0.3475388 0.3424989 0.3588679 0.4292869 0.4789461 0.4800345 0.4568172 0.3890353 0.4288382 0.4102701 
taxon3     0.1429332 0.1463572 0.0979418 0.0000000 0.1335633 0.2314091 0.2471604 0.2990924 0.2941813 0.3050624 0.3520415 0.3301683 0.3120943 0.3960880 0.4539503 0.4628069 0.4357742 0.3565859 0.4024819 0.3684441 
taxon4     0.1260823 0.1369200 0.1403125 0.1335633 0.0000000 0.2027870 0.2375450 0.2595350 0.2699801 0.2799710 0.3088940 0.2798513 0.2804324 0.3784510 0.4363487 0.4044280 0.3970043 0.3367754 0.3363324 0.3599327 
taxon5     0.2056393 0.2249229 0.2424914 0.2314091 0.2027870 0.0000000 0.2020909 0.2257286 0.2265215 0.2296463 0.3083060 0.2597917 0.3143434 0.3602641 0.4330597 0.3765511 0.4008306 0.3402632 0.3453550 0.3576379 
taxon6     0.2195187 0.2223047 0.2685304 0.2471604 0.2375450 0.2020909 0.0000000 0.1353592 0.1113165 0.1339475 0.2196812 0.1570459 0.3399195 0.4035870 0.4608938 0.4765439 0.4423495 0.3974901 0.4022340 0.4103084 
taxon7     0.2619993 0.2634855 0.3169893 0.2990924 0.2595350 0.2257286 0.1353592 0.0000000 0.0600411 0.0746134 0.1396857 0.0820019 0.3718702 0.4416503 0.4984515 0.4853926 0.4618107 0.4444897 0.4486760 0.4665532 
taxon8     0.2501795 0.2499480 0.3071831 0.2941813 0.2699801 0.2265215 0.1113165 0.0600411 0.0000000 0.0548085 0.1351052 0.0711768 0.3850092 0.4584742 0.5128841 0.4903958 0.4595390 0.4527453 0.4568497 0.4752023 
taxon9     0.2800915 0.2721721 0.3001549 0.3050624 0.2799710 0.2296463 0.1339475 0.0746134 0.0548085 0.0000000 0.1166492 0.0660013 0.3957019 0.4180819 0.4885737 0.4486446 0.4416063 0.4356411 0.4171890 0.4573271 
taxon10    0.3363332 0.3196850 0.3475388 0.3520415 0.3088940 0.3083060 0.2196812 0.1396857 0.1351052 0.1166492 0.0000000 0.1132904 0.4646411 0.5123834 0.5565745 0.5221514 0.5053488 0.5044949 0.5003463 0.5269545 
taxon11    0.2957418 0.2873849 0.3424989 0.3301683 0.2798513 0.2597917 0.1570459 0.0820019 0.0711768 0.0660013 0.1132904 0.0000000 0.3978926 0.4585770 0.5037799 0.4989577 0.4744607 0.4804323 0.4540087 0.4961384 
taxon12    0.2942041 0.2752745 0.3588679 0.3120943 0.2804324 0.3143434 0.3399195 0.3718702 0.3850092 0.3957019 0.4646411 0.3978926 0.0000000 0.1560202 0.2195791 0.2608075 0.2424369 0.2078370 0.2231664 0.2306938 
taxon13    0.3674080 0.3779885 0.4292869 0.3960880 0.3784510 0.3602641 0.4035870 0.4416503 0.4584742 0.4180819 0.5123834 0.4585770 0.1560202 0.0000000 0.1039733 0.2874627 0.3015062 0.2505661 0.2514952 0.2647829 
taxon14    0.4227725 0.4449096 0.4789461 0.4539503 0.4363487 0.4330597 0.4608938 0.4984515 0.5128841 0.4885737 0.5565745 0.5037799 0.2195791 0.1039733 0.0000000 0.3654058 0.3499366 0.3267474 0.3259152 0.3298697 
taxon15    0.4226322 0.3999969 0.4800345 0.4628069 0.4044280 0.3765511 0.4765439 0.4853926 0.4903958 0.4486446 0.5221514 0.4989577 0.2608075 0.2874627 0.3654058 0.0000000 0.1285948 0.1596435 0.1831973 0.1837259 
taxon16    0.3972857 0.4009722 0.4568172 0.4357742 0.3970043 0.4008306 0.4423495 0.4618107 0.4595390 0.4416063 0.5053488 0.4744607 0.2424369 0.3015062 0.3499366 0.1285948 0.0000000 0.1658265 0.1905561 0.1828177 
taxon17    0.3148507 0.3257321 0.3890353 0.3565859 0.3367754 0.3402632 0.3974901 0.4444897 0.4527453 0.4356411 0.5044949 0.4804323 0.2078370 0.2505661 0.3267474 0.1596435 0.1658265 0.0000000 0.0922614 0.0587702 
taxon18    0.3389481 0.3475358 0.4288382 0.4024819 0.3363324 0.3453550 0.4022340 0.4486760 0.4568497 0.4171890 0.5003463 0.4540087 0.2231664 0.2514952 0.3259152 0.1831973 0.1905561 0.0922614 0.0000000 0.0648168 
taxon19    0.3164762 0.3393627 0.4102701 0.3684441 0.3599327 0.3576379 0.4103084 0.4665532 0.4752023 0.4573271 0.5269545 0.4961384 0.2306938 0.2647829 0.3298697 0.1837259 0.1828177 0.0587702 0.0648168 0.0000000 
