20
taxon0     0.0000000 0.0194428 0.0096309 0.0291770 0.0144795 0.0047888 0.0293665 0.0243047 0.0293626 0.0443540 0.0343426 0.0451842 0.0606745 0.0392586 0.0442776 0.0444986 0.0444857 0.0394429 0.1734814 0.1940903 
taxon1     0.0194428 0.0000000 0.0293881 0.0392075 0.0244558 0.0243529 0.0343883 0.0344873 0.0294814 0.0445353 0.0344820 0.0351976 0.0506380 0.0445272 0.0496011 0.0446810 0.0446680 0.0396040 0.2000033 0.2074767 
taxon2     0.0096309 0.0293881 0.0000000 0.0392007 0.0144287 0.0144750 0.0295277 0.0244374 0.0295238 0.0445984 0.0345314 0.0454370 0.0610152 0.0394743 0.0445211 0.0344100 0.0344001 0.0294117 0.1863160 0.1814589 
taxon3     0.0291770 0.0392075 0.0392007 0.0000000 0.0342529 0.0242725 0.0341728 0.0342706 0.0394330 0.0546047 0.0444748 0.0555983 0.0712714 0.0344783 0.0395036 0.0447224 0.0344447 0.0396406 0.1991520 0.2332082 
taxon4     0.0144795 0.0244558 0.0144287 0.0342529 0.0000000 0.0096367 0.0245335 0.0194924 0.0245300 0.0395239 0.0295099 0.0402783 0.0557749 0.0344369 0.0394556 0.0294064 0.0293980 0.0244371 0.1803796 0.1996254 
taxon5     0.0047888 0.0243529 0.0144750 0.0242725 0.0096367 0.0000000 0.0244299 0.0194104 0.0244264 0.0393568 0.0293852 0.0401053 0.0555352 0.0342916 0.0392890 0.0394850 0.0394736 0.0344524 0.1675105 0.2003115 
taxon6     0.0293665 0.0343883 0.0295277 0.0341728 0.0245335 0.0244299 0.0000000 0.0048504 0.0097658 0.0245845 0.0146850 0.0250783 0.0404037 0.0195850 0.0245422 0.0246650 0.0195346 0.0196771 0.2006418 0.2226953 
taxon7     0.0243047 0.0344873 0.0244374 0.0342706 0.0194924 0.0194104 0.0048504 0.0000000 0.0048495 0.0195327 0.0097230 0.0199300 0.0351175 0.0145884 0.0194993 0.0195962 0.0195906 0.0146566 0.1933679 0.2151077 
taxon8     0.0293626 0.0294814 0.0295238 0.0394330 0.0245300 0.0244264 0.0097658 0.0048495 0.0000000 0.0146111 0.0048488 0.0149134 0.0300303 0.0146085 0.0195262 0.0146586 0.0246543 0.0097455 0.2006720 0.2086196 
taxon9     0.0443540 0.0445353 0.0445984 0.0546047 0.0395239 0.0393568 0.0245845 0.0195327 0.0146111 0.0000000 0.0195297 0.0300040 0.0349483 0.0294201 0.0344094 0.0295213 0.0397250 0.0245327 0.2072100 0.2152492 
taxon10    0.0343426 0.0344820 0.0345314 0.0444748 0.0295099 0.0293852 0.0146850 0.0097230 0.0048488 0.0195297 0.0000000 0.0199269 0.0351121 0.0195262 0.0146360 0.0195933 0.0197117 0.0146543 0.2070381 0.2150707 
taxon11    0.0451842 0.0351976 0.0454370 0.0555983 0.0402783 0.0401053 0.0250783 0.0199300 0.0149134 0.0300040 0.0199269 0.0000000 0.0146445 0.0299986 0.0350752 0.0301035 0.0404865 0.0250245 0.2227003 0.2309851 
taxon12    0.0606745 0.0506380 0.0610152 0.0712714 0.0557749 0.0555352 0.0404037 0.0351175 0.0300303 0.0349483 0.0351121 0.0146445 0.0000000 0.0453109 0.0504585 0.0454696 0.0560640 0.0403157 0.2351791 0.2436078 
taxon13    0.0392586 0.0445272 0.0394743 0.0344783 0.0344369 0.0342916 0.0195850 0.0145884 0.0146085 0.0294201 0.0195262 0.0299986 0.0453109 0.0000000 0.0048461 0.0196340 0.0246677 0.0146847 0.2127995 0.2277952 
taxon14    0.0442776 0.0496011 0.0445211 0.0395036 0.0394556 0.0392890 0.0245422 0.0194993 0.0195262 0.0344094 0.0146360 0.0350752 0.0504585 0.0048461 0.0000000 0.0246039 0.0197223 0.0196284 0.2192126 0.2343443 
taxon15    0.0444986 0.0446810 0.0344100 0.0447224 0.0294064 0.0394850 0.0246650 0.0195962 0.0146586 0.0295213 0.0195933 0.0301035 0.0454696 0.0196340 0.0246039 0.0000000 0.0196595 0.0048570 0.2204528 0.2142020 
taxon16    0.0444857 0.0446680 0.0344001 0.0344447 0.0293980 0.0394736 0.0195346 0.0195906 0.0246543 0.0397250 0.0197117 0.0404865 0.0560640 0.0246677 0.0197223 0.0196595 0.0000000 0.0147036 0.2203776 0.2282855 
taxon17    0.0394429 0.0396040 0.0294117 0.0396406 0.0244371 0.0344524 0.0196771 0.0146566 0.0097455 0.0245327 0.0146543 0.0250245 0.0403157 0.0146847 0.0196284 0.0048570 0.0147036 0.0000000 0.2139291 0.2077080 
taxon18    0.1734814 0.2000033 0.1863160 0.1991520 0.1803796 0.1675105 0.2006418 0.1933679 0.2006720 0.2072100 0.2070381 0.2227003 0.2351791 0.2127995 0.2192126 0.2204528 0.2203776 0.2139291 0.0000000 0.0250502 
taxon19    0.1940903 0.2074767 0.1814589 0.2332082 0.1996254 0.2003115 0.2226953 0.2151077 0.2086196 0.2152492 0.2150707 0.2309851 0.2436078 0.2277952 0.2343443 0.2142020 0.2282855 0.2077080 0.0250502 0.0000000 
