20
taxon0     0.0000000 0.0092874 0.0185755 0.0046294 0.0284267 0.0332827 0.0236124 0.0284267 0.0471245 0.0426523 0.0429820 0.0431550 0.0573285 0.0474877 0.2325947 0.2366952 0.2466123 0.2268175 0.2337703 0.2429523 
taxon1     0.0092874 0.0000000 0.0092728 0.0046375 0.0284776 0.0333425 0.0236545 0.0284776 0.0472082 0.0331218 0.0430593 0.0432331 0.0574316 0.0475727 0.2330740 0.2371800 0.2471245 0.2152262 0.2221192 0.2311596 
taxon2     0.0185755 0.0092728 0.0000000 0.0139121 0.0284017 0.0332532 0.0235917 0.0284017 0.0566506 0.0330337 0.0429433 0.0431170 0.0670002 0.0570846 0.2442402 0.2482869 0.2584017 0.2263441 0.2332790 0.2424344 
taxon3     0.0046294 0.0046375 0.0139121 0.0000000 0.0236601 0.0284928 0.0188671 0.0236601 0.0423533 0.0378616 0.0381573 0.0383120 0.0524790 0.0426806 0.2266316 0.2307572 0.2405653 0.2208714 0.2277893 0.2368931 
taxon4     0.0284267 0.0284776 0.0284017 0.0236601 0.0000000 0.0046644 0.0046526 0.0000010 0.0329653 0.0283890 0.0140576 0.0141140 0.0429716 0.0332213 0.2156586 0.2438715 0.2294943 0.2099059 0.2167867 0.2169649 
taxon5     0.0332827 0.0333425 0.0332532 0.0284928 0.0046644 0.0000000 0.0093388 0.0046644 0.0378143 0.0332426 0.0188120 0.0188877 0.0479246 0.0381090 0.2222710 0.2506329 0.2362425 0.2164827 0.2234234 0.2236055 
taxon6     0.0236124 0.0236545 0.0235917 0.0188671 0.0046526 0.0093388 0.0000000 0.0046526 0.0377164 0.0331571 0.0187636 0.0188389 0.0477986 0.0380096 0.2215668 0.2372968 0.2354848 0.2157982 0.2227135 0.2228947 
taxon7     0.0284267 0.0284776 0.0284017 0.0236601 0.0000010 0.0046644 0.0046526 0.0000000 0.0329653 0.0283890 0.0140576 0.0141140 0.0429716 0.0332213 0.2156586 0.2438715 0.2294943 0.2099059 0.2167867 0.2169649 
taxon8     0.0471245 0.0472082 0.0566506 0.0423533 0.0329653 0.0378143 0.0377164 0.0329653 0.0000000 0.0428583 0.0283481 0.0428573 0.0236844 0.0189339 0.2222176 0.2263579 0.2361788 0.2222908 0.2233691 0.2294529 
taxon9     0.0426523 0.0331218 0.0330337 0.0378616 0.0283890 0.0332426 0.0331571 0.0283890 0.0428583 0.0000000 0.0236888 0.0285725 0.0427275 0.0330327 0.2295523 0.2463168 0.2436776 0.2174487 0.2185134 0.2312763 
taxon10    0.0429820 0.0430593 0.0429433 0.0381573 0.0140576 0.0188120 0.0187636 0.0140576 0.0283481 0.0236888 0.0000000 0.0141478 0.0383251 0.0285711 0.2228570 0.2392449 0.2368702 0.2229301 0.2240140 0.2241968 
taxon11    0.0431550 0.0432331 0.0431170 0.0383120 0.0141140 0.0188877 0.0188389 0.0141140 0.0428573 0.0285725 0.0141478 0.0000000 0.0531115 0.0333007 0.2235010 0.2520034 0.2301736 0.2109962 0.2246625 0.2248460 
taxon12    0.0573285 0.0574316 0.0670002 0.0524790 0.0429716 0.0479246 0.0477986 0.0429716 0.0236844 0.0427275 0.0383251 0.0531115 0.0000000 0.0235922 0.2369466 0.2349117 0.2431667 0.2370125 0.2381538 0.2381601 
taxon13    0.0474877 0.0475727 0.0570846 0.0426806 0.0332213 0.0381090 0.0380096 0.0332213 0.0189339 0.0330327 0.0285711 0.0333007 0.0235922 0.0000000 0.2177522 0.2219332 0.2243945 0.2178280 0.2188958 0.2249970 
taxon14    0.2325947 0.2330740 0.2442402 0.2266316 0.2156586 0.2222710 0.2215668 0.2156586 0.2222176 0.2295523 0.2228570 0.2235010 0.2369466 0.2177522 0.0000000 0.0385742 0.0296951 0.0293471 0.0192769 0.0290792 
taxon15    0.2366952 0.2371800 0.2482869 0.2307572 0.2438715 0.2506329 0.2372968 0.2438715 0.2263579 0.2463168 0.2392449 0.2520034 0.2349117 0.2219332 0.0385742 0.0000000 0.0489906 0.0537944 0.0485862 0.0535362 
taxon16    0.2466123 0.2471245 0.2584017 0.2405653 0.2294943 0.2362425 0.2354848 0.2294943 0.2361788 0.2436776 0.2368702 0.2301736 0.2431667 0.2243945 0.0296951 0.0489906 0.0000000 0.0446676 0.0449206 0.0552085 
taxon17    0.2268175 0.2152262 0.2263441 0.2208714 0.2099059 0.2164827 0.2157982 0.2099059 0.2222908 0.2174487 0.2229301 0.2109962 0.2370125 0.2178280 0.0293471 0.0537944 0.0446676 0.0000000 0.0096647 0.0194364 
taxon18    0.2337703 0.2221192 0.2332790 0.2277893 0.2167867 0.2234234 0.2227135 0.2167867 0.2233691 0.2185134 0.2240140 0.2246625 0.2381538 0.2188958 0.0192769 0.0485862 0.0449206 0.0096647 0.0000000 0.0095754 
taxon19    0.2429523 0.2311596 0.2424344 0.2368931 0.2169649 0.2236055 0.2228947 0.2169649 0.2294529 0.2312763 0.2241968 0.2248460 0.2381601 0.2249970 0.0290792 0.0535362 0.0552085 0.0194364 0.0095754 0.0000000 
