20
taxon0     0.0000000 0.0567462 0.2122140 0.2081500 0.4062387 0.3569634 0.3564266 0.3958311 0.3898150 0.3654225 0.3716177 0.3960426 0.4199596 0.4143801 0.4288668 0.4571300 0.3655961 0.4773205 0.4296565 0.3828991 
taxon1     0.0567462 0.0000000 0.1770313 0.1877321 0.3812077 0.3485131 0.3479948 0.4167057 0.3630757 0.3556935 0.3906861 0.3790760 0.3917613 0.3862931 0.4349880 0.4385164 0.3717950 0.4500075 0.3888031 0.3767784 
taxon2     0.2122140 0.1770313 0.0000000 0.1206576 0.4035968 0.3943732 0.3899967 0.4342368 0.4031345 0.3597629 0.4130315 0.4212529 0.4280899 0.4147357 0.4084547 0.4012707 0.4015663 0.4278913 0.3845050 0.4193139 
taxon3     0.2081500 0.1877321 0.1206576 0.0000000 0.4875343 0.4627294 0.4694974 0.4758301 0.4794112 0.4416705 0.4689344 0.4667611 0.4960383 0.4833931 0.4348644 0.4386834 0.4206811 0.4665781 0.4199120 0.4160799 
taxon4     0.4062387 0.3812077 0.4035968 0.4875343 0.0000000 0.1043214 0.0888595 0.2128784 0.1811132 0.2381383 0.2558726 0.2593461 0.2703219 0.2655096 0.3574296 0.3379947 0.2550566 0.3032856 0.3274453 0.3177753 
taxon5     0.3569634 0.3485131 0.3943732 0.4627294 0.1043214 0.0000000 0.0582171 0.2261489 0.1976262 0.2348263 0.2381266 0.2741480 0.3092825 0.3054090 0.3643743 0.3462591 0.2412031 0.2837058 0.2882464 0.2912545 
taxon6     0.3564266 0.3479948 0.3899967 0.4694974 0.0888595 0.0582171 0.0000000 0.2371901 0.1736022 0.2337959 0.2538637 0.2511330 0.2950147 0.2777814 0.3460503 0.3294053 0.2357102 0.3111816 0.3148045 0.3097745 
taxon7     0.3958311 0.4167057 0.4342368 0.4758301 0.2128784 0.2261489 0.2371901 0.0000000 0.1020234 0.2775485 0.2671887 0.2787106 0.3074381 0.3073159 0.3163422 0.3483449 0.2441363 0.2825105 0.2801129 0.3131971 
taxon8     0.3898150 0.3630757 0.4031345 0.4794112 0.1811132 0.1976262 0.1736022 0.1020234 0.0000000 0.2614894 0.2659313 0.2597579 0.2746604 0.2618619 0.2839492 0.3152471 0.2290768 0.2879117 0.2959904 0.3270297 
taxon9     0.3654225 0.3556935 0.3597629 0.4416705 0.2381383 0.2348263 0.2337959 0.2775485 0.2614894 0.0000000 0.1190279 0.2278980 0.2742961 0.2692239 0.2746257 0.2846173 0.2578077 0.3342101 0.2770877 0.2836892 
taxon10    0.3716177 0.3906861 0.4130315 0.4689344 0.2558726 0.2381266 0.2538637 0.2671887 0.2659313 0.1190279 0.0000000 0.2637262 0.2887384 0.2700907 0.2993389 0.2748652 0.2531667 0.3479381 0.3346441 0.3426010 
taxon11    0.3960426 0.3790760 0.4212529 0.4667611 0.2593461 0.2741480 0.2511330 0.2787106 0.2597579 0.2278980 0.2637262 0.0000000 0.1701991 0.1658189 0.2722050 0.2385076 0.2523568 0.3404065 0.3347851 0.3250171 
taxon12    0.4199596 0.3917613 0.4280899 0.4960383 0.2703219 0.3092825 0.2950147 0.3074381 0.2746604 0.2742961 0.2887384 0.1701991 0.0000000 0.0334069 0.2352217 0.2008561 0.2735914 0.3595528 0.3562788 0.3743054 
taxon13    0.4143801 0.3862931 0.4147357 0.4833931 0.2655096 0.3054090 0.2777814 0.3073159 0.2618619 0.2692239 0.2700907 0.1658189 0.0334069 0.0000000 0.2536353 0.2126698 0.2726967 0.3617216 0.3616809 0.3704924 
taxon14    0.4288668 0.4349880 0.4084547 0.4348644 0.3574296 0.3643743 0.3460503 0.3163422 0.2839492 0.2746257 0.2993389 0.2722050 0.2352217 0.2536353 0.0000000 0.0854566 0.2914687 0.3290387 0.3432706 0.3435015 
taxon15    0.4571300 0.4385164 0.4012707 0.4386834 0.3379947 0.3462591 0.3294053 0.3483449 0.3152471 0.2846173 0.2748652 0.2385076 0.2008561 0.2126698 0.0854566 0.0000000 0.2683698 0.3707587 0.3557655 0.3431797 
taxon16    0.3655961 0.3717950 0.4015663 0.4206811 0.2550566 0.2412031 0.2357102 0.2441363 0.2290768 0.2578077 0.2531667 0.2523568 0.2735914 0.2726967 0.2914687 0.2683698 0.0000000 0.2909801 0.2654697 0.2622462 
taxon17    0.4773205 0.4500075 0.4278913 0.4665781 0.3032856 0.2837058 0.3111816 0.2825105 0.2879117 0.3342101 0.3479381 0.3404065 0.3595528 0.3617216 0.3290387 0.3707587 0.2909801 0.0000000 0.1781202 0.2242759 
taxon18    0.4296565 0.3888031 0.3845050 0.4199120 0.3274453 0.2882464 0.3148045 0.2801129 0.2959904 0.2770877 0.3346441 0.3347851 0.3562788 0.3616809 0.3432706 0.3557655 0.2654697 0.1781202 0.0000000 0.1285000 
taxon19    0.3828991 0.3767784 0.4193139 0.4160799 0.3177753 0.2912545 0.3097745 0.3131971 0.3270297 0.2836892 0.3426010 0.3250171 0.3743054 0.3704924 0.3435015 0.3431797 0.2622462 0.2242759 0.1285000 0.0000000 
