20
taxon0     0.0000000 0.0414216 0.0626903 0.0757030 0.0808478 0.1322791 0.1340153 0.1143223 0.1203953 0.1204865 0.1461875 0.2940456 0.2690083 0.3276031 0.3275530 0.3278763 0.2930404 0.3128684 0.2699462 0.2955489 
taxon1     0.0414216 0.0000000 0.0465115 0.0865363 0.0924753 0.1439932 0.1598994 0.1438605 0.1376648 0.1441497 0.1577781 0.3200268 0.2938638 0.3354688 0.3181554 0.3184632 0.2841718 0.3334560 0.2704103 0.2804478 
taxon2     0.0626903 0.0465115 0.0000000 0.0967905 0.1150559 0.1563214 0.1474263 0.1509890 0.1446957 0.1629612 0.1713762 0.3562578 0.3289194 0.3573381 0.3473089 0.3476595 0.3245631 0.3372869 0.2877059 0.3148422 
taxon3     0.0757030 0.0865363 0.0967905 0.0000000 0.0576836 0.1547479 0.1397494 0.1335226 0.1274040 0.1584149 0.1596902 0.3096027 0.2839319 0.3330990 0.3149320 0.3152393 0.3092912 0.3093197 0.2858227 0.3075060 
taxon4     0.0808478 0.0924753 0.1150559 0.0576836 0.0000000 0.1495572 0.1514291 0.1349618 0.1287838 0.1600931 0.1554505 0.2949561 0.2763167 0.3135961 0.3144435 0.3147495 0.3019625 0.3262367 0.3016880 0.2941446 
taxon5     0.1322791 0.1439932 0.1563214 0.1547479 0.1495572 0.0000000 0.0525835 0.0522148 0.0684969 0.0746389 0.0857526 0.2787176 0.2681718 0.3293479 0.3392917 0.3396352 0.3317424 0.3414421 0.3153743 0.3230572 
taxon6     0.1340153 0.1598994 0.1474263 0.1397494 0.1514291 0.0525835 0.0000000 0.0761579 0.0820026 0.0873094 0.0935794 0.2894860 0.2644969 0.3368850 0.3353616 0.3357056 0.3619171 0.3316068 0.3196546 0.3455400 
taxon7     0.1143223 0.1438605 0.1509890 0.1335226 0.1349618 0.0522148 0.0761579 0.0000000 0.0149453 0.0508501 0.0621647 0.2832761 0.2727493 0.3280936 0.3382264 0.3385663 0.3290931 0.3314522 0.3071342 0.3214800 
taxon8     0.1203953 0.1376648 0.1446957 0.1274040 0.1287838 0.0684969 0.0820026 0.0149453 0.0000000 0.0562261 0.0567133 0.2911147 0.2804101 0.3201519 0.3301574 0.3304853 0.3211699 0.3397966 0.3152216 0.3135325 
taxon9     0.1204865 0.1441497 0.1629612 0.1584149 0.1600931 0.0746389 0.0873094 0.0508501 0.0562261 0.0000000 0.0354090 0.3077276 0.2822919 0.3317429 0.3392995 0.3314244 0.3094263 0.3246372 0.2935169 0.3132973 
taxon10    0.1461875 0.1577781 0.1713762 0.1596902 0.1554505 0.0857526 0.0935794 0.0621647 0.0567133 0.0354090 0.0000000 0.3106757 0.2999318 0.3332789 0.3408501 0.3329578 0.3421275 0.3533966 0.3419943 0.3404334 
taxon11    0.2940456 0.3200268 0.3562578 0.3096027 0.2949561 0.2787176 0.2894860 0.2832761 0.2911147 0.3077276 0.3106757 0.0000000 0.0253763 0.1282431 0.1220980 0.1221854 0.1322900 0.1325710 0.1256221 0.1358792 
taxon12    0.2690083 0.2938638 0.3289194 0.2839319 0.2763167 0.2681718 0.2644969 0.2727493 0.2804101 0.2822919 0.2999318 0.0253763 0.0000000 0.1209492 0.1149179 0.1149985 0.1134357 0.1254336 0.1130800 0.1228312 
taxon13    0.3276031 0.3354688 0.3573381 0.3330990 0.3135961 0.3293479 0.3368850 0.3280936 0.3201519 0.3317429 0.3332789 0.1282431 0.1209492 0.0000000 0.0461381 0.0461662 0.0899467 0.0796467 0.1004273 0.0977171 
taxon14    0.3275530 0.3181554 0.3473089 0.3149320 0.3144435 0.3392917 0.3353616 0.3382264 0.3301574 0.3392995 0.3408501 0.1220980 0.1149179 0.0461381 0.0000000 0.0101193 0.0842740 0.0740690 0.0947040 0.0918877 
taxon15    0.3278763 0.3184632 0.3476595 0.3152393 0.3147495 0.3396352 0.3357056 0.3385663 0.3304853 0.3314244 0.3329578 0.1221854 0.1149985 0.0461662 0.0101193 0.0000000 0.0843291 0.0741170 0.0947663 0.0919496 
taxon16    0.2930404 0.2841718 0.3245631 0.3092912 0.3019625 0.3317424 0.3619171 0.3290931 0.3211699 0.3094263 0.3421275 0.1322900 0.1134357 0.0899467 0.0842740 0.0843291 0.0000000 0.0562261 0.0618218 0.0741031 
taxon17    0.3128684 0.3334560 0.3372869 0.3093197 0.3262367 0.3414421 0.3316068 0.3314522 0.3397966 0.3246372 0.3533966 0.1325710 0.1254336 0.0796467 0.0740690 0.0741170 0.0562261 0.0000000 0.0662032 0.0851073 
taxon18    0.2699462 0.2704103 0.2877059 0.2858227 0.3016880 0.3153743 0.3196546 0.3071342 0.3152216 0.2935169 0.3419943 0.1256221 0.1130800 0.1004273 0.0947040 0.0947663 0.0618218 0.0662032 0.0000000 0.0418210 
taxon19    0.2955489 0.2804478 0.3148422 0.3075060 0.2941446 0.3230572 0.3455400 0.3214800 0.3135325 0.3132973 0.3404334 0.1358792 0.1228312 0.0977171 0.0918877 0.0919496 0.0741031 0.0851073 0.0418210 0.0000000 
