20
taxon0     0.0000000 0.0197419 0.0347651 0.0448303 0.0497105 0.0654892 0.0660581 0.0778461 0.0766964 0.0563148 0.0669452 0.0617785 0.2643542 0.2235627 0.2267234 0.2113574 0.2727272 0.2575248 0.2502410 0.2575248 
taxon1     0.0197419 0.0000000 0.0248340 0.0348701 0.0397692 0.0554129 0.0558947 0.0675090 0.0664668 0.0460870 0.0455149 0.0514948 0.2524438 0.2119295 0.2056914 0.2126986 0.2673058 0.2521339 0.2584333 0.2521339 
taxon2     0.0347651 0.0248340 0.0000000 0.0298140 0.0347119 0.0502539 0.0400821 0.0512506 0.0504104 0.0512215 0.0620530 0.0568622 0.2311692 0.2057731 0.2286353 0.2197722 0.2580405 0.2431258 0.2493488 0.2431258 
taxon3     0.0448303 0.0348701 0.0298140 0.0000000 0.0146125 0.0195220 0.0196872 0.0302475 0.0297084 0.0508248 0.0615669 0.0456461 0.2378196 0.2179997 0.2411803 0.2321573 0.2869267 0.2714731 0.2778249 0.2714731 
taxon4     0.0497105 0.0397692 0.0347119 0.0146125 0.0000000 0.0146631 0.0247595 0.0354921 0.0348727 0.0454369 0.0560591 0.0560457 0.2580195 0.2106489 0.2335148 0.2246364 0.2786975 0.2634334 0.2697336 0.2634334 
taxon5     0.0654892 0.0554129 0.0502539 0.0195220 0.0146631 0.0000000 0.0197256 0.0303075 0.0297665 0.0613883 0.0722984 0.0612697 0.2647176 0.2313641 0.2550141 0.2457687 0.3015847 0.2858536 0.2922725 0.2858536 
taxon6     0.0660581 0.0558947 0.0400821 0.0196872 0.0247595 0.0197256 0.0000000 0.0100121 0.0098159 0.0725891 0.0837497 0.0618085 0.2519150 0.2467867 0.2711365 0.2615723 0.3021274 0.2863671 0.2927963 0.2863671 
taxon7     0.0778461 0.0675090 0.0512506 0.0302475 0.0354921 0.0303075 0.0100121 0.0000000 0.0201253 0.0847108 0.0961547 0.0736766 0.2550395 0.2628583 0.2877813 0.2779491 0.3193601 0.3032848 0.3097888 0.3032848 
taxon8     0.0766964 0.0664668 0.0504104 0.0297084 0.0348727 0.0297665 0.0098159 0.0201253 0.0000000 0.0834727 0.0948022 0.0725546 0.2656341 0.2605114 0.2853439 0.2755521 0.3168440 0.3008091 0.3073040 0.3008091 
taxon9     0.0563148 0.0460870 0.0512215 0.0508248 0.0454369 0.0613883 0.0725891 0.0847108 0.0834727 0.0000000 0.0402165 0.0348370 0.2689558 0.2204831 0.2283172 0.2194723 0.2346304 0.2354628 0.2416505 0.2354628 
taxon10    0.0669452 0.0455149 0.0620530 0.0615669 0.0560591 0.0722984 0.0837497 0.0961547 0.0948022 0.0402165 0.0000000 0.0353090 0.2703059 0.2344890 0.2280763 0.2353375 0.2646695 0.2656104 0.2719678 0.2656104 
taxon11    0.0617785 0.0514948 0.0568622 0.0456461 0.0560457 0.0612697 0.0618085 0.0736766 0.0725546 0.0348370 0.0353090 0.0000000 0.2492903 0.2419186 0.2362139 0.2272110 0.2693903 0.2703421 0.2766864 0.2703421 
taxon12    0.2643542 0.2524438 0.2311692 0.2378196 0.2580195 0.2647176 0.2519150 0.2550395 0.2656341 0.2689558 0.2703059 0.2492903 0.0000000 0.0399590 0.0665484 0.0606473 0.1111519 0.0994919 0.1048179 0.0994919 
taxon13    0.2235627 0.2119295 0.2057731 0.2179997 0.2106489 0.2313641 0.2467867 0.2628583 0.2605114 0.2204831 0.2344890 0.2419186 0.0399590 0.0000000 0.0249632 0.0197156 0.0783036 0.0671432 0.0723671 0.0671432 
taxon14    0.2267234 0.2056914 0.2286353 0.2411803 0.2335148 0.2550141 0.2711365 0.2877813 0.2853439 0.2283172 0.2280763 0.2362139 0.0665484 0.0249632 0.0000000 0.0098578 0.0832801 0.0721011 0.0773135 0.0721011 
taxon15    0.2113574 0.2126986 0.2197722 0.2321573 0.2246364 0.2457687 0.2615723 0.2779491 0.2755521 0.2194723 0.2353375 0.2272110 0.0606473 0.0197156 0.0098578 0.0000000 0.0830861 0.0719315 0.0771331 0.0719315 
taxon16    0.2727272 0.2673058 0.2580405 0.2869267 0.2786975 0.3015847 0.3021274 0.3193601 0.3168440 0.2346304 0.2646695 0.2693903 0.1111519 0.0783036 0.0832801 0.0830861 0.0000000 0.0098156 0.0147347 0.0098156 
taxon17    0.2575248 0.2521339 0.2431258 0.2714731 0.2634334 0.2858536 0.2863671 0.3032848 0.3008091 0.2354628 0.2656104 0.2703421 0.0994919 0.0671432 0.0721011 0.0719315 0.0098156 0.0000000 0.0048611 0.0000010 
taxon18    0.2502410 0.2584333 0.2493488 0.2778249 0.2697336 0.2922725 0.2927963 0.3097888 0.3073040 0.2416505 0.2719678 0.2766864 0.1048179 0.0723671 0.0773135 0.0771331 0.0147347 0.0048611 0.0000000 0.0048611 
taxon19    0.2575248 0.2521339 0.2431258 0.2714731 0.2634334 0.2858536 0.2863671 0.3032848 0.3008091 0.2354628 0.2656104 0.2703421 0.0994919 0.0671432 0.0721011 0.0719315 0.0098156 0.0000010 0.0048611 0.0000000 
