20
taxon0     0.0000000 0.1333478 0.1206405 0.1221972 0.1142550 0.1310250 0.3024154 0.3199188 0.3193908 0.2730924 0.3167909 0.3558518 0.4081926 0.3773052 0.4309103 0.4355972 0.2971383 0.2851922 0.3012056 0.3032636 
taxon1     0.1333478 0.0000000 0.1087930 0.1212144 0.1755050 0.1742577 0.3484714 0.3205352 0.3123429 0.2957816 0.3148742 0.3738218 0.4201780 0.3914638 0.4425448 0.4531403 0.3074570 0.2906791 0.3168449 0.3195442 
taxon2     0.1206405 0.1087930 0.0000000 0.0622873 0.1871093 0.1930544 0.3378145 0.3285168 0.3280757 0.2833899 0.3131848 0.3604800 0.4042163 0.3624856 0.4104392 0.4210612 0.3143898 0.3051628 0.3023580 0.3171968 
taxon3     0.1221972 0.1212144 0.0622873 0.0000000 0.1767192 0.1756604 0.3380062 0.3188220 0.3184266 0.2908560 0.3007135 0.3545877 0.4120435 0.3694676 0.4211433 0.4299160 0.3186260 0.3023830 0.3091626 0.3323088 
taxon4     0.1142550 0.1755050 0.1871093 0.1767192 0.0000000 0.0753696 0.2969775 0.3144365 0.3171001 0.2744620 0.2969142 0.3712317 0.4240261 0.3753036 0.4374978 0.4336458 0.2753038 0.2556919 0.2890076 0.3187982 
taxon5     0.1310250 0.1742577 0.1930544 0.1756604 0.0753696 0.0000000 0.3128301 0.3113072 0.3130622 0.2626024 0.2987433 0.3593709 0.4096112 0.3732827 0.4392515 0.4333888 0.2854405 0.2547709 0.2869880 0.3278886 
taxon6     0.3024154 0.3484714 0.3378145 0.3380062 0.2969775 0.3128301 0.0000000 0.1308167 0.1255588 0.1397865 0.1709300 0.1905661 0.2312517 0.2153492 0.2751296 0.2614471 0.1767767 0.1670580 0.1783735 0.1904441 
taxon7     0.3199188 0.3205352 0.3285168 0.3188220 0.3144365 0.3113072 0.1308167 0.0000000 0.0301904 0.1588846 0.1681097 0.1364598 0.1868689 0.1671866 0.2233901 0.2089984 0.1806671 0.1665241 0.1748339 0.1843760 
taxon8     0.3193908 0.3123429 0.3280757 0.3184266 0.3171001 0.3130622 0.1255588 0.0301904 0.0000000 0.1470507 0.1620475 0.1361493 0.1804688 0.1549941 0.2110877 0.1959701 0.1680834 0.1473258 0.1559619 0.1645760 
taxon9     0.2730924 0.2957816 0.2833899 0.2908560 0.2744620 0.2626024 0.1397865 0.1588846 0.1470507 0.0000000 0.0863795 0.1466051 0.1869095 0.1602051 0.2289515 0.2090358 0.1332012 0.1292702 0.1389664 0.1531853 
taxon10    0.3167909 0.3148742 0.3131848 0.3007135 0.2969142 0.2987433 0.1709300 0.1681097 0.1620475 0.0863795 0.0000000 0.1079222 0.1564513 0.1422099 0.1950888 0.1761505 0.1599834 0.1568123 0.1718059 0.1884906 
taxon11    0.3558518 0.3738218 0.3604800 0.3545877 0.3712317 0.3593709 0.1905661 0.1364598 0.1361493 0.1466051 0.1079222 0.0000000 0.0751123 0.0848489 0.1350242 0.1168198 0.2028257 0.1883445 0.1937536 0.1912151 
taxon12    0.4081926 0.4201780 0.4042163 0.4120435 0.4240261 0.4096112 0.2312517 0.1868689 0.1804688 0.1869095 0.1564513 0.0751123 0.0000000 0.0879560 0.1201055 0.1013328 0.2475999 0.2301587 0.2288166 0.2330258 
taxon13    0.3773052 0.3914638 0.3624856 0.3694676 0.3753036 0.3732827 0.2153492 0.1671866 0.1549941 0.1602051 0.1422099 0.0848489 0.0879560 0.0000000 0.0868552 0.0697825 0.2238387 0.2129510 0.2053470 0.2189537 
taxon14    0.4309103 0.4425448 0.4104392 0.4211433 0.4374978 0.4392515 0.2751296 0.2233901 0.2110877 0.2289515 0.1950888 0.1350242 0.1201055 0.0868552 0.0000000 0.0317001 0.2839824 0.2724987 0.2587119 0.2715706 
taxon15    0.4355972 0.4531403 0.4210612 0.4299160 0.4336458 0.4333888 0.2614471 0.2089984 0.1959701 0.2090358 0.1761505 0.1168198 0.1013328 0.0697825 0.0317001 0.0000000 0.2596712 0.2577893 0.2429877 0.2657973 
taxon16    0.2971383 0.3074570 0.3143898 0.3186260 0.2753038 0.2854405 0.1767767 0.1806671 0.1680834 0.1332012 0.1599834 0.2028257 0.2475999 0.2238387 0.2839824 0.2596712 0.0000000 0.0758524 0.0966439 0.1030111 
taxon17    0.2851922 0.2906791 0.3051628 0.3023830 0.2556919 0.2547709 0.1670580 0.1665241 0.1473258 0.1292702 0.1568123 0.1883445 0.2301587 0.2129510 0.2724987 0.2577893 0.0758524 0.0000000 0.0929409 0.0930947 
taxon18    0.3012056 0.3168449 0.3023580 0.3091626 0.2890076 0.2869880 0.1783735 0.1748339 0.1559619 0.1389664 0.1718059 0.1937536 0.2288166 0.2053470 0.2587119 0.2429877 0.0966439 0.0929409 0.0000000 0.0866405 
taxon19    0.3032636 0.3195442 0.3171968 0.3323088 0.3187982 0.3278886 0.1904441 0.1843760 0.1645760 0.1531853 0.1884906 0.1912151 0.2330258 0.2189537 0.2715706 0.2657973 0.1030111 0.0930947 0.0866405 0.0000000 
