20
taxon0     0.0000000 0.0291898 0.0145284 0.0195116 0.0441232 0.0488580 0.0590593 0.0645113 0.0536209 0.0337846 0.0437719 0.0541957 0.0392412 0.0491562 0.2217399 0.2228252 0.2230070 0.2230070 0.2124811 0.2380317 
taxon1     0.0291898 0.0000000 0.0189844 0.0141035 0.0597745 0.0643566 0.0866620 0.0799969 0.0807962 0.0596813 0.0594760 0.0816696 0.0655648 0.0646561 0.2404888 0.2311380 0.2313255 0.2313255 0.2470805 0.2561057 
taxon2     0.0145284 0.0189844 0.0000000 0.0047243 0.0550702 0.0597371 0.0703887 0.0640872 0.0647432 0.0393321 0.0546718 0.0654436 0.0500485 0.0491545 0.2150289 0.2132699 0.2134404 0.2134404 0.2214490 0.2300902 
taxon3     0.0195116 0.0141035 0.0047243 0.0000000 0.0495898 0.0542425 0.0759535 0.0695137 0.0702207 0.0445671 0.0492322 0.0709818 0.0554451 0.0544586 0.2222200 0.2204142 0.2205924 0.2205924 0.2287051 0.2374777 
taxon4     0.0441232 0.0597745 0.0550702 0.0495898 0.0000000 0.0238059 0.0288659 0.0444706 0.0339666 0.0143803 0.0190822 0.0289504 0.0194753 0.0292583 0.2096099 0.2182790 0.2184568 0.2184568 0.2096373 0.2413149 
taxon5     0.0488580 0.0643566 0.0597371 0.0542425 0.0238059 0.0000000 0.0392396 0.0445213 0.0340066 0.0238389 0.0143070 0.0294259 0.0292097 0.0388082 0.2102960 0.2193953 0.2314258 0.2314258 0.2012920 0.2255033 
taxon6     0.0590593 0.0866620 0.0703887 0.0759535 0.0288659 0.0392396 0.0000000 0.0145407 0.0047568 0.0288855 0.0291449 0.0289859 0.0290237 0.0491445 0.2034263 0.2118450 0.2113723 0.2113723 0.2034509 0.2265297 
taxon7     0.0645113 0.0799969 0.0640872 0.0695137 0.0444706 0.0445213 0.0145407 0.0000000 0.0096007 0.0339931 0.0342995 0.0446643 0.0341568 0.0545131 0.2257732 0.2174582 0.2169723 0.2169723 0.2105307 0.2167852 
taxon8     0.0536209 0.0807962 0.0647432 0.0702207 0.0339666 0.0340066 0.0047568 0.0096007 0.0000000 0.0238407 0.0240538 0.0341100 0.0239538 0.0438078 0.2107760 0.2193257 0.2188331 0.2188331 0.1959388 0.2186476 
taxon9     0.0337846 0.0596813 0.0393321 0.0445671 0.0143803 0.0238389 0.0288855 0.0339931 0.0238407 0.0000000 0.0190691 0.0289701 0.0095873 0.0240390 0.2038819 0.2187653 0.2189439 0.2189439 0.1892299 0.2197639 
taxon10    0.0437719 0.0594760 0.0546718 0.0492322 0.0190822 0.0143070 0.0291449 0.0342995 0.0240538 0.0190691 0.0000000 0.0194068 0.0242738 0.0341141 0.2122083 0.2208160 0.2329098 0.2329098 0.2026289 0.2272492 
taxon11    0.0541957 0.0816696 0.0654436 0.0709818 0.0289504 0.0294259 0.0289859 0.0446643 0.0341100 0.0289701 0.0194068 0.0000000 0.0344158 0.0444272 0.2043077 0.2127751 0.2247644 0.2247644 0.2097250 0.2200694 
taxon12    0.0392412 0.0655648 0.0500485 0.0554451 0.0194753 0.0292097 0.0290237 0.0341568 0.0239538 0.0095873 0.0242738 0.0344158 0.0000000 0.0292941 0.2187539 0.2277327 0.2279218 0.2279218 0.2036889 0.2179412 
taxon13    0.0491562 0.0646561 0.0491545 0.0544586 0.0292583 0.0388082 0.0491445 0.0545131 0.0438078 0.0240390 0.0341141 0.0444272 0.0292941 0.0000000 0.2090863 0.2177392 0.2179163 0.2179163 0.2218074 0.2478220 
taxon14    0.2217399 0.2404888 0.2150289 0.2222200 0.2096099 0.2102960 0.2034263 0.2257732 0.2107760 0.2038819 0.2122083 0.2043077 0.2187539 0.2090863 0.0000000 0.0095776 0.0191968 0.0191968 0.0192602 0.0351302 
taxon15    0.2228252 0.2311380 0.2132699 0.2204142 0.2182790 0.2193953 0.2118450 0.2174582 0.2193257 0.2187653 0.2208160 0.2127751 0.2277327 0.2177392 0.0095776 0.0000000 0.0093935 0.0093935 0.0294371 0.0347557 
taxon16    0.2230070 0.2313255 0.2134404 0.2205924 0.2184568 0.2314258 0.2113723 0.2169723 0.2188331 0.2189439 0.2329098 0.2247644 0.2279218 0.2179163 0.0191968 0.0093935 0.0000000 0.0000010 0.0393307 0.0447772 
taxon17    0.2230070 0.2313255 0.2134404 0.2205924 0.2184568 0.2314258 0.2113723 0.2169723 0.2188331 0.2189439 0.2329098 0.2247644 0.2279218 0.2179163 0.0191968 0.0093935 0.0000010 0.0000000 0.0393307 0.0447772 
taxon18    0.2124811 0.2470805 0.2214490 0.2287051 0.2096373 0.2012920 0.2034509 0.2105307 0.1959388 0.1892299 0.2026289 0.2097250 0.2036889 0.2218074 0.0192602 0.0294371 0.0393307 0.0393307 0.0000000 0.0196079 
taxon19    0.2380317 0.2561057 0.2300902 0.2374777 0.2413149 0.2255033 0.2265297 0.2167852 0.2186476 0.2197639 0.2272492 0.2200694 0.2179412 0.2478220 0.0351302 0.0347557 0.0447772 0.0447772 0.0196079 0.0000000 
