20
taxon0     0.0000000 0.0346676 0.0606162 0.0720264 0.0658742 0.0556861 0.0604129 0.0602976 0.0763860 0.0891749 0.0946378 0.0939508 0.0663343 0.0711238 0.0709226 0.2728116 0.2740538 0.2875799 0.2647886 0.2659543 
taxon1     0.0346676 0.0000000 0.0559736 0.0673997 0.0612558 0.0614529 0.0557849 0.0556765 0.0718220 0.0955180 0.1010601 0.1003205 0.0616875 0.0769934 0.0767758 0.2559393 0.2704760 0.2705812 0.2480261 0.2623164 
taxon2     0.0606162 0.0559736 0.0000000 0.0300606 0.0348093 0.0349242 0.0399256 0.0505519 0.0346355 0.0460322 0.0512572 0.0672544 0.0455552 0.0714796 0.0715985 0.2268152 0.2491481 0.2408335 0.2477851 0.2488968 
taxon3     0.0720264 0.0673997 0.0300606 0.0000000 0.0292860 0.0293807 0.0508826 0.0618190 0.0454101 0.0445659 0.0496380 0.0651748 0.0448553 0.0719965 0.0721165 0.2478557 0.2379516 0.2622239 0.2693573 0.2507981 
taxon4     0.0658742 0.0612558 0.0348093 0.0292860 0.0000000 0.0196119 0.0348745 0.0454174 0.0399071 0.0447817 0.0498785 0.0548739 0.0451073 0.0659909 0.0661019 0.2538264 0.2646123 0.2683386 0.2606895 0.2380527 
taxon5     0.0556861 0.0614529 0.0349242 0.0293807 0.0196119 0.0000000 0.0452010 0.0559611 0.0502950 0.0449629 0.0500812 0.0657620 0.0348471 0.0662015 0.0773024 0.2548373 0.2597651 0.2694174 0.2615478 0.2388306 
taxon6     0.0604129 0.0557849 0.0399256 0.0508826 0.0348745 0.0452010 0.0000000 0.0097813 0.0146480 0.0354491 0.0405989 0.0456645 0.0560521 0.0601947 0.0710638 0.2608370 0.2780507 0.2594365 0.2529081 0.2540337 
taxon7     0.0602976 0.0556765 0.0505519 0.0618190 0.0454174 0.0559611 0.0097813 0.0000000 0.0247255 0.0405337 0.0456998 0.0453682 0.0671085 0.0711314 0.0709302 0.2698866 0.2711478 0.2684233 0.2618063 0.2629739 
taxon8     0.0763860 0.0718220 0.0346355 0.0454101 0.0399071 0.0502950 0.0146480 0.0247255 0.0000000 0.0301340 0.0352297 0.0507846 0.0612372 0.0761120 0.0762360 0.2524539 0.2753639 0.2511106 0.2740495 0.2752630 
taxon9     0.0891749 0.0955180 0.0460322 0.0445659 0.0447817 0.0449629 0.0354491 0.0405337 0.0301340 0.0000000 0.0048109 0.0194334 0.0714885 0.0882390 0.0883801 0.2758072 0.2779792 0.2743181 0.2980896 0.2786521 
taxon10    0.0946378 0.1010601 0.0512572 0.0496380 0.0498785 0.0500812 0.0405989 0.0456998 0.0352297 0.0048109 0.0000000 0.0243509 0.0767878 0.0936489 0.0937964 0.2825702 0.2846918 0.2810404 0.3050274 0.2853914 
taxon11    0.0939508 0.1003205 0.0672544 0.0651748 0.0548739 0.0657620 0.0456645 0.0453682 0.0507846 0.0194334 0.0243509 0.0000000 0.0930957 0.0988511 0.0931206 0.2883767 0.2823621 0.2868171 0.2883937 0.2762456 
taxon12    0.0663343 0.0616875 0.0455552 0.0448553 0.0451073 0.0348471 0.0560521 0.0671085 0.0612372 0.0714885 0.0767878 0.0930957 0.0000000 0.0299132 0.0403576 0.2141801 0.2323656 0.2280077 0.2206095 0.2064112 
taxon13    0.0711238 0.0769934 0.0714796 0.0719965 0.0659909 0.0662015 0.0601947 0.0711314 0.0761120 0.0882390 0.0936489 0.0988511 0.0299132 0.0000000 0.0097974 0.2451251 0.2686869 0.2309834 0.2374471 0.2321030 
taxon14    0.0709226 0.0767758 0.0715985 0.0721165 0.0661019 0.0773024 0.0710638 0.0709302 0.0762360 0.0883801 0.0937964 0.0931206 0.0403576 0.0097974 0.0000000 0.2453844 0.2591541 0.2312378 0.2521318 0.2467334 
taxon15    0.2728116 0.2559393 0.2268152 0.2478557 0.2538264 0.2548373 0.2608370 0.2698866 0.2524539 0.2758072 0.2825702 0.2883767 0.2141801 0.2451251 0.2453844 0.0000000 0.0448093 0.0096645 0.0244320 0.0344551 
taxon16    0.2740538 0.2704760 0.2491481 0.2379516 0.2646123 0.2597651 0.2780507 0.2711478 0.2753639 0.2779792 0.2846918 0.2823621 0.2323656 0.2686869 0.2591541 0.0448093 0.0000000 0.0552531 0.0660649 0.0595099 
taxon17    0.2875799 0.2705812 0.2408335 0.2622239 0.2683386 0.2694174 0.2594365 0.2684233 0.2511106 0.2743181 0.2810404 0.2868171 0.2280077 0.2309834 0.2312378 0.0096645 0.0552531 0.0000000 0.0345269 0.0447182 
taxon18    0.2647886 0.2480261 0.2477851 0.2693573 0.2606895 0.2615478 0.2529081 0.2618063 0.2740495 0.2980896 0.3050274 0.2883937 0.2206095 0.2374471 0.2521318 0.0244320 0.0660649 0.0345269 0.0000000 0.0293308 
taxon19    0.2659543 0.2623164 0.2488968 0.2507981 0.2380527 0.2388306 0.2540337 0.2629739 0.2752630 0.2786521 0.2853914 0.2762456 0.2064112 0.2321030 0.2467334 0.0344551 0.0595099 0.0447182 0.0293308 0.0000000 
