20
taxon0     0.0000000 0.0198741 0.0096615 0.0400108 0.0298026 0.2237754 0.2223311 0.2344608 0.2414829 0.2161721 0.2161721 0.2456755 0.2430096 0.2372058 0.2372058 0.2454347 0.2454106 0.2406248 0.2413634 0.2334793 
taxon1     0.0198741 0.0000000 0.0196746 0.0341296 0.0289732 0.2145785 0.2277248 0.2307704 0.2377090 0.2126739 0.2126739 0.2266956 0.2415063 0.2277324 0.2277324 0.2264760 0.2345888 0.2312088 0.2319117 0.2241789 
taxon2     0.0096615 0.0196746 0.0000000 0.0349510 0.0196230 0.2217677 0.2250637 0.2405867 0.2476494 0.2222425 0.2222425 0.2434876 0.2587343 0.2446228 0.2446228 0.2432502 0.2516616 0.2479929 0.2487600 0.2407649 
taxon3     0.0400108 0.0341296 0.0349510 0.0000000 0.0342315 0.2482152 0.2408106 0.2384921 0.2585138 0.2329754 0.2329754 0.2607061 0.2548160 0.2559830 0.2559830 0.2604535 0.2555188 0.2467083 0.2474687 0.2519548 
taxon4     0.0298026 0.0289732 0.0196230 0.0342315 0.0000000 0.2066128 0.2096863 0.2371493 0.2320259 0.2189733 0.2189733 0.2278509 0.2302149 0.2288997 0.2288997 0.2276292 0.2357971 0.2200856 0.2207555 0.2253101 
taxon5     0.2237754 0.2145785 0.2217677 0.2482152 0.2066128 0.0000000 0.0245366 0.0493945 0.0445587 0.0344438 0.0344438 0.0350719 0.0457225 0.0298987 0.0298987 0.0297590 0.0350287 0.0504047 0.0505395 0.0451149 
taxon6     0.2223311 0.2277248 0.2250637 0.2408106 0.2096863 0.0245366 0.0000000 0.0445026 0.0345361 0.0245181 0.0245181 0.0453269 0.0447982 0.0345205 0.0345205 0.0297898 0.0398005 0.0548942 0.0500521 0.0446774 
taxon7     0.2344608 0.2307704 0.2405867 0.2384921 0.2371493 0.0493945 0.0445026 0.0000000 0.0192733 0.0192710 0.0192710 0.0601832 0.0651474 0.0499483 0.0499483 0.0443057 0.0444509 0.0707624 0.0549894 0.0554184 
taxon8     0.2414829 0.2377090 0.2476494 0.2585138 0.2320259 0.0445587 0.0345361 0.0192733 0.0000000 0.0192738 0.0192738 0.0500428 0.0550024 0.0450625 0.0450625 0.0343842 0.0396052 0.0658675 0.0554127 0.0558481 
taxon9     0.2161721 0.2126739 0.2222425 0.2329754 0.2189733 0.0344438 0.0245181 0.0192710 0.0192738 0.0000000 0.0000010 0.0502045 0.0551777 0.0400060 0.0400060 0.0294371 0.0346120 0.0607149 0.0503082 0.0507059 
taxon10    0.2161721 0.2126739 0.2222425 0.2329754 0.2189733 0.0344438 0.0245181 0.0192710 0.0192738 0.0000010 0.0000000 0.0502045 0.0551777 0.0400060 0.0400060 0.0294371 0.0346120 0.0607149 0.0503082 0.0507059 
taxon11    0.2456755 0.2266956 0.2434876 0.2607061 0.2278509 0.0350719 0.0453269 0.0601832 0.0500428 0.0502045 0.0502045 0.0000000 0.0145799 0.0146421 0.0146421 0.0195084 0.0246039 0.0342371 0.0393828 0.0347095 
taxon12    0.2430096 0.2415063 0.2587343 0.2548160 0.2302149 0.0457225 0.0447982 0.0651474 0.0550024 0.0551777 0.0551777 0.0145799 0.0000000 0.0244277 0.0244277 0.0295632 0.0294995 0.0341618 0.0341679 0.0394323 
taxon13    0.2372058 0.2277324 0.2446228 0.2559830 0.2288997 0.0298987 0.0345205 0.0499483 0.0450625 0.0400060 0.0400060 0.0146421 0.0244277 0.0000000 0.0000010 0.0145506 0.0147063 0.0292329 0.0343264 0.0296398 
taxon14    0.2372058 0.2277324 0.2446228 0.2559830 0.2288997 0.0298987 0.0345205 0.0499483 0.0450625 0.0400060 0.0400060 0.0146421 0.0244277 0.0000010 0.0000000 0.0145506 0.0147063 0.0292329 0.0343264 0.0296398 
taxon15    0.2454347 0.2264760 0.2432502 0.2604535 0.2276292 0.0297590 0.0297898 0.0443057 0.0343842 0.0294371 0.0294371 0.0195084 0.0295632 0.0145506 0.0145506 0.0000000 0.0144875 0.0442981 0.0342545 0.0345249 
taxon16    0.2454106 0.2345888 0.2516616 0.2555188 0.2357971 0.0350287 0.0398005 0.0444509 0.0396052 0.0346120 0.0346120 0.0246039 0.0294995 0.0147063 0.0147063 0.0144875 0.0000000 0.0447631 0.0395476 0.0398602 
taxon17    0.2406248 0.2312088 0.2479929 0.2467083 0.2200856 0.0504047 0.0548942 0.0707624 0.0658675 0.0607149 0.0607149 0.0342371 0.0341618 0.0292329 0.0292329 0.0442981 0.0447631 0.0000000 0.0144208 0.0194356 
taxon18    0.2413634 0.2319117 0.2487600 0.2474687 0.2207555 0.0505395 0.0500521 0.0549894 0.0554127 0.0503082 0.0503082 0.0393828 0.0341679 0.0343264 0.0343264 0.0342545 0.0395476 0.0144208 0.0000000 0.0096171 
taxon19    0.2334793 0.2241789 0.2407649 0.2519548 0.2253101 0.0451149 0.0446774 0.0554184 0.0558481 0.0507059 0.0507059 0.0347095 0.0394323 0.0296398 0.0296398 0.0345249 0.0398602 0.0194356 0.0096171 0.0000000 
