20
taxon0     0.0000000 0.0540361 0.1354723 0.1633557 0.1752038 0.1840282 0.1925062 0.1664614 0.1803813 0.1992549 0.1874336 0.1836306 0.2117605 0.2409023 0.2374364 0.2222572 0.3667007 0.3758094 0.3604004 0.3853604 
taxon1     0.0540361 0.0000000 0.1493547 0.1780980 0.1902029 0.1902408 0.1977927 0.1803596 0.1946870 0.2205333 0.1996604 0.1903062 0.2450550 0.2532311 0.2695467 0.2460482 0.3833820 0.4013883 0.3416846 0.3869942 
taxon2     0.1354723 0.1493547 0.0000000 0.0470974 0.0691908 0.0863309 0.1025736 0.0797141 0.0915848 0.1098969 0.1268627 0.0921423 0.1832633 0.1996718 0.2045285 0.1963380 0.3395157 0.3482119 0.3219453 0.3374171 
taxon3     0.1633557 0.1780980 0.0470974 0.0000000 0.0409033 0.1248624 0.1357014 0.0988819 0.1228370 0.1547612 0.1479178 0.1235614 0.2068633 0.2163475 0.2277258 0.2191636 0.3560437 0.3680520 0.3195428 0.3232547 
taxon4     0.1752038 0.1902029 0.0691908 0.0409033 0.0000000 0.1440440 0.1478208 0.1172074 0.1418320 0.1619438 0.1606679 0.1364190 0.2197589 0.2446415 0.2494630 0.2405664 0.3992137 0.4066812 0.3690487 0.3808921 
taxon5     0.1840282 0.1902408 0.0863309 0.1248624 0.1440440 0.0000000 0.0568153 0.0684449 0.0856469 0.1022963 0.1078281 0.0755077 0.2345997 0.2485833 0.2602417 0.2444438 0.3666914 0.3859566 0.3674595 0.3837140 
taxon6     0.1925062 0.1977927 0.1025736 0.1357014 0.1478208 0.0568153 0.0000000 0.0788715 0.0854763 0.1075831 0.1036884 0.0859247 0.2300361 0.2386342 0.2462678 0.2305195 0.3810998 0.3734580 0.3454149 0.3736755 
taxon7     0.1664614 0.1803596 0.0797141 0.0988819 0.1172074 0.0684449 0.0788715 0.0000000 0.0403060 0.0670893 0.0562879 0.0586433 0.2041425 0.2337288 0.2388149 0.2234603 0.3633354 0.3825579 0.3517512 0.3549892 
taxon8     0.1803813 0.1946870 0.0915848 0.1228370 0.1418320 0.0856469 0.0854763 0.0403060 0.0000000 0.0514544 0.0512260 0.0749310 0.2314127 0.2557332 0.2674527 0.2514690 0.3676839 0.3877653 0.3631973 0.3729272 
taxon9     0.1992549 0.2205333 0.1098969 0.1547612 0.1619438 0.1022963 0.1075831 0.0670893 0.0514544 0.0000000 0.0455215 0.0873790 0.2652471 0.2849617 0.2907005 0.2868881 0.4007880 0.3926281 0.4004567 0.4100684 
taxon10    0.1874336 0.1996604 0.1268627 0.1479178 0.1606679 0.1078281 0.1036884 0.0562879 0.0512260 0.0455215 0.0000000 0.0867102 0.2397855 0.2603937 0.2606805 0.2572402 0.4020280 0.4182170 0.4075809 0.4139914 
taxon11    0.1836306 0.1903062 0.0921423 0.1235614 0.1364190 0.0755077 0.0859247 0.0586433 0.0749310 0.0873790 0.0867102 0.0000000 0.2313057 0.2612613 0.2603340 0.2568693 0.3672316 0.3856490 0.3665097 0.3828284 
taxon12    0.2117605 0.2450550 0.1832633 0.2068633 0.2197589 0.2345997 0.2300361 0.2041425 0.2314127 0.2652471 0.2397855 0.2313057 0.0000000 0.1468012 0.1212049 0.1152417 0.3051212 0.3416745 0.3400813 0.3319853 
taxon13    0.2409023 0.2532311 0.1996718 0.2163475 0.2446415 0.2485833 0.2386342 0.2337288 0.2557332 0.2849617 0.2603937 0.2612613 0.1468012 0.0000000 0.0847800 0.0628155 0.3521258 0.3642403 0.3814837 0.3449987 
taxon14    0.2374364 0.2695467 0.2045285 0.2277258 0.2494630 0.2602417 0.2462678 0.2388149 0.2674527 0.2907005 0.2606805 0.2603340 0.1212049 0.0847800 0.0000000 0.0299843 0.3518495 0.3529609 0.3835843 0.3342480 
taxon15    0.2222572 0.2460482 0.1963380 0.2191636 0.2405664 0.2444438 0.2305195 0.2234603 0.2514690 0.2868881 0.2572402 0.2568693 0.1152417 0.0628155 0.0299843 0.0000000 0.3302410 0.3357568 0.3671429 0.3317901 
taxon16    0.3667007 0.3833820 0.3395157 0.3560437 0.3992137 0.3666914 0.3810998 0.3633354 0.3676839 0.4007880 0.4020280 0.3672316 0.3051212 0.3521258 0.3518495 0.3302410 0.0000000 0.1121705 0.2028862 0.1771105 
taxon17    0.3758094 0.4013883 0.3482119 0.3680520 0.4066812 0.3859566 0.3734580 0.3825579 0.3877653 0.3926281 0.4182170 0.3856490 0.3416745 0.3642403 0.3529609 0.3357568 0.1121705 0.0000000 0.2095549 0.1810670 
taxon18    0.3604004 0.3416846 0.3219453 0.3195428 0.3690487 0.3674595 0.3454149 0.3517512 0.3631973 0.4004567 0.4075809 0.3665097 0.3400813 0.3814837 0.3835843 0.3671429 0.2028862 0.2095549 0.0000000 0.1238682 
taxon19    0.3853604 0.3869942 0.3374171 0.3232547 0.3808921 0.3837140 0.3736755 0.3549892 0.3729272 0.4100684 0.4139914 0.3828284 0.3319853 0.3449987 0.3342480 0.3317901 0.1771105 0.1810670 0.1238682 0.0000000 
