20
taxon0     0.0000000 0.1686330 0.5699765 0.4155373 0.5043999 0.5321310 0.6162728 0.3495997 0.4674653 0.6362816 0.7223907 0.7759654 0.6891814 1.0384095 0.8939083 0.8862961 0.7970338 0.7599161 0.7500340 0.7613824 
taxon1     0.1686330 0.0000000 0.4039321 0.2852869 0.4160065 0.4653966 0.4749892 0.2678971 0.4206782 0.5465860 0.5705876 0.6939981 0.5777316 0.8940640 0.8222642 0.8652810 0.7248789 0.6248035 0.6485733 0.6094612 
taxon2     0.5699765 0.4039321 0.0000000 0.2143500 0.6249655 0.7680575 0.6825108 0.4821217 0.4588488 0.7468646 0.8140235 0.8382634 0.7003119 1.1612724 1.0586196 1.1104241 0.9867432 0.8358131 0.8092635 0.9691900 
taxon3     0.4155373 0.2852869 0.2143500 0.0000000 0.5016456 0.6155672 0.6074789 0.3829550 0.5340016 0.7411312 0.7400622 0.8769941 0.6740119 1.1304330 1.0446085 1.0214941 0.9843298 0.7834201 0.8220738 0.8341542 
taxon4     0.5043999 0.4160065 0.6249655 0.5016456 0.0000000 0.1712955 0.1654183 0.1921504 0.2470969 0.6719287 0.7017672 0.7114236 0.5742423 0.8507649 0.7859027 0.9326150 0.8159110 0.6552531 0.6560944 0.6714371 
taxon5     0.5321310 0.4653966 0.7680575 0.6155672 0.1712955 0.0000000 0.1141058 0.2273645 0.3162197 0.7685671 0.7796961 0.8853435 0.7396905 0.9064107 0.8990710 0.9888607 0.9046097 0.7997831 0.8280385 0.7875876 
taxon6     0.6162728 0.4749892 0.6825108 0.6074789 0.1654183 0.1141058 0.0000000 0.2164730 0.3116692 0.7417266 0.7203527 0.8020876 0.6736378 0.8108462 0.7785762 0.9326685 0.8475402 0.7303376 0.7658690 0.7265341 
taxon7     0.3495997 0.2678971 0.4821217 0.3829550 0.1921504 0.2273645 0.2164730 0.0000000 0.1566094 0.4691865 0.5603087 0.6058561 0.4630863 0.7797201 0.6964434 0.8770002 0.7092958 0.5480340 0.6451193 0.5976441 
taxon8     0.4674653 0.4206782 0.4588488 0.5340016 0.2470969 0.3162197 0.3116692 0.1566094 0.0000000 0.6667790 0.6796779 0.6896300 0.5758478 0.9240359 0.8122181 0.9402161 0.8208152 0.6490910 0.5585197 0.7054528 
taxon9     0.6362816 0.5465860 0.7468646 0.7411312 0.6719287 0.7685671 0.7417266 0.4691865 0.6667790 0.0000000 0.1204809 0.3818056 0.3003943 0.9111444 0.8309028 0.8908113 0.8179380 0.7674794 0.7241107 0.7935550 
taxon10    0.7223907 0.5705876 0.8140235 0.7400622 0.7017672 0.7796961 0.7203527 0.5603087 0.6796779 0.1204809 0.0000000 0.4187671 0.2814728 0.9734645 0.9522590 0.9793557 0.8865002 0.7423491 0.7382664 0.7879934 
taxon11    0.7759654 0.6939981 0.8382634 0.8769941 0.7114236 0.8853435 0.8020876 0.6058561 0.6896300 0.3818056 0.4187671 0.0000000 0.1327934 1.0160710 0.9313829 1.0118280 0.8961249 0.7145139 0.7680656 0.8081393 
taxon12    0.6891814 0.5777316 0.7003119 0.6740119 0.5742423 0.7396905 0.6736378 0.4630863 0.5758478 0.3003943 0.2814728 0.1327934 0.0000000 0.8912021 0.7785297 0.8243345 0.7480839 0.5743638 0.5863450 0.7053410 
taxon13    1.0384095 0.8940640 1.1612724 1.1304330 0.8507649 0.9064107 0.8108462 0.7797201 0.9240359 0.9111444 0.9734645 1.0160710 0.8912021 0.0000000 0.1058701 0.3195088 0.2728937 0.4373455 0.3923452 0.4474483 
taxon14    0.8939083 0.8222642 1.0586196 1.0446085 0.7859027 0.8990710 0.7785762 0.6964434 0.8122181 0.8309028 0.9522590 0.9313829 0.7785297 0.1058701 0.0000000 0.2696947 0.2062572 0.3268467 0.3091898 0.3578648 
taxon15    0.8862961 0.8652810 1.1104241 1.0214941 0.9326150 0.9888607 0.9326685 0.8770002 0.9402161 0.8908113 0.9793557 1.0118280 0.8243345 0.3195088 0.2696947 0.0000000 0.0966079 0.4674214 0.3790419 0.4465346 
taxon16    0.7970338 0.7248789 0.9867432 0.9843298 0.8159110 0.9046097 0.8475402 0.7092958 0.8208152 0.8179380 0.8865002 0.8961249 0.7480839 0.2728937 0.2062572 0.0966079 0.0000000 0.3872441 0.2920455 0.3751677 
taxon17    0.7599161 0.6248035 0.8358131 0.7834201 0.6552531 0.7997831 0.7303376 0.5480340 0.6490910 0.7674794 0.7423491 0.7145139 0.5743638 0.4373455 0.3268467 0.4674214 0.3872441 0.0000000 0.1441512 0.1819125 
taxon18    0.7500340 0.6485733 0.8092635 0.8220738 0.6560944 0.8280385 0.7658690 0.6451193 0.5585197 0.7241107 0.7382664 0.7680656 0.5863450 0.3923452 0.3091898 0.3790419 0.2920455 0.1441512 0.0000000 0.1628188 
taxon19    0.7613824 0.6094612 0.9691900 0.8341542 0.6714371 0.7875876 0.7265341 0.5976441 0.7054528 0.7935550 0.7879934 0.8081393 0.7053410 0.4474483 0.3578648 0.4465346 0.3751677 0.1819125 0.1628188 0.0000000 
