20
taxon0     0.0000000 0.1309959 0.6042266 0.6119784 0.5940272 0.5992287 0.5881777 0.6511886 0.8322202 0.7576501 0.8435109 0.7285570 0.7077237 0.7158819 0.5846401 0.6602969 0.6455895 0.6740764 0.5495055 0.5814762 
taxon1     0.1309959 0.0000000 0.6170600 0.5956308 0.6123854 0.6038997 0.5866213 0.6403484 0.8266458 0.7501995 0.8290584 0.6739330 0.6605612 0.6685907 0.5809681 0.5904771 0.6074555 0.6882719 0.5539519 0.5648394 
taxon2     0.6042266 0.6170600 0.0000000 0.2800796 0.3553145 0.4361616 0.4800432 0.9505817 1.0610387 1.1314255 1.0921932 0.9027597 0.9672509 0.9465305 0.8397302 0.9067477 0.9018504 0.9339761 0.8386351 0.8069800 
taxon3     0.6119784 0.5956308 0.2800796 0.0000000 0.1839440 0.4750154 0.4935252 0.9244877 1.0845239 1.0779926 1.1022870 0.8776081 0.9292617 0.9032891 0.8636089 0.9219283 0.9126668 0.9431831 0.8672766 0.8248105 
taxon4     0.5940272 0.6123854 0.3553145 0.1839440 0.0000000 0.5535255 0.6156523 0.9866812 1.1225103 1.0822808 1.1267847 0.9703775 0.9890802 0.9807264 0.8777879 0.9110250 0.8732128 0.9224498 0.8481605 0.8226014 
taxon5     0.5992287 0.6038997 0.4361616 0.4750154 0.5535255 0.0000000 0.2107138 0.8825412 0.9831684 0.9594732 0.9561014 0.8490490 0.8680349 0.8866111 0.8332553 0.8602807 0.8774461 0.9385618 0.8094658 0.7904524 
taxon6     0.5881777 0.5866213 0.4800432 0.4935252 0.6156523 0.2107138 0.0000000 0.9230814 1.0368608 1.0590929 1.0707950 0.9157391 0.9688423 0.9850082 0.8790570 0.9045392 0.9219686 0.9714868 0.8551250 0.8520040 
taxon7     0.6511886 0.6403484 0.9505817 0.9244877 0.9866812 0.8825412 0.9230814 0.0000000 0.1990755 0.2561277 0.2488915 0.2644695 0.2459367 0.2576254 0.3326725 0.3992325 0.3745268 0.3997572 0.3386312 0.3315327 
taxon8     0.8322202 0.8266458 1.0610387 1.0845239 1.1225103 0.9831684 1.0368608 0.1990755 0.0000000 0.2243693 0.2033829 0.3645187 0.3858076 0.4036160 0.4348246 0.4930106 0.4410253 0.5307540 0.4566432 0.4275158 
taxon9     0.7576501 0.7501995 1.1314255 1.0779926 1.0822808 0.9594732 1.0590929 0.2561277 0.2243693 0.0000000 0.1362092 0.4375413 0.4082410 0.4277512 0.4771817 0.5121868 0.4747918 0.5572643 0.4953068 0.4565102 
taxon10    0.8435109 0.8290584 1.0921932 1.1022870 1.1267847 0.9561014 1.0707950 0.2488915 0.2033829 0.1362092 0.0000000 0.4400450 0.4215619 0.4211916 0.5422244 0.5709059 0.5513645 0.6350798 0.5378333 0.4852150 
taxon11    0.7285570 0.6739330 0.9027597 0.8776081 0.9703775 0.8490490 0.9157391 0.2644695 0.3645187 0.4375413 0.4400450 0.0000000 0.1860649 0.2106276 0.4009675 0.4873985 0.4075477 0.4464687 0.4043568 0.3655297 
taxon12    0.7077237 0.6605612 0.9672509 0.9292617 0.9890802 0.8680349 0.9688423 0.2459367 0.3858076 0.4082410 0.4215619 0.1860649 0.0000000 0.0876063 0.3826250 0.4448167 0.3883576 0.4613478 0.3982723 0.3470111 
taxon13    0.7158819 0.6685907 0.9465305 0.9032891 0.9807264 0.8866111 0.9850082 0.2576254 0.4036160 0.4277512 0.4211916 0.2106276 0.0876063 0.0000000 0.3702536 0.4506993 0.4004584 0.4701375 0.4237099 0.3657329 
taxon14    0.5846401 0.5809681 0.8397302 0.8636089 0.8777879 0.8332553 0.8790570 0.3326725 0.4348246 0.4771817 0.5422244 0.4009675 0.3826250 0.3702536 0.0000000 0.1813993 0.2007816 0.2423807 0.1944903 0.1853833 
taxon15    0.6602969 0.5904771 0.9067477 0.9219283 0.9110250 0.8602807 0.9045392 0.3992325 0.4930106 0.5121868 0.5709059 0.4873985 0.4448167 0.4506993 0.1813993 0.0000000 0.1426352 0.2905024 0.2596773 0.2504605 
taxon16    0.6455895 0.6074555 0.9018504 0.9126668 0.8732128 0.8774461 0.9219686 0.3745268 0.4410253 0.4747918 0.5513645 0.4075477 0.3883576 0.4004584 0.2007816 0.1426352 0.0000000 0.2575130 0.2361411 0.2203525 
taxon17    0.6740764 0.6882719 0.9339761 0.9431831 0.9224498 0.9385618 0.9714868 0.3997572 0.5307540 0.5572643 0.6350798 0.4464687 0.4613478 0.4701375 0.2423807 0.2905024 0.2575130 0.0000000 0.2066716 0.1870103 
taxon18    0.5495055 0.5539519 0.8386351 0.8672766 0.8481605 0.8094658 0.8551250 0.3386312 0.4566432 0.4953068 0.5378333 0.4043568 0.3982723 0.4237099 0.1944903 0.2596773 0.2361411 0.2066716 0.0000000 0.0969742 
taxon19    0.5814762 0.5648394 0.8069800 0.8248105 0.8226014 0.7904524 0.8520040 0.3315327 0.4275158 0.4565102 0.4852150 0.3655297 0.3470111 0.3657329 0.1853833 0.2504605 0.2203525 0.1870103 0.0969742 0.0000000 
