20
taxon0     0.0000000 0.0195561 0.0097104 0.0247294 0.0196344 0.0298040 0.0298040 0.0245456 0.0197208 0.0298838 0.0198054 0.2073614 0.2144297 0.2074326 0.2012155 0.2012155 0.2123016 0.2192654 0.2079208 0.2037509 
taxon1     0.0195561 0.0000000 0.0097090 0.0448297 0.0395548 0.0399165 0.0399165 0.0345205 0.0297136 0.0400209 0.0298410 0.2120279 0.2190879 0.2121000 0.2059055 0.2059055 0.2374321 0.2175511 0.2331500 0.2290817 
taxon2     0.0097104 0.0097090 0.0000000 0.0346283 0.0294605 0.0297319 0.0297319 0.0244868 0.0196734 0.0298114 0.0197576 0.2131072 0.2202045 0.2131799 0.2069563 0.2069563 0.2240424 0.2186525 0.2197208 0.2156113 
taxon3     0.0247294 0.0448297 0.0346283 0.0000000 0.0098694 0.0097719 0.0097719 0.0148047 0.0146577 0.0246814 0.0196079 0.2119530 0.2190195 0.1993695 0.2058251 0.2058251 0.1978583 0.1990481 0.1934496 0.1896321 
taxon4     0.0196344 0.0395548 0.0294605 0.0098694 0.0000000 0.0098058 0.0098058 0.0048449 0.0247532 0.0350098 0.0196735 0.2208026 0.2280024 0.2080326 0.2145899 0.2145899 0.1982187 0.2134601 0.1938116 0.2040438 
taxon5     0.0298040 0.0399165 0.0297319 0.0097719 0.0098058 0.0000000 0.0000010 0.0048905 0.0146678 0.0246988 0.0097151 0.2127153 0.2198085 0.2000887 0.2065669 0.2065669 0.1963806 0.1992213 0.1919975 0.2021191 
taxon6     0.0298040 0.0399165 0.0297319 0.0097719 0.0098058 0.0000010 0.0000000 0.0048905 0.0146678 0.0246988 0.0097151 0.2127153 0.2198085 0.2000887 0.2065669 0.2065669 0.1963806 0.1992213 0.1919975 0.2021191 
taxon7     0.0245456 0.0345205 0.0244868 0.0148047 0.0048449 0.0048905 0.0048905 0.0000000 0.0197520 0.0299319 0.0147178 0.2206370 0.2278297 0.2078782 0.2144297 0.2144297 0.2040087 0.2069714 0.1996324 0.2099725 
taxon8     0.0197208 0.0297136 0.0196734 0.0146577 0.0247532 0.0146678 0.0146678 0.0197520 0.0000000 0.0098154 0.0048732 0.1993742 0.2063356 0.1994428 0.1932938 0.1932938 0.2038700 0.1928868 0.1994886 0.1957096 
taxon9     0.0298838 0.0400209 0.0298114 0.0246814 0.0350098 0.0246988 0.0246988 0.0299319 0.0098154 0.0000000 0.0147710 0.2132028 0.2203071 0.2132755 0.2070461 0.2070461 0.2176626 0.2066032 0.2133142 0.2095962 
taxon10    0.0198054 0.0298410 0.0197576 0.0196079 0.0196735 0.0097151 0.0097151 0.0147178 0.0048732 0.0147710 0.0000000 0.2002401 0.2072343 0.2003092 0.1941342 0.1941342 0.1965947 0.1994401 0.1922074 0.2023431 
taxon11    0.2073614 0.2120279 0.2131072 0.2119530 0.2208026 0.2127153 0.2127153 0.2206370 0.1993742 0.2132028 0.2002401 0.0000000 0.0049119 0.0098274 0.0049063 0.0049063 0.0403294 0.0301344 0.0406506 0.0352519 
taxon12    0.2144297 0.2190879 0.2202045 0.2190195 0.2280024 0.2198085 0.2198085 0.2278297 0.2063356 0.2203071 0.2072343 0.0049119 0.0000000 0.0148107 0.0098587 0.0098587 0.0455912 0.0353246 0.0459535 0.0404817 
taxon13    0.2074326 0.2121000 0.2131799 0.1993695 0.2080326 0.2000887 0.2000887 0.2078782 0.1994428 0.2132755 0.2003092 0.0098274 0.0148107 0.0000000 0.0049081 0.0049081 0.0403617 0.0301582 0.0303669 0.0250810 
taxon14    0.2012155 0.2059055 0.2069563 0.2058251 0.2145899 0.2065669 0.2065669 0.2144297 0.1932938 0.2070461 0.1941342 0.0049063 0.0098587 0.0049081 0.0000000 0.0000010 0.0455367 0.0352827 0.0355276 0.0301813 
taxon15    0.2012155 0.2059055 0.2069563 0.2058251 0.2145899 0.2065669 0.2065669 0.2144297 0.1932938 0.2070461 0.1941342 0.0049063 0.0098587 0.0049081 0.0000010 0.0000000 0.0455367 0.0352827 0.0355276 0.0301813 
taxon16    0.2123016 0.2374321 0.2240424 0.1978583 0.1982187 0.1963806 0.1963806 0.2040087 0.2038700 0.2176626 0.1965947 0.0403294 0.0455912 0.0403617 0.0455367 0.0455367 0.0000000 0.0249102 0.0147603 0.0299632 
taxon17    0.2192654 0.2175511 0.2186525 0.1990481 0.2134601 0.1992213 0.1992213 0.2069714 0.1928868 0.2066032 0.1994401 0.0301344 0.0353246 0.0301582 0.0352827 0.0352827 0.0249102 0.0000000 0.0353145 0.0300316 
taxon18    0.2079208 0.2331500 0.2197208 0.1934496 0.1938116 0.1919975 0.1919975 0.1996324 0.1994886 0.2133142 0.1922074 0.0406506 0.0459535 0.0303669 0.0355276 0.0355276 0.0147603 0.0353145 0.0000000 0.0198972 
taxon19    0.2037509 0.2290817 0.2156113 0.1896321 0.2040438 0.2021191 0.2021191 0.2099725 0.1957096 0.2095962 0.2023431 0.0352519 0.0404817 0.0250810 0.0301813 0.0301813 0.0299632 0.0300316 0.0198972 0.0000000 
