20
taxon0     0.0000000 0.5921178 1.1572502 2.4914332 2.1792395 1.1802622 0.9569894 2.2405697 1.7704172 2.6596965 2.7786117 2.1299263 2.3068860 1.1893324 1.6720785 2.5288975 1.6085368 2.6569478 2.4585740 2.6828155 
taxon1     0.5921178 0.0000000 1.5617134 2.6056976 2.2239874 1.4102863 1.1471367 3.0308414 2.2175155 3.3148145 4.1374655 4.3722102 3.3036577 2.0819488 2.4248663 2.9396157 2.1865723 3.8130126 2.8947701 3.2182252 
taxon2     1.1572502 1.5617134 0.0000000 1.5281808 1.3234199 0.9002948 0.6713441 2.2631421 1.7932820 2.4157423 3.0319271 2.4179607 2.1770092 1.2755722 1.8035825 3.0010910 1.5944516 2.7137124 2.8948825 3.2713380 
taxon3     2.4914332 2.6056976 1.5281808 0.0000000 1.4052392 1.6336969 1.4706049 5.0393335 3.6879664 6.4782318 4.1705326 3.8651652 4.1834654 3.5527996 4.4990503 3.6961644 3.2349431 4.0086457 5.1286197 4.6488320 
taxon4     2.1792395 2.2239874 1.3234199 1.4052392 0.0000000 1.3335654 1.2009086 4.4135035 3.2233124 4.2419605 4.2189339 3.3829424 4.0108520 2.7211463 2.9694590 5.0828179 3.4516665 4.6742421 4.8380961 5.0971376 
taxon5     1.1802622 1.4102863 0.9002948 1.6336969 1.3335654 0.0000000 0.2042128 2.7033327 1.8034319 2.4808010 2.8315018 2.4152329 2.8466330 1.7438374 2.8990843 3.1463498 1.9446638 3.3993661 3.1649925 2.7877980 
taxon6     0.9569894 1.1471367 0.6713441 1.4706049 1.2009086 0.2042128 0.0000000 2.4340946 1.7669577 2.3190175 2.6648000 2.2190113 2.3036270 1.4541094 2.4356944 2.8342034 1.7383646 3.0530933 2.9812659 2.7730363 
taxon7     2.2405697 3.0308414 2.2631421 5.0393335 4.4135035 2.7033327 2.4340946 0.0000000 0.9540378 2.6399085 2.6031555 2.3817749 2.7570775 1.8797086 2.3755440 3.0054373 1.9702511 2.5085290 3.0723154 3.1756125 
taxon8     1.7704172 2.2175155 1.7932820 3.6879664 3.2233124 1.8034319 1.7669577 0.9540378 0.0000000 1.5534681 2.1685501 2.1534783 2.1947313 1.6395537 2.1618379 2.2268603 1.6627916 2.5322381 2.3131663 2.8432266 
taxon9     2.6596965 3.3148145 2.4157423 6.4782318 4.2419605 2.4808010 2.3190175 2.6399085 1.5534681 0.0000000 1.1677088 1.6792556 1.5095004 1.9827264 3.5727978 3.6240914 2.2267285 2.9881620 3.3436991 3.9686950 
taxon10    2.7786117 4.1374655 3.0319271 4.1705326 4.2189339 2.8315018 2.6648000 2.6031555 2.1685501 1.1677088 0.0000000 1.2384107 1.2503557 2.4532658 2.8667839 3.6508894 2.5328088 3.2715517 4.4236333 5.3797701 
taxon11    2.1299263 4.3722102 2.4179607 3.8651652 3.3829424 2.4152329 2.2190113 2.3817749 2.1534783 1.6792556 1.2384107 0.0000000 0.8397058 2.2911866 2.6134276 4.3321511 2.4496292 3.3106937 3.6402952 4.4460425 
taxon12    2.3068860 3.3036577 2.1770092 4.1834654 4.0108520 2.8466330 2.3036270 2.7570775 2.1947313 1.5095004 1.2503557 0.8397058 0.0000000 2.1542158 2.7407326 3.5034132 2.5036871 3.2846488 2.8141876 3.8984799 
taxon13    1.1893324 2.0819488 1.2755722 3.5527996 2.7211463 1.7438374 1.4541094 1.8797086 1.6395537 1.9827264 2.4532658 2.2911866 2.1542158 0.0000000 0.6064430 1.5392135 1.0158179 1.7693017 1.7130445 1.8068847 
taxon14    1.6720785 2.4248663 1.8035825 4.4990503 2.9694590 2.8990843 2.4356944 2.3755440 2.1618379 3.5727978 2.8667839 2.6134276 2.7407326 0.6064430 0.0000000 2.0078913 1.3767685 1.8351455 1.8983275 1.9462587 
taxon15    2.5288975 2.9396157 3.0010910 3.6961644 5.0828179 3.1463498 2.8342034 3.0054373 2.2268603 3.6240914 3.6508894 4.3321511 3.5034132 1.5392135 2.0078913 0.0000000 0.8089881 1.7378250 2.0204345 2.0362209 
taxon16    1.6085368 2.1865723 1.5944516 3.2349431 3.4516665 1.9446638 1.7383646 1.9702511 1.6627916 2.2267285 2.5328088 2.4496292 2.5036871 1.0158179 1.3767685 0.8089881 0.0000000 1.1799316 1.3993209 1.6474604 
taxon17    2.6569478 3.8130126 2.7137124 4.0086457 4.6742421 3.3993661 3.0530933 2.5085290 2.5322381 2.9881620 3.2715517 3.3106937 3.2846488 1.7693017 1.8351455 1.7378250 1.1799316 0.0000000 1.1194518 1.4134127 
taxon18    2.4585740 2.8947701 2.8948825 5.1286197 4.8380961 3.1649925 2.9812659 3.0723154 2.3131663 3.3436991 4.4236333 3.6402952 2.8141876 1.7130445 1.8983275 2.0204345 1.3993209 1.1194518 0.0000000 0.4742809 
taxon19    2.6828155 3.2182252 3.2713380 4.6488320 5.0971376 2.7877980 2.7730363 3.1756125 2.8432266 3.9686950 5.3797701 4.4460425 3.8984799 1.8068847 1.9462587 2.0362209 1.6474604 1.4134127 0.4742809 0.0000000 
