20
taxon0     0.0000000 0.0478295 0.0369296 0.0529261 0.0863225 0.0696467 0.0810731 0.0749434 0.0805468 0.3450524 0.3574547 0.3411049 0.3764646 0.3573828 0.3457004 0.3467705 0.4345831 0.4512244 0.4384781 0.3432612 
taxon1     0.0478295 0.0000000 0.0103949 0.0155905 0.0366696 0.0208122 0.0640657 0.0698372 0.0754437 0.3094082 0.3352495 0.3413920 0.3546351 0.3533104 0.3417215 0.3341103 0.3907653 0.4210925 0.4089265 0.3393318 
taxon2     0.0369296 0.0103949 0.0000000 0.0155284 0.0474665 0.0314289 0.0530023 0.0695570 0.0751409 0.3081273 0.3198279 0.3259564 0.3560409 0.3375442 0.3260077 0.3354338 0.4071250 0.4380968 0.4256452 0.3237460 
taxon3     0.0529261 0.0155905 0.0155284 0.0000000 0.0419716 0.0260548 0.0582890 0.0639821 0.0695287 0.2864731 0.3261674 0.3322847 0.3625678 0.3439747 0.3324493 0.3419020 0.3988891 0.4447132 0.4161740 0.3301418 
taxon4     0.0863225 0.0366696 0.0474665 0.0419716 0.0000000 0.0154943 0.0911713 0.0860754 0.1028626 0.3090911 0.3498133 0.3559528 0.3830291 0.3762732 0.3791642 0.3856567 0.4290537 0.4440163 0.4232497 0.3910078 
taxon5     0.0696467 0.0208122 0.0314289 0.0260548 0.0154943 0.0000000 0.0745659 0.0803906 0.0860194 0.3016566 0.3420686 0.3482053 0.3669088 0.3683085 0.3566894 0.3632303 0.4208273 0.4369565 0.4002842 0.3685204 
taxon6     0.0810731 0.0640657 0.0530023 0.0582890 0.0911713 0.0745659 0.0000000 0.0365566 0.0419065 0.3301987 0.3282587 0.3204952 0.3227115 0.3392629 0.3096969 0.3337168 0.4051397 0.4188644 0.4155180 0.3081533 
taxon7     0.0749434 0.0698372 0.0695570 0.0639821 0.0860754 0.0803906 0.0365566 0.0000000 0.0154313 0.3092076 0.3210125 0.3133216 0.3143552 0.3318884 0.3164006 0.3404707 0.3669410 0.4331152 0.4218705 0.3148245 
taxon8     0.0805468 0.0754437 0.0751409 0.0695287 0.1028626 0.0860194 0.0419065 0.0154313 0.0000000 0.3304370 0.3271723 0.3194501 0.3219226 0.3538522 0.3240243 0.3482616 0.3745028 0.4261146 0.4302210 0.3224042 
taxon9     0.3450524 0.3094082 0.3081273 0.2864731 0.3090911 0.3016566 0.3301987 0.3092076 0.3304370 0.0000000 0.0347541 0.0403324 0.1153713 0.0770822 0.0776489 0.0950868 0.1287305 0.1524515 0.1331156 0.0882728 
taxon10    0.3574547 0.3352495 0.3198279 0.3261674 0.3498133 0.3420686 0.3282587 0.3210125 0.3271723 0.0347541 0.0000000 0.0356766 0.1226145 0.0729561 0.0842258 0.1020500 0.1378151 0.1671133 0.1652939 0.0842446 
taxon11    0.3411049 0.3413920 0.3259564 0.3322847 0.3559528 0.3482053 0.3204952 0.3133216 0.3194501 0.0403324 0.0356766 0.0000000 0.1233891 0.0844630 0.0850956 0.0832550 0.1272275 0.1443936 0.1498745 0.0788661 
taxon12    0.3764646 0.3546351 0.3560409 0.3625678 0.3830291 0.3669088 0.3227115 0.3143552 0.3219226 0.1153713 0.1226145 0.1233891 0.0000000 0.0665281 0.0455903 0.0611302 0.1195495 0.1429472 0.1315948 0.0657233 
taxon13    0.3573828 0.3533104 0.3375442 0.3439747 0.3762732 0.3683085 0.3392629 0.3318884 0.3538522 0.0770822 0.0729561 0.0844630 0.0665281 0.0000000 0.0198941 0.0617166 0.1169579 0.1179234 0.1165736 0.0555629 
taxon14    0.3457004 0.3417215 0.3260077 0.3324493 0.3791642 0.3566894 0.3096969 0.3164006 0.3240243 0.0776489 0.0842258 0.0850956 0.0455903 0.0198941 0.0000000 0.0407389 0.1097028 0.1107937 0.1095350 0.0349911 
taxon15    0.3467705 0.3341103 0.3354338 0.3419020 0.3856567 0.3632303 0.3337168 0.3404707 0.3482616 0.0950868 0.1020500 0.0832550 0.0611302 0.0617166 0.0407389 0.0000000 0.0754035 0.0865468 0.0965257 0.0250857 
taxon16    0.4345831 0.3907653 0.4071250 0.3988891 0.4290537 0.4208273 0.4051397 0.3669410 0.3745028 0.1287305 0.1378151 0.1272275 0.1195495 0.1169579 0.1097028 0.0754035 0.0000000 0.0748882 0.1007366 0.0820673 
taxon17    0.4512244 0.4210925 0.4380968 0.4447132 0.4440163 0.4369565 0.4188644 0.4331152 0.4261146 0.1524515 0.1671133 0.1443936 0.1429472 0.1179234 0.1107937 0.0865468 0.0748882 0.0000000 0.0497284 0.0982912 
taxon18    0.4384781 0.4089265 0.4256452 0.4161740 0.4232497 0.4002842 0.4155180 0.4218705 0.4302210 0.1331156 0.1652939 0.1498745 0.1315948 0.1165736 0.1095350 0.0965257 0.1007366 0.0497284 0.0000000 0.1143572 
taxon19    0.3432612 0.3393318 0.3237460 0.3301418 0.3910078 0.3685204 0.3081533 0.3148245 0.3224042 0.0882728 0.0842446 0.0788661 0.0657233 0.0555629 0.0349911 0.0250857 0.0820673 0.0982912 0.1143572 0.0000000 
