20
taxon0     0.0000000 0.1575149 0.2675174 0.5533233 0.4501796 0.7520433 0.8830992 0.7601836 0.6075519 0.6269826 0.5829804 0.8021621 0.9048514 0.7925393 0.7694552 0.6769333 0.8276029 0.8542734 0.8456606 0.8507509 
taxon1     0.1575149 0.0000000 0.2733406 0.5776269 0.5177753 0.5533238 0.6797017 0.6554183 0.5344634 0.5491775 0.5296152 0.6623050 0.8373143 0.6756325 0.7013860 0.5691949 0.7792694 0.8681250 0.8284175 0.8970909 
taxon2     0.2675174 0.2733406 0.0000000 0.2540942 0.2084289 0.5411626 0.7181503 0.6409301 0.5340691 0.6022842 0.6055010 0.6915230 0.8573638 0.7904434 0.6499092 0.5851731 0.7098059 0.7726771 0.7654760 0.8974134 
taxon3     0.5533233 0.5776269 0.2540942 0.0000000 0.1607754 0.9891598 1.1820260 1.1154328 0.8441356 1.1345173 1.1102233 0.8775501 1.0426554 0.9900423 1.1434622 1.0838503 1.0412492 1.1980569 1.3587455 1.4310824 
taxon4     0.4501796 0.5177753 0.2084289 0.1607754 0.0000000 0.8384602 1.1658684 0.9664403 0.8142363 0.9983625 1.0597241 0.9697783 1.2954314 1.1363847 1.0421419 0.9699329 1.0690767 1.2998034 1.1727613 1.2826843 
taxon5     0.7520433 0.5533238 0.5411626 0.9891598 0.8384602 0.0000000 0.1857690 0.1657058 0.3336874 0.4291921 0.3570013 0.4984041 0.5762199 0.6630572 0.4303752 0.3709745 0.4463495 0.4496929 0.5715781 0.6255314 
taxon6     0.8830992 0.6797017 0.7181503 1.1820260 1.1658684 0.1857690 0.0000000 0.1333408 0.4188891 0.5077144 0.4652100 0.5954683 0.6981854 0.6874955 0.4715699 0.4220345 0.4911318 0.4483939 0.6258077 0.7066503 
taxon7     0.7601836 0.6554183 0.6409301 1.1154328 0.9664403 0.1657058 0.1333408 0.0000000 0.3796596 0.4211895 0.4614690 0.5875418 0.7182150 0.7422385 0.4839231 0.4349385 0.5127914 0.4871882 0.6407888 0.6846841 
taxon8     0.6075519 0.5344634 0.5340691 0.8441356 0.8142363 0.3336874 0.4188891 0.3796596 0.0000000 0.1349605 0.1432308 0.3980613 0.4554846 0.5362323 0.3945340 0.3273125 0.3987655 0.3881238 0.4587562 0.4388989 
taxon9     0.6269826 0.5491775 0.6022842 1.1345173 0.9983625 0.4291921 0.5077144 0.4211895 0.1349605 0.0000000 0.1032023 0.4730837 0.5223541 0.5142701 0.4404915 0.3870058 0.4806731 0.4945632 0.5480368 0.5450410 
taxon10    0.5829804 0.5296152 0.6055010 1.1102233 1.0597241 0.3570013 0.4652100 0.4614690 0.1432308 0.1032023 0.0000000 0.3920143 0.4256390 0.4549353 0.3626942 0.3502937 0.4364509 0.4726878 0.5274997 0.5153353 
taxon11    0.8021621 0.6623050 0.6915230 0.8775501 0.9697783 0.4984041 0.5954683 0.5875418 0.3980613 0.4730837 0.3920143 0.0000000 0.1260776 0.1333663 0.4193512 0.3417105 0.3961002 0.3915403 0.5183767 0.5303009 
taxon12    0.9048514 0.8373143 0.8573638 1.0426554 1.2954314 0.5762199 0.6981854 0.7182150 0.4554846 0.5223541 0.4256390 0.1260776 0.0000000 0.0817552 0.5634252 0.4629807 0.4737440 0.4641365 0.6210243 0.5999509 
taxon13    0.7925393 0.6756325 0.7904434 0.9900423 1.1363847 0.6630572 0.6874955 0.7422385 0.5362323 0.5142701 0.4549353 0.1333663 0.0817552 0.0000000 0.6050864 0.5020259 0.4900287 0.5079780 0.6103369 0.5930470 
taxon14    0.7694552 0.7013860 0.6499092 1.1434622 1.0421419 0.4303752 0.4715699 0.4839231 0.3945340 0.4404915 0.3626942 0.4193512 0.5634252 0.6050864 0.0000000 0.1119221 0.2916205 0.2958157 0.3339072 0.3391325 
taxon15    0.6769333 0.5691949 0.5851731 1.0838503 0.9699329 0.3709745 0.4220345 0.4349385 0.3273125 0.3870058 0.3502937 0.3417105 0.4629807 0.5020259 0.1119221 0.0000000 0.2364180 0.2541225 0.3254984 0.3456021 
taxon16    0.8276029 0.7792694 0.7098059 1.0412492 1.0690767 0.4463495 0.4911318 0.5127914 0.3987655 0.4806731 0.4364509 0.3961002 0.4737440 0.4900287 0.2916205 0.2364180 0.0000000 0.0633481 0.2248805 0.2311320 
taxon17    0.8542734 0.8681250 0.7726771 1.1980569 1.2998034 0.4496929 0.4483939 0.4871882 0.3881238 0.4945632 0.4726878 0.3915403 0.4641365 0.5079780 0.2958157 0.2541225 0.0633481 0.0000000 0.2596994 0.2574738 
taxon18    0.8456606 0.8284175 0.7654760 1.3587455 1.1727613 0.5715781 0.6258077 0.6407888 0.4587562 0.5480368 0.5274997 0.5183767 0.6210243 0.6103369 0.3339072 0.3254984 0.2248805 0.2596994 0.0000000 0.0788395 
taxon19    0.8507509 0.8970909 0.8974134 1.4310824 1.2826843 0.6255314 0.7066503 0.6846841 0.4388989 0.5450410 0.5153353 0.5303009 0.5999509 0.5930470 0.3391325 0.3456021 0.2311320 0.2574738 0.0788395 0.0000000 
