20
taxon0     0.0000000 0.5650787 0.9193418 0.8820356 0.9627316 0.6670667 1.1652397 1.1105768 1.3620095 1.1961196 1.0471736 0.9155887 1.0692192 1.0571988 1.1596990 1.0722492 1.1054445 1.1152555 0.9570299 0.9828331 
taxon1     0.5650787 0.0000000 0.5985546 0.5908700 0.7549379 0.5106467 0.6782325 0.6590283 1.1656949 0.8777110 0.6615066 0.6621019 0.6503033 0.5629394 0.7808678 0.7181006 0.7235608 0.7991891 0.6671780 0.6550873 
taxon2     0.9193418 0.5985546 0.0000000 0.3224657 1.0400664 0.7897388 1.1009874 1.0515802 1.3674164 1.2352792 0.9959227 0.9432063 0.9001273 0.9319496 1.0601962 1.0164450 1.0198792 1.1530926 0.9352282 0.9700388 
taxon3     0.8820356 0.5908700 0.3224657 0.0000000 1.0231830 0.7468395 0.9731332 0.9271812 1.2835770 1.1276739 0.9882374 0.9135202 0.8798754 0.8627677 0.9557563 0.9002758 0.8373985 1.1168792 0.9173056 0.9238229 
taxon4     0.9627316 0.7549379 1.0400664 1.0231830 0.0000000 0.3625423 0.9138898 0.9050996 1.3563214 1.0663904 0.8953031 0.7652700 0.8187630 0.8655095 1.0056591 1.0434107 0.9288443 0.9698362 0.9086730 0.9083511 
taxon5     0.6670667 0.5106467 0.7897388 0.7468395 0.3625423 0.0000000 0.6453466 0.6409581 1.0530107 0.8071099 0.5966775 0.5984978 0.6802376 0.6468005 0.7156821 0.7312005 0.7091771 0.7636420 0.6667610 0.7127895 
taxon6     1.1652397 0.6782325 1.1009874 0.9731332 0.9138898 0.6453466 0.0000000 0.0745867 0.7942786 0.6671644 0.4278665 0.5892045 0.6028202 0.5946512 0.7310796 0.7702215 0.6996791 0.7434635 0.5500351 0.5648714 
taxon7     1.1105768 0.6590283 1.0515802 0.9271812 0.9050996 0.6409581 0.0745867 0.0000000 0.7883439 0.5997070 0.4179384 0.5803379 0.5760508 0.5742856 0.6960293 0.7221422 0.6490256 0.6936152 0.5234743 0.5719175 
taxon8     1.3620095 1.1656949 1.3674164 1.2835770 1.3563214 1.0530107 0.7942786 0.7883439 0.0000000 0.7149178 0.6688118 0.8297210 0.8277118 1.0008943 1.0618761 1.1947165 1.0602631 1.0396175 0.8386059 0.8796146 
taxon9     1.1961196 0.8777110 1.2352792 1.1276739 1.0663904 0.8071099 0.6671644 0.5997070 0.7149178 0.0000000 0.3553448 0.6747329 0.7218393 0.7005216 0.8197337 0.9264766 0.8163945 0.8480063 0.6595377 0.6502583 
taxon10    1.0471736 0.6615066 0.9959227 0.9882374 0.8953031 0.5966775 0.4278665 0.4179384 0.6688118 0.3553448 0.0000000 0.5333653 0.5551113 0.5245326 0.6016700 0.6580284 0.6168323 0.6739116 0.5102722 0.4986240 
taxon11    0.9155887 0.6621019 0.9432063 0.9135202 0.7652700 0.5984978 0.5892045 0.5803379 0.8297210 0.6747329 0.5333653 0.0000000 0.3766413 0.4093213 0.5357818 0.5543768 0.5858082 0.5213290 0.3736524 0.3565606 
taxon12    1.0692192 0.6503033 0.9001273 0.8798754 0.8187630 0.6802376 0.6028202 0.5760508 0.8277118 0.7218393 0.5551113 0.3766413 0.0000000 0.3282708 0.4299951 0.4522523 0.4751279 0.5840615 0.4089790 0.4225550 
taxon13    1.0571988 0.5629394 0.9319496 0.8627677 0.8655095 0.6468005 0.5946512 0.5742856 1.0008943 0.7005216 0.5245326 0.4093213 0.3282708 0.0000000 0.4061814 0.3580612 0.4201333 0.6951322 0.5519004 0.4421458 
taxon14    1.1596990 0.7808678 1.0601962 0.9557563 1.0056591 0.7156821 0.7310796 0.6960293 1.0618761 0.8197337 0.6016700 0.5357818 0.4299951 0.4061814 0.0000000 0.3788646 0.3638387 0.7784021 0.5640887 0.5922705 
taxon15    1.0722492 0.7181006 1.0164450 0.9002758 1.0434107 0.7312005 0.7702215 0.7221422 1.1947165 0.9264766 0.6580284 0.5543768 0.4522523 0.3580612 0.3788646 0.0000000 0.4272255 0.7685424 0.5916960 0.6084165 
taxon16    1.1054445 0.7235608 1.0198792 0.8373985 0.9288443 0.7091771 0.6996791 0.6490256 1.0602631 0.8163945 0.6168323 0.5858082 0.4751279 0.4201333 0.3638387 0.4272255 0.0000000 0.7113903 0.5877326 0.6237279 
taxon17    1.1152555 0.7991891 1.1530926 1.1168792 0.9698362 0.7636420 0.7434635 0.6936152 1.0396175 0.8480063 0.6739116 0.5213290 0.5840615 0.6951322 0.7784021 0.7685424 0.7113903 0.0000000 0.2122271 0.4915265 
taxon18    0.9570299 0.6671780 0.9352282 0.9173056 0.9086730 0.6667610 0.5500351 0.5234743 0.8386059 0.6595377 0.5102722 0.3736524 0.4089790 0.5519004 0.5640887 0.5916960 0.5877326 0.2122271 0.0000000 0.3302908 
taxon19    0.9828331 0.6550873 0.9700388 0.9238229 0.9083511 0.7127895 0.5648714 0.5719175 0.8796146 0.6502583 0.4986240 0.3565606 0.4225550 0.4421458 0.5922705 0.6084165 0.6237279 0.4915265 0.3302908 0.0000000 
