20
taxon0     0.0000000 0.1596533 0.2461810 0.3538231 0.3802060 0.3434000 0.3364706 0.3891974 0.4296561 0.4845875 0.5394021 0.4994237 0.4775606 0.4031540 0.3322942 0.5096613 0.5411159 0.4716936 0.4837424 0.5366951 
taxon1     0.1596533 0.0000000 0.2804259 0.3557516 0.3710954 0.3223458 0.3435330 0.3754583 0.4342540 0.4552188 0.5227980 0.5087518 0.4448271 0.4236820 0.3513756 0.4742004 0.5223243 0.4787462 0.4849845 0.5004097 
taxon2     0.2461810 0.2804259 0.0000000 0.2428103 0.2825868 0.2239197 0.3031892 0.3862614 0.4102637 0.4275419 0.4806972 0.5917924 0.5346871 0.4366543 0.4001892 0.5371725 0.5667783 0.4766160 0.4773902 0.5315911 
taxon3     0.3538231 0.3557516 0.2428103 0.0000000 0.2736353 0.2470820 0.3435797 0.3900557 0.4248184 0.4672841 0.4892492 0.6183250 0.5224723 0.5068725 0.4683064 0.5987614 0.6196221 0.5293383 0.4776250 0.5208202 
taxon4     0.3802060 0.3710954 0.2825868 0.2736353 0.0000000 0.1643634 0.3767353 0.4135251 0.4428905 0.4831556 0.5027369 0.6583402 0.5815347 0.5091346 0.5001234 0.6156966 0.6430949 0.5534558 0.5502777 0.5877423 
taxon5     0.3434000 0.3223458 0.2239197 0.2470820 0.1643634 0.0000000 0.3563712 0.4008918 0.4101709 0.4622157 0.4567055 0.5915485 0.5347420 0.4475985 0.4396082 0.5681019 0.6076315 0.5229769 0.5084754 0.5474250 
taxon6     0.3364706 0.3435330 0.3031892 0.3435797 0.3767353 0.3563712 0.0000000 0.2558650 0.3371737 0.3574964 0.3914344 0.5801743 0.5147783 0.5318724 0.4686179 0.5563246 0.5929625 0.4869537 0.5923007 0.6119472 
taxon7     0.3891974 0.3754583 0.3862614 0.3900557 0.4135251 0.4008918 0.2558650 0.0000000 0.2283385 0.2797202 0.3408607 0.6215659 0.5640322 0.5575824 0.4934632 0.5945494 0.6057551 0.5349708 0.5902065 0.5772794 
taxon8     0.4296561 0.4342540 0.4102637 0.4248184 0.4428905 0.4101709 0.3371737 0.2283385 0.0000000 0.2517569 0.3118174 0.6027526 0.5532468 0.5445232 0.4697878 0.5202624 0.5226106 0.5209719 0.5419998 0.5708538 
taxon9     0.4845875 0.4552188 0.4275419 0.4672841 0.4831556 0.4622157 0.3574964 0.2797202 0.2517569 0.0000000 0.1710853 0.6175640 0.5395906 0.5744936 0.5310928 0.5915222 0.6224484 0.5490345 0.6079316 0.6255897 
taxon10    0.5394021 0.5227980 0.4806972 0.4892492 0.5027369 0.4567055 0.3914344 0.3408607 0.3118174 0.1710853 0.0000000 0.6259597 0.5652660 0.5722598 0.5504002 0.6317532 0.6698359 0.5805190 0.6544678 0.6448493 
taxon11    0.4994237 0.5087518 0.5917924 0.6183250 0.6583402 0.5915485 0.5801743 0.6215659 0.6027526 0.6175640 0.6259597 0.0000000 0.2315434 0.3434699 0.3095116 0.4917057 0.5253096 0.4921441 0.4931134 0.5278222 
taxon12    0.4775606 0.4448271 0.5346871 0.5224723 0.5815347 0.5347420 0.5147783 0.5640322 0.5532468 0.5395906 0.5652660 0.2315434 0.0000000 0.3491390 0.3100993 0.4755801 0.5140977 0.3970682 0.4595102 0.4455083 
taxon13    0.4031540 0.4236820 0.4366543 0.5068725 0.5091346 0.4475985 0.5318724 0.5575824 0.5445232 0.5744936 0.5722598 0.3434699 0.3491390 0.0000000 0.1351568 0.4306080 0.4334446 0.3402875 0.4043727 0.3678876 
taxon14    0.3322942 0.3513756 0.4001892 0.4683064 0.5001234 0.4396082 0.4686179 0.4934632 0.4697878 0.5310928 0.5504002 0.3095116 0.3100993 0.1351568 0.0000000 0.3694164 0.3996214 0.3152189 0.3639461 0.3503914 
taxon15    0.5096613 0.4742004 0.5371725 0.5987614 0.6156966 0.5681019 0.5563246 0.5945494 0.5202624 0.5915222 0.6317532 0.4917057 0.4755801 0.4306080 0.3694164 0.0000000 0.1646566 0.2805165 0.3408766 0.3950267 
taxon16    0.5411159 0.5223243 0.5667783 0.6196221 0.6430949 0.6076315 0.5929625 0.6057551 0.5226106 0.6224484 0.6698359 0.5253096 0.5140977 0.4334446 0.3996214 0.1646566 0.0000000 0.2870574 0.3403277 0.3811042 
taxon17    0.4716936 0.4787462 0.4766160 0.5293383 0.5534558 0.5229769 0.4869537 0.5349708 0.5209719 0.5490345 0.5805190 0.4921441 0.3970682 0.3402875 0.3152189 0.2805165 0.2870574 0.0000000 0.3136315 0.3579861 
taxon18    0.4837424 0.4849845 0.4773902 0.4776250 0.5502777 0.5084754 0.5923007 0.5902065 0.5419998 0.6079316 0.6544678 0.4931134 0.4595102 0.4043727 0.3639461 0.3408766 0.3403277 0.3136315 0.0000000 0.1676719 
taxon19    0.5366951 0.5004097 0.5315911 0.5208202 0.5877423 0.5474250 0.6119472 0.5772794 0.5708538 0.6255897 0.6448493 0.5278222 0.4455083 0.3678876 0.3503914 0.3950267 0.3811042 0.3579861 0.1676719 0.0000000 
