20
taxon0     0.0000000 0.0258068 0.0411674 0.0415401 0.1639392 0.1584206 0.1784499 0.1588823 0.1642192 0.1888013 0.1720466 0.1769553 0.1840146 0.1714779 0.1734661 0.1802701 0.1927806 0.1864400 0.1981638 0.1863507 
taxon1     0.0258068 0.0000000 0.0522364 0.0527065 0.1715545 0.1784043 0.1715627 0.1522128 0.1843118 0.1843656 0.1925178 0.1785241 0.1919643 0.1792543 0.1813218 0.1858668 0.1920589 0.1920472 0.2037729 0.1919547 
taxon2     0.0411674 0.0522364 0.0000000 0.0050612 0.1580549 0.1647341 0.1724409 0.1529903 0.1705620 0.1828039 0.1906477 0.1709913 0.1779984 0.1655185 0.1595131 0.1786035 0.1910397 0.1847369 0.1963988 0.1846490 
taxon3     0.0415401 0.0527065 0.0050612 0.0000000 0.1638892 0.1706163 0.1783949 0.1588336 0.1764568 0.1887438 0.1966651 0.1769012 0.1839582 0.1714252 0.1653992 0.1845805 0.1970660 0.1907359 0.2024199 0.1906445 
taxon4     0.1639392 0.1715545 0.1580549 0.1638892 0.0000000 0.0150184 0.0305010 0.0150466 0.0301721 0.0404221 0.0408164 0.0200922 0.0304422 0.0252330 0.0359610 0.0519330 0.0625812 0.0572273 0.0570790 0.0519823 
taxon5     0.1584206 0.1784043 0.1647341 0.1706163 0.0150184 0.0000000 0.0357865 0.0201747 0.0251574 0.0457346 0.0408652 0.0354805 0.0408462 0.0304519 0.0306903 0.0360224 0.0465038 0.0412392 0.0515716 0.0412239 
taxon6     0.1784499 0.1715627 0.1724409 0.1783949 0.0305010 0.0357865 0.0000000 0.0150376 0.0303981 0.0302731 0.0356839 0.0201094 0.0253197 0.0203818 0.0362359 0.0411194 0.0516137 0.0463408 0.0566690 0.0463235 
taxon7     0.1588823 0.1522128 0.1529903 0.1588336 0.0150466 0.0201747 0.0150376 0.0000000 0.0252451 0.0355102 0.0410050 0.0253031 0.0305844 0.0202698 0.0309562 0.0358592 0.0462950 0.0410528 0.0513440 0.0410378 
taxon8     0.1642192 0.1843118 0.1705620 0.1764568 0.0301721 0.0251574 0.0303981 0.0252451 0.0000000 0.0199995 0.0354344 0.0301397 0.0251986 0.0251489 0.0465375 0.0520203 0.0626861 0.0467293 0.0677800 0.0573015 
taxon9     0.1888013 0.1843656 0.1828039 0.1887438 0.0404221 0.0457346 0.0302731 0.0355102 0.0199995 0.0000000 0.0403869 0.0352405 0.0302714 0.0353768 0.0517585 0.0680251 0.0733888 0.0626698 0.0839246 0.0733626 
taxon10    0.1720466 0.1925178 0.1906477 0.1966651 0.0408164 0.0408652 0.0356839 0.0410050 0.0354344 0.0403869 0.0000000 0.0407723 0.0302419 0.0408506 0.0517275 0.0572429 0.0679379 0.0625586 0.0677768 0.0519004 
taxon11    0.1769553 0.1785241 0.1709913 0.1769012 0.0200922 0.0354805 0.0201094 0.0253031 0.0301397 0.0352405 0.0407723 0.0000000 0.0200706 0.0202057 0.0359232 0.0518782 0.0517743 0.0571669 0.0570189 0.0519274 
taxon12    0.1840146 0.1919643 0.1779984 0.1839582 0.0304422 0.0408462 0.0253197 0.0305844 0.0251986 0.0302714 0.0302419 0.0200706 0.0000000 0.0254391 0.0305689 0.0463517 0.0568870 0.0411236 0.0567547 0.0410933 
taxon13    0.1714779 0.1792543 0.1655185 0.1714252 0.0252330 0.0304519 0.0203818 0.0202698 0.0251489 0.0353768 0.0408506 0.0202057 0.0254391 0.0000000 0.0364062 0.0525658 0.0633340 0.0579199 0.0684729 0.0578976 
taxon14    0.1734661 0.1813218 0.1595131 0.1653992 0.0359610 0.0306903 0.0362359 0.0309562 0.0465375 0.0517585 0.0517275 0.0359232 0.0305689 0.0364062 0.0000000 0.0149203 0.0249739 0.0199303 0.0299189 0.0199233 
taxon15    0.1802701 0.1858668 0.1786035 0.1845805 0.0519330 0.0360224 0.0411194 0.0358592 0.0520203 0.0680251 0.0572429 0.0518782 0.0463517 0.0525658 0.0149203 0.0000000 0.0098497 0.0049129 0.0147508 0.0049112 
taxon16    0.1927806 0.1920589 0.1910397 0.1970660 0.0625812 0.0465038 0.0516137 0.0462950 0.0626861 0.0733888 0.0679379 0.0517743 0.0568870 0.0633340 0.0249739 0.0098497 0.0000000 0.0148019 0.0246907 0.0147968 
taxon17    0.1864400 0.1920472 0.1847369 0.1907359 0.0572273 0.0412392 0.0463408 0.0410528 0.0467293 0.0626698 0.0625586 0.0571669 0.0411236 0.0579199 0.0199303 0.0049129 0.0148019 0.0000000 0.0197041 0.0098405 
taxon18    0.1981638 0.2037729 0.1963988 0.2024199 0.0570790 0.0515716 0.0566690 0.0513440 0.0677800 0.0839246 0.0677768 0.0570189 0.0567547 0.0684729 0.0299189 0.0147508 0.0246907 0.0197041 0.0000000 0.0147642 
taxon19    0.1863507 0.1919547 0.1846490 0.1906445 0.0519823 0.0412239 0.0463235 0.0410378 0.0573015 0.0733626 0.0519004 0.0519274 0.0410933 0.0578976 0.0199233 0.0049112 0.0147968 0.0098405 0.0147642 0.0000000 
