20
taxon0     0.0000000 0.0194326 0.0194326 0.0590180 0.0337695 0.0289346 0.0388267 0.0499810 0.0446374 0.0497647 0.0392074 0.0494642 0.0391584 0.0493679 0.2138623 0.2070404 0.2342147 0.2508230 0.1926078 0.1994613 
taxon1     0.0194326 0.0000000 0.0000010 0.0544966 0.0390777 0.0241759 0.0340636 0.0397222 0.0346432 0.0397138 0.0393185 0.0293144 0.0292963 0.0292575 0.2147084 0.2078512 0.2351715 0.2518595 0.1933431 0.2002322 
taxon2     0.0194326 0.0000010 0.0000000 0.0544966 0.0390777 0.0241759 0.0340636 0.0397222 0.0346432 0.0397138 0.0393185 0.0293144 0.0292963 0.0292575 0.2147084 0.2078512 0.2351715 0.2518595 0.1933431 0.2002322 
taxon3     0.0590180 0.0544966 0.0544966 0.0000000 0.0288402 0.0390560 0.0436130 0.0801525 0.0704099 0.0697313 0.0647470 0.0752924 0.0645691 0.0751458 0.2508720 0.2438041 0.2591758 0.2758882 0.2164459 0.2234942 
taxon4     0.0337695 0.0390777 0.0390777 0.0288402 0.0000000 0.0143652 0.0143191 0.0547997 0.0545763 0.0493133 0.0490402 0.0593981 0.0489803 0.0592830 0.2195641 0.2127259 0.2399694 0.2565484 0.1862252 0.1930013 
taxon5     0.0289346 0.0241759 0.0241759 0.0390560 0.0143652 0.0000000 0.0095414 0.0445626 0.0496059 0.0547598 0.0441218 0.0440938 0.0440673 0.0440086 0.2197204 0.2128631 0.2401882 0.2568199 0.1862955 0.1930877 
taxon6     0.0388267 0.0340636 0.0340636 0.0436130 0.0143191 0.0095414 0.0000000 0.0496443 0.0598977 0.0545782 0.0542743 0.0542405 0.0542084 0.0541355 0.2268353 0.2199159 0.2474958 0.2641934 0.1931087 0.1999745 
taxon7     0.0499810 0.0397222 0.0397222 0.0801525 0.0547997 0.0445626 0.0496443 0.0000000 0.0455844 0.0455797 0.0400427 0.0603199 0.0602841 0.0602016 0.1987282 0.1910470 0.2367326 0.2413479 0.1954561 0.2022561 
taxon8     0.0446374 0.0346432 0.0346432 0.0704099 0.0545763 0.0496059 0.0598977 0.0455844 0.0000000 0.0351160 0.0347628 0.0551301 0.0446470 0.0550220 0.2286033 0.2152220 0.2555339 0.2602061 0.2127734 0.2198355 
taxon9     0.0497647 0.0397138 0.0397138 0.0697313 0.0493133 0.0547598 0.0545782 0.0455797 0.0351160 0.0000000 0.0192941 0.0603645 0.0497743 0.0602458 0.2230747 0.2097043 0.2269049 0.2315449 0.2072983 0.2072385 
taxon10    0.0392074 0.0393185 0.0393185 0.0647470 0.0490402 0.0441218 0.0542743 0.0400427 0.0347628 0.0192941 0.0000000 0.0597604 0.0492794 0.0596440 0.2137836 0.2006642 0.2134788 0.2181157 0.1983726 0.2052617 
taxon11    0.0494642 0.0293144 0.0293144 0.0752924 0.0593981 0.0440938 0.0542405 0.0603199 0.0551301 0.0603645 0.0597604 0.0000000 0.0096214 0.0096090 0.2408082 0.2337454 0.2619229 0.2788167 0.2187203 0.2258573 
taxon12    0.0391584 0.0292963 0.0292963 0.0645691 0.0489803 0.0440673 0.0542084 0.0602841 0.0446470 0.0497743 0.0492794 0.0096214 0.0000000 0.0096028 0.2265498 0.2196327 0.2472050 0.2639040 0.2049580 0.2119268 
taxon13    0.0493679 0.0292575 0.0292575 0.0751458 0.0592830 0.0440086 0.0541355 0.0602016 0.0550220 0.0602458 0.0596440 0.0096090 0.0096028 0.0000000 0.2403159 0.2332679 0.2613847 0.2782504 0.2182753 0.2253968 
taxon14    0.2138623 0.2147084 0.2147084 0.2508720 0.2195641 0.2197204 0.2268353 0.1987282 0.2286033 0.2230747 0.2137836 0.2408082 0.2265498 0.2403159 0.0000000 0.0195768 0.0451484 0.0599133 0.0342004 0.0393040 
taxon15    0.2070404 0.2078512 0.2078512 0.2438041 0.2127259 0.2128631 0.2199159 0.1910470 0.2152220 0.2097043 0.2006642 0.2337454 0.2196327 0.2332679 0.0195768 0.0000000 0.0448603 0.0595443 0.0339821 0.0390547 
taxon16    0.2342147 0.2351715 0.2351715 0.2591758 0.2399694 0.2401882 0.2474958 0.2367326 0.2555339 0.2269049 0.2134788 0.2619229 0.2472050 0.2613847 0.0451484 0.0448603 0.0000000 0.0244873 0.0494110 0.0492807 
taxon17    0.2508230 0.2518595 0.2518595 0.2758882 0.2565484 0.2568199 0.2641934 0.2413479 0.2602061 0.2315449 0.2181157 0.2788167 0.2639040 0.2782504 0.0599133 0.0595443 0.0244873 0.0000000 0.0639637 0.0637978 
taxon18    0.1926078 0.1933431 0.1933431 0.2164459 0.1862252 0.1862955 0.1931087 0.1954561 0.2127734 0.2072983 0.1983726 0.2187203 0.2049580 0.2182753 0.0342004 0.0339821 0.0494110 0.0639637 0.0000000 0.0047729 
taxon19    0.1994613 0.2002322 0.2002322 0.2234942 0.1930013 0.1930877 0.1999745 0.2022561 0.2198355 0.2072385 0.2052617 0.2258573 0.2119268 0.2253968 0.0393040 0.0390547 0.0492807 0.0637978 0.0047729 0.0000000 
