20
taxon0     0.0000000 0.3238716 0.2892352 0.3428744 0.3242467 0.4533125 0.4112012 0.4611182 0.5231637 0.5392916 0.5465232 0.5450597 0.5252533 0.4794281 0.4682182 0.5864801 0.5269964 0.4893070 0.4914459 0.5036436 
taxon1     0.3238716 0.0000000 0.2259932 0.3136932 0.3063173 0.5610375 0.4964587 0.5134179 0.5531422 0.5818106 0.5870563 0.5957985 0.5649814 0.5246036 0.5505236 0.6379311 0.5702757 0.5609742 0.5872019 0.6193803 
taxon2     0.2892352 0.2259932 0.0000000 0.2456656 0.2180772 0.5876832 0.4879515 0.4980641 0.5337266 0.5492536 0.5774945 0.5995676 0.5914983 0.5445238 0.5701751 0.6502944 0.5794352 0.6072503 0.6165962 0.6499383 
taxon3     0.3428744 0.3136932 0.2456656 0.0000000 0.1724912 0.6137453 0.5709933 0.5513008 0.6054270 0.6369939 0.6379904 0.6710091 0.6238158 0.5474112 0.6377435 0.6824639 0.6302995 0.6218530 0.6352923 0.6403416 
taxon4     0.3242467 0.3063173 0.2180772 0.1724912 0.0000000 0.6257529 0.5315345 0.5193782 0.5675281 0.5907749 0.5802069 0.6282401 0.6105758 0.5463658 0.6021968 0.6690601 0.6193028 0.6527115 0.6711048 0.6530222 
taxon5     0.4533125 0.5610375 0.5876832 0.6137453 0.6257529 0.0000000 0.2654088 0.3377242 0.3995289 0.4322814 0.4366896 0.6313114 0.6286858 0.5831304 0.5978898 0.6338762 0.6004082 0.5699601 0.5253784 0.5654736 
taxon6     0.4112012 0.4964587 0.4879515 0.5709933 0.5315345 0.2654088 0.0000000 0.2213216 0.2872639 0.3130271 0.3391866 0.5832786 0.5942944 0.5327201 0.5589529 0.5985521 0.5824465 0.5348987 0.5289333 0.5314485 
taxon7     0.4611182 0.5134179 0.4980641 0.5513008 0.5193782 0.3377242 0.2213216 0.0000000 0.2138303 0.2201497 0.2877711 0.6348129 0.6288600 0.5905827 0.5811867 0.6579270 0.5913799 0.5848566 0.5633923 0.5823800 
taxon8     0.5231637 0.5531422 0.5337266 0.6054270 0.5675281 0.3995289 0.2872639 0.2138303 0.0000000 0.1803530 0.2360001 0.7077152 0.6766118 0.6247976 0.6070231 0.6524452 0.6007257 0.6213347 0.5957530 0.5878903 
taxon9     0.5392916 0.5818106 0.5492536 0.6369939 0.5907749 0.4322814 0.3130271 0.2201497 0.1803530 0.0000000 0.1694861 0.6590093 0.6634210 0.6435829 0.6474512 0.6915137 0.6269394 0.6373455 0.5961465 0.6043012 
taxon10    0.5465232 0.5870563 0.5774945 0.6379904 0.5802069 0.4366896 0.3391866 0.2877711 0.2360001 0.1694861 0.0000000 0.6886714 0.6412686 0.6405658 0.6017615 0.6693178 0.6052719 0.6729540 0.6201280 0.6114276 
taxon11    0.5450597 0.5957985 0.5995676 0.6710091 0.6282401 0.6313114 0.5832786 0.6348129 0.7077152 0.6590093 0.6886714 0.0000000 0.3113147 0.2988197 0.3522000 0.3805835 0.3780074 0.4556200 0.3898900 0.4530805 
taxon12    0.5252533 0.5649814 0.5914983 0.6238158 0.6105758 0.6286858 0.5942944 0.6288600 0.6766118 0.6634210 0.6412686 0.3113147 0.0000000 0.1897140 0.3291024 0.3723541 0.3350675 0.4237675 0.4103721 0.4618714 
taxon13    0.4794281 0.5246036 0.5445238 0.5474112 0.5463658 0.5831304 0.5327201 0.5905827 0.6247976 0.6435829 0.6405658 0.2988197 0.1897140 0.0000000 0.2676121 0.3606406 0.3450657 0.4061431 0.4108047 0.4571502 
taxon14    0.4682182 0.5505236 0.5701751 0.6377435 0.6021968 0.5978898 0.5589529 0.5811867 0.6070231 0.6474512 0.6017615 0.3522000 0.3291024 0.2676121 0.0000000 0.3456375 0.3107568 0.4342418 0.4142615 0.4360463 
taxon15    0.5864801 0.6379311 0.6502944 0.6824639 0.6690601 0.6338762 0.5985521 0.6579270 0.6524452 0.6915137 0.6693178 0.3805835 0.3723541 0.3606406 0.3456375 0.0000000 0.2293415 0.5107904 0.5097686 0.5288732 
taxon16    0.5269964 0.5702757 0.5794352 0.6302995 0.6193028 0.6004082 0.5824465 0.5913799 0.6007257 0.6269394 0.6052719 0.3780074 0.3350675 0.3450657 0.3107568 0.2293415 0.0000000 0.4888549 0.4700928 0.5048632 
taxon17    0.4893070 0.5609742 0.6072503 0.6218530 0.6527115 0.5699601 0.5348987 0.5848566 0.6213347 0.6373455 0.6729540 0.4556200 0.4237675 0.4061431 0.4342418 0.5107904 0.4888549 0.0000000 0.2020002 0.2052946 
taxon18    0.4914459 0.5872019 0.6165962 0.6352923 0.6711048 0.5253784 0.5289333 0.5633923 0.5957530 0.5961465 0.6201280 0.3898900 0.4103721 0.4108047 0.4142615 0.5097686 0.4700928 0.2020002 0.0000000 0.2134368 
taxon19    0.5036436 0.6193803 0.6499383 0.6403416 0.6530222 0.5654736 0.5314485 0.5823800 0.5878903 0.6043012 0.6114276 0.4530805 0.4618714 0.4571502 0.4360463 0.5288732 0.5048632 0.2052946 0.2134368 0.0000000 
