20
taxon0     0.0000000 0.0579005 0.1610085 0.1783277 0.1911104 0.1651874 0.1809755 0.1727183 0.3215646 0.2993026 0.2553473 0.2843528 0.2936011 0.2927360 0.2993191 0.3243718 0.3131835 0.2536734 0.2726039 0.2664951 
taxon1     0.0579005 0.0000000 0.1550843 0.1646273 0.1789958 0.1515682 0.1796328 0.1669064 0.3406093 0.3108489 0.2782773 0.3077809 0.3105604 0.3146882 0.3206256 0.3379141 0.3273341 0.2599086 0.2842989 0.2810466 
taxon2     0.1610085 0.1550843 0.0000000 0.0570545 0.0575670 0.1113040 0.1546543 0.1352167 0.3128436 0.2969201 0.2832590 0.3343224 0.3190013 0.3157596 0.3236722 0.3334165 0.3304984 0.2438639 0.2736023 0.2553968 
taxon3     0.1783277 0.1646273 0.0570545 0.0000000 0.0461552 0.1172654 0.1493798 0.1244599 0.3357154 0.3127113 0.3007820 0.3532084 0.3310347 0.3232646 0.3242616 0.3340341 0.3311055 0.2611903 0.3057988 0.2870516 
taxon4     0.1911104 0.1789958 0.0575670 0.0461552 0.0000000 0.1065067 0.1563776 0.1367105 0.3381927 0.3219086 0.3011092 0.3223691 0.3377831 0.3226838 0.3309756 0.3407730 0.3211190 0.2854439 0.3088455 0.2981039 
taxon5     0.1651874 0.1515682 0.1113040 0.1172654 0.1065067 0.0000000 0.0769635 0.0556131 0.3086936 0.2904720 0.2587778 0.2853699 0.2748161 0.2851377 0.2995362 0.3088048 0.3128932 0.2630545 0.3160595 0.2978681 
taxon6     0.1809755 0.1796328 0.1546543 0.1493798 0.1563776 0.0769635 0.0000000 0.0352576 0.3162906 0.3074646 0.2647300 0.2797942 0.2999376 0.2934522 0.2934354 0.3093018 0.3001218 0.3075214 0.3374591 0.3151899 
taxon7     0.1727183 0.1669064 0.1352167 0.1244599 0.1367105 0.0556131 0.0352576 0.0000000 0.3060118 0.2894528 0.2630763 0.2780006 0.2816766 0.2755629 0.2911251 0.3068488 0.2977548 0.2892569 0.3319099 0.3098671 
taxon8     0.3215646 0.3406093 0.3128436 0.3357154 0.3381927 0.3086936 0.3162906 0.3060118 0.0000000 0.0634658 0.1442373 0.1879762 0.1832734 0.1970124 0.2334490 0.2246456 0.2388395 0.2264025 0.2773365 0.2671123 
taxon9     0.2993026 0.3108489 0.2969201 0.3127113 0.3219086 0.2904720 0.3074646 0.2894528 0.0634658 0.0000000 0.1291097 0.1795759 0.1730116 0.1847732 0.2158254 0.2112348 0.2211328 0.2008459 0.2485912 0.2593752 
taxon10    0.2553473 0.2782773 0.2832590 0.3007820 0.3011092 0.2587778 0.2647300 0.2630763 0.1442373 0.1291097 0.0000000 0.0630151 0.0744585 0.0738696 0.0765665 0.0936555 0.0937304 0.2190581 0.2435926 0.2455830 
taxon11    0.2843528 0.3077809 0.3343224 0.3532084 0.3223691 0.2853699 0.2797942 0.2780006 0.1879762 0.1795759 0.0630151 0.0000000 0.0975641 0.1036817 0.1194266 0.1311746 0.1252695 0.2416053 0.2580468 0.2602778 
taxon12    0.2936011 0.3105604 0.3190013 0.3310347 0.3377831 0.2748161 0.2999376 0.2816766 0.1832734 0.1730116 0.0744585 0.0975641 0.0000000 0.0532200 0.0841744 0.0842294 0.1078026 0.2290766 0.2833114 0.2862073 
taxon13    0.2927360 0.3146882 0.3157596 0.3232646 0.3226838 0.2851377 0.2934522 0.2755629 0.1970124 0.1847732 0.0738696 0.1036817 0.0532200 0.0000000 0.0486629 0.0486927 0.0654794 0.2406745 0.2664692 0.2820174 
taxon14    0.2993191 0.3206256 0.3236722 0.3242616 0.3309756 0.2995362 0.2934354 0.2911251 0.2334490 0.2158254 0.0765665 0.1194266 0.0841744 0.0486629 0.0000000 0.0309520 0.0311553 0.2765908 0.2999732 0.3078917 
taxon15    0.3243718 0.3379141 0.3334165 0.3340341 0.3407730 0.3088048 0.3093018 0.3068488 0.2246456 0.2112348 0.0936555 0.1311746 0.0842294 0.0486927 0.0309520 0.0000000 0.0522403 0.2625967 0.2959495 0.3057671 
taxon16    0.3131835 0.3273341 0.3304984 0.3311055 0.3211190 0.3128932 0.3001218 0.2977548 0.2388395 0.2211328 0.0937304 0.1252695 0.1078026 0.0654794 0.0311553 0.0522403 0.0000000 0.2992638 0.3018821 0.3178583 
taxon17    0.2536734 0.2599086 0.2438639 0.2611903 0.2854439 0.2630545 0.3075214 0.2892569 0.2264025 0.2008459 0.2190581 0.2416053 0.2290766 0.2406745 0.2765908 0.2625967 0.2992638 0.0000000 0.1189505 0.1035024 
taxon18    0.2726039 0.2842989 0.2736023 0.3057988 0.3088455 0.3160595 0.3374591 0.3319099 0.2773365 0.2485912 0.2435926 0.2580468 0.2833114 0.2664692 0.2999732 0.2959495 0.3018821 0.1189505 0.0000000 0.0859344 
taxon19    0.2664951 0.2810466 0.2553968 0.2870516 0.2981039 0.2978681 0.3151899 0.3098671 0.2671123 0.2593752 0.2455830 0.2602778 0.2862073 0.2820174 0.3078917 0.3057671 0.3178583 0.1035024 0.0859344 0.0000000 
