20
taxon0     0.0000000 0.0303662 0.0354671 0.0457585 0.0405795 0.0458896 0.0350547 0.0516046 0.0562805 0.0710675 0.0449195 0.0450588 0.2434983 0.2363367 0.2427615 0.2541560 0.2470358 0.2486086 0.2402485 0.2282913 
taxon1     0.0303662 0.0000000 0.0048379 0.0245837 0.0096897 0.0146137 0.0247264 0.0351218 0.0450711 0.0505095 0.0454721 0.0456145 0.1994879 0.1928125 0.2288327 0.2497713 0.2426573 0.2442090 0.2198017 0.2004575 
taxon2     0.0354671 0.0048379 0.0000000 0.0196398 0.0048382 0.0097291 0.0297123 0.0300666 0.0400112 0.0454057 0.0403730 0.0404995 0.2054762 0.1987571 0.2226751 0.2436214 0.2365534 0.2380674 0.2137413 0.1944842 
taxon3     0.0457585 0.0245837 0.0196398 0.0000000 0.0245850 0.0296634 0.0397719 0.0509167 0.0609880 0.0666169 0.0506489 0.0452833 0.2322691 0.2252799 0.2353522 0.2439370 0.2368590 0.2383765 0.2408583 0.2210146 
taxon4     0.0405795 0.0096897 0.0048382 0.0245850 0.0000000 0.0146145 0.0347120 0.0351237 0.0450734 0.0505120 0.0454744 0.0456169 0.2114829 0.2047197 0.2165365 0.2374915 0.2304691 0.2319454 0.2076992 0.1885283 
taxon5     0.0458896 0.0146137 0.0097291 0.0296634 0.0146145 0.0000000 0.0196356 0.0198709 0.0297477 0.0451603 0.0300246 0.0301181 0.2061662 0.1994243 0.2234287 0.2299489 0.2230164 0.2244396 0.2004115 0.1951414 
taxon6     0.0350547 0.0247264 0.0297123 0.0397719 0.0347120 0.0196356 0.0000000 0.0247708 0.0346165 0.0613038 0.0352508 0.0353611 0.2207347 0.2138271 0.2200955 0.2265986 0.2197659 0.2211537 0.2113746 0.2061221 
taxon7     0.0516046 0.0351218 0.0300666 0.0509167 0.0351237 0.0198709 0.0247708 0.0000000 0.0148599 0.0458557 0.0409965 0.0411271 0.2217391 0.2148081 0.2372995 0.2436301 0.2365573 0.2380723 0.2137314 0.2084352 
taxon8     0.0562805 0.0450711 0.0400112 0.0609880 0.0450734 0.0297477 0.0346165 0.0148599 0.0000000 0.0559146 0.0407445 0.0512832 0.2330533 0.2260592 0.2358487 0.2353784 0.2284139 0.2298686 0.2124403 0.2071704 
taxon9     0.0710675 0.0505095 0.0454057 0.0666169 0.0505120 0.0451603 0.0613038 0.0458557 0.0559146 0.0000000 0.0546680 0.0548367 0.2530288 0.2458571 0.2863856 0.2693659 0.2620734 0.2637520 0.2529270 0.2557117 
taxon10    0.0449195 0.0454721 0.0403730 0.0506489 0.0454744 0.0300246 0.0352508 0.0409965 0.0407445 0.0546680 0.0000000 0.0097433 0.2486902 0.2415021 0.2389059 0.2315428 0.2288770 0.2303363 0.2218748 0.2243967 
taxon11    0.0450588 0.0456145 0.0404995 0.0452833 0.0456169 0.0301181 0.0353611 0.0411271 0.0512832 0.0548367 0.0097433 0.0000000 0.2495565 0.2423406 0.2528262 0.2450792 0.2422643 0.2438134 0.2353939 0.2380424 
taxon12    0.2434983 0.1994879 0.2054762 0.2322691 0.2114829 0.2061662 0.2207347 0.2217391 0.2330533 0.2530288 0.2486902 0.2495565 0.0000000 0.0143808 0.0710948 0.1188744 0.1131428 0.1138301 0.0755728 0.0598590 
taxon13    0.2363367 0.1928125 0.1987571 0.2252799 0.2047197 0.1994243 0.2138271 0.2148081 0.2260592 0.2458571 0.2415021 0.2423406 0.0143808 0.0000000 0.0657275 0.1189245 0.1131912 0.1138789 0.0702243 0.0546330 
taxon14    0.2427615 0.2288327 0.2226751 0.2353522 0.2165365 0.2234287 0.2200955 0.2372995 0.2358487 0.2863856 0.2389059 0.2528262 0.0710948 0.0657275 0.0000000 0.0812731 0.0758269 0.0762875 0.0449208 0.0296547 
taxon15    0.2541560 0.2497713 0.2436214 0.2439370 0.2374915 0.2299489 0.2265986 0.2436301 0.2353784 0.2693659 0.2315428 0.2450792 0.1188744 0.1189245 0.0812731 0.0000000 0.0142503 0.0143343 0.0706832 0.0808160 
taxon16    0.2470358 0.2426573 0.2365534 0.2368590 0.2304691 0.2230164 0.2197659 0.2365573 0.2284139 0.2620734 0.2288770 0.2422643 0.1131428 0.1131912 0.0758269 0.0142503 0.0000000 0.0095125 0.0653264 0.0753994 
taxon17    0.2486086 0.2442090 0.2380674 0.2383765 0.2319454 0.2244396 0.2211537 0.2380723 0.2298686 0.2637520 0.2303363 0.2438134 0.1138301 0.1138789 0.0762875 0.0143343 0.0095125 0.0000000 0.0657225 0.0758552 
taxon18    0.2402485 0.2198017 0.2137413 0.2408583 0.2076992 0.2004115 0.2113746 0.2137314 0.2124403 0.2529270 0.2218748 0.2353939 0.0755728 0.0702243 0.0449208 0.0706832 0.0653264 0.0657225 0.0000000 0.0143665 
taxon19    0.2282913 0.2004575 0.1944842 0.2210146 0.1885283 0.1951414 0.2061221 0.2084352 0.2071704 0.2557117 0.2243967 0.2380424 0.0598590 0.0546330 0.0296547 0.0808160 0.0753994 0.0758552 0.0143665 0.0000000 
