20
taxon0     0.0000000 0.1671932 0.2072712 0.1766955 0.2157410 0.2720055 0.2668451 0.2642467 0.2241569 0.2532655 0.2480982 0.3757437 0.3940984 0.3413622 0.3807527 0.3794318 0.3554129 0.3453402 0.3938228 0.3899962 
taxon1     0.1671932 0.0000000 0.1533354 0.1076906 0.2555058 0.2829051 0.2785569 0.2758087 0.2521688 0.2859610 0.2797032 0.4089084 0.4235175 0.3971443 0.4149018 0.4252320 0.3921792 0.3859110 0.4358791 0.4198481 
taxon2     0.2072712 0.1533354 0.0000000 0.0945876 0.3062539 0.3740987 0.3335694 0.3303886 0.2934976 0.3399076 0.3364662 0.4232974 0.4306138 0.3745359 0.3880399 0.4330004 0.4224135 0.3887395 0.4788875 0.4696159 
taxon3     0.1766955 0.1076906 0.0945876 0.0000000 0.2770930 0.3352721 0.3013963 0.2984374 0.2752043 0.2958533 0.3197344 0.3923528 0.3991852 0.3652078 0.3877310 0.4051694 0.4175175 0.3944881 0.4316120 0.4270181 
taxon4     0.2157410 0.2555058 0.3062539 0.2770930 0.0000000 0.1841410 0.1470355 0.1477985 0.1457816 0.1809381 0.2188757 0.3215212 0.3395453 0.3133342 0.3460305 0.3472363 0.3328889 0.3144711 0.3501488 0.3278561 
taxon5     0.2720055 0.2829051 0.3740987 0.3352721 0.1841410 0.0000000 0.1069476 0.1112651 0.2149281 0.2399493 0.2570416 0.3883076 0.4144808 0.3998998 0.4166316 0.4279286 0.4203932 0.3986125 0.4328094 0.3917769 
taxon6     0.2668451 0.2785569 0.3335694 0.3013963 0.1470355 0.1069476 0.0000000 0.0257628 0.1795881 0.2100432 0.2298927 0.3506809 0.3732431 0.3456723 0.3702311 0.3814821 0.3779873 0.3569588 0.3894311 0.3541352 
taxon7     0.2642467 0.2758087 0.3303886 0.2984374 0.1477985 0.1112651 0.0257628 0.0000000 0.1852425 0.2091607 0.2159168 0.3577244 0.3718964 0.3526698 0.3774753 0.3886837 0.3702435 0.3640494 0.3998832 0.3641258 
taxon8     0.2241569 0.2521688 0.2934976 0.2752043 0.1457816 0.2149281 0.1795881 0.1852425 0.0000000 0.0951825 0.1076185 0.2997459 0.3262734 0.3089941 0.3248483 0.3279171 0.3070410 0.2955970 0.3581182 0.3483545 
taxon9     0.2532655 0.2859610 0.3399076 0.2958533 0.1809381 0.2399493 0.2100432 0.2091607 0.0951825 0.0000000 0.0774751 0.3079860 0.3323359 0.3346967 0.3522103 0.3511736 0.3399823 0.3354019 0.3450239 0.3608766 
taxon10    0.2480982 0.2797032 0.3364662 0.3197344 0.2188757 0.2570416 0.2298927 0.2159168 0.1076185 0.0774751 0.0000000 0.3743166 0.3932253 0.3640368 0.3672471 0.4222618 0.3752453 0.3858122 0.4162038 0.4281185 
taxon11    0.3757437 0.4089084 0.4232974 0.3923528 0.3215212 0.3883076 0.3506809 0.3577244 0.2997459 0.3079860 0.3743166 0.0000000 0.0648529 0.1097830 0.1274658 0.1853581 0.1589465 0.1468433 0.2085217 0.2029521 
taxon12    0.3940984 0.4235175 0.4306138 0.3991852 0.3395453 0.4144808 0.3732431 0.3718964 0.3262734 0.3323359 0.3932253 0.0648529 0.0000000 0.1237194 0.1416903 0.2068063 0.1798038 0.1670796 0.2305906 0.2248899 
taxon13    0.3413622 0.3971443 0.3745359 0.3652078 0.3133342 0.3998998 0.3456723 0.3526698 0.3089941 0.3346967 0.3640368 0.1097830 0.1237194 0.0000000 0.0550518 0.1850717 0.1470549 0.1288122 0.2037107 0.1904752 
taxon14    0.3807527 0.4149018 0.3880399 0.3877310 0.3460305 0.4166316 0.3702311 0.3774753 0.3248483 0.3522103 0.3672471 0.1274658 0.1416903 0.0550518 0.0000000 0.2111830 0.1771017 0.1518023 0.2306443 0.2199549 
taxon15    0.3794318 0.4252320 0.4330004 0.4051694 0.3472363 0.4279286 0.3814821 0.3886837 0.3279171 0.3511736 0.4222618 0.1853581 0.2068063 0.1850717 0.2111830 0.0000000 0.0862472 0.0752989 0.1446789 0.1287227 
taxon16    0.3554129 0.3921792 0.4224135 0.4175175 0.3328889 0.4203932 0.3779873 0.3702435 0.3070410 0.3399823 0.3752453 0.1589465 0.1798038 0.1470549 0.1771017 0.0862472 0.0000000 0.0471399 0.1241102 0.1089305 
taxon17    0.3453402 0.3859110 0.3887395 0.3944881 0.3144711 0.3986125 0.3569588 0.3640494 0.2955970 0.3354019 0.3858122 0.1468433 0.1670796 0.1288122 0.1518023 0.0752989 0.0471399 0.0000000 0.1135040 0.0984823 
taxon18    0.3938228 0.4358791 0.4788875 0.4316120 0.3501488 0.4328094 0.3894311 0.3998832 0.3581182 0.3450239 0.4162038 0.2085217 0.2305906 0.2037107 0.2306443 0.1446789 0.1241102 0.1135040 0.0000000 0.0548060 
taxon19    0.3899962 0.4198481 0.4696159 0.4270181 0.3278561 0.3917769 0.3541352 0.3641258 0.3483545 0.3608766 0.4281185 0.2029521 0.2248899 0.1904752 0.2199549 0.1287227 0.1089305 0.0984823 0.0548060 0.0000000 
