20
taxon0     0.0000000 0.0904459 0.1895357 0.1805117 0.2107603 0.2423576 0.2236971 0.2359983 0.2557957 0.2499739 0.2338957 0.2408214 0.2528426 0.2479556 0.2927820 0.2794374 0.2687528 0.2517353 0.2822686 0.2982292 
taxon1     0.0904459 0.0000000 0.1576314 0.1865374 0.1969835 0.2276134 0.1994630 0.2174643 0.2366539 0.2170370 0.2082255 0.2153527 0.2266501 0.2272082 0.2688721 0.2465210 0.2564361 0.2319087 0.2586963 0.2621050 
taxon2     0.1895357 0.1576314 0.0000000 0.0793010 0.0997932 0.2352811 0.1931848 0.2353375 0.2454120 0.2402054 0.2394857 0.2487605 0.2550592 0.2540855 0.2940335 0.2631987 0.2856022 0.2650893 0.2629980 0.2955767 
taxon3     0.1805117 0.1865374 0.0793010 0.0000000 0.0725104 0.2268367 0.1964191 0.2498979 0.2584871 0.2546530 0.2697965 0.2674533 0.2696593 0.2602614 0.3171466 0.2953316 0.2991682 0.2900026 0.2677400 0.2910097 
taxon4     0.2107603 0.1969835 0.0997932 0.0725104 0.0000000 0.2415976 0.1853485 0.2322115 0.2549452 0.2401214 0.2520029 0.2497949 0.2830401 0.2655272 0.3165025 0.3082096 0.3056239 0.2922775 0.2598547 0.2844155 
taxon5     0.2423576 0.2276134 0.2352811 0.2268367 0.2415976 0.0000000 0.0736466 0.1332257 0.1467507 0.1383943 0.1450273 0.1404149 0.1544350 0.1454876 0.3213075 0.2980040 0.2930998 0.2662170 0.3116263 0.3277841 
taxon6     0.2236971 0.1994630 0.1931848 0.1964191 0.1853485 0.0736466 0.0000000 0.0949138 0.1119983 0.1182160 0.1257163 0.1205283 0.1535192 0.1394950 0.2998700 0.2855353 0.2881638 0.2694504 0.2786103 0.2940216 
taxon7     0.2359983 0.2174643 0.2353375 0.2498979 0.2322115 0.1332257 0.0949138 0.0000000 0.0506273 0.0831192 0.0726126 0.0738420 0.1054529 0.0971202 0.2988765 0.2845216 0.2733485 0.2704209 0.3193690 0.3080943 
taxon8     0.2557957 0.2366539 0.2454120 0.2584871 0.2549452 0.1467507 0.1119983 0.0506273 0.0000000 0.1008808 0.0979061 0.0921295 0.1183260 0.1155783 0.3310555 0.3066878 0.3044118 0.2946831 0.3354252 0.3367801 
taxon9     0.2499739 0.2170370 0.2402054 0.2546530 0.2401214 0.1383943 0.1182160 0.0831192 0.1008808 0.0000000 0.0507677 0.0461734 0.0684670 0.0736396 0.3147890 0.2863351 0.3088428 0.2923960 0.3000810 0.2959097 
taxon10    0.2338957 0.2082255 0.2394857 0.2697965 0.2520029 0.1450273 0.1257163 0.0726126 0.0979061 0.0507677 0.0000000 0.0304613 0.0527973 0.0579075 0.2842008 0.2698785 0.2717160 0.2598572 0.2979201 0.3068074 
taxon11    0.2408214 0.2153527 0.2487605 0.2674533 0.2497949 0.1404149 0.1205283 0.0738420 0.0921295 0.0461734 0.0304613 0.0000000 0.0309687 0.0304588 0.3117853 0.2968495 0.2982021 0.2855685 0.3096434 0.3185816 
taxon12    0.2528426 0.2266501 0.2550592 0.2696593 0.2830401 0.1544350 0.1535192 0.1054529 0.1183260 0.0684670 0.0527973 0.0309687 0.0000000 0.0255487 0.3419170 0.3173399 0.3277187 0.3057222 0.3374512 0.3464571 
taxon13    0.2479556 0.2272082 0.2540855 0.2602614 0.2655272 0.1454876 0.1394950 0.0971202 0.1155783 0.0736396 0.0579075 0.0304588 0.0255487 0.0000000 0.3262470 0.3021041 0.3190420 0.2973824 0.3269651 0.3368696 
taxon14    0.2927820 0.2688721 0.2940335 0.3171466 0.3165025 0.3213075 0.2998700 0.2988765 0.3310555 0.3147890 0.2842008 0.3117853 0.3419170 0.3262470 0.0000000 0.0351186 0.1118293 0.1105173 0.2128446 0.2109739 
taxon15    0.2794374 0.2465210 0.2631987 0.2953316 0.3082096 0.2980040 0.2855353 0.2845216 0.3066878 0.2863351 0.2698785 0.2968495 0.3173399 0.3021041 0.0351186 0.0000000 0.1171638 0.0951497 0.2218300 0.2124495 
taxon16    0.2687528 0.2564361 0.2856022 0.2991682 0.3056239 0.2930998 0.2881638 0.2733485 0.3044118 0.3088428 0.2717160 0.2982021 0.3277187 0.3190420 0.1118293 0.1171638 0.0000000 0.0448842 0.2208663 0.2362328 
taxon17    0.2517353 0.2319087 0.2650893 0.2900026 0.2922775 0.2662170 0.2694504 0.2704209 0.2946831 0.2923960 0.2598572 0.2855685 0.3057222 0.2973824 0.1105173 0.0951497 0.0448842 0.0000000 0.2068676 0.2279808 
taxon18    0.2822686 0.2586963 0.2629980 0.2677400 0.2598547 0.3116263 0.2786103 0.3193690 0.3354252 0.3000810 0.2979201 0.3096434 0.3374512 0.3269651 0.2128446 0.2218300 0.2208663 0.2068676 0.0000000 0.1270227 
taxon19    0.2982292 0.2621050 0.2955767 0.2910097 0.2844155 0.3277841 0.2940216 0.3080943 0.3367801 0.2959097 0.3068074 0.3185816 0.3464571 0.3368696 0.2109739 0.2124495 0.2362328 0.2279808 0.1270227 0.0000000 
