20
taxon0     0.0000000 0.2555647 0.3463200 0.3549900 0.6746358 0.7010167 0.6347337 0.7628468 0.7969387 0.7504600 0.7023103 0.8514320 0.7794261 0.6480635 0.6960918 0.6306367 0.6949687 0.6283361 0.6580101 0.6613590 
taxon1     0.2555647 0.0000000 0.3467726 0.3736468 0.5872408 0.6412965 0.6162117 0.7281364 0.7802208 0.7110533 0.6855698 0.8139150 0.7621136 0.6382050 0.6244157 0.5844094 0.6165500 0.5587762 0.6123493 0.6317498 
taxon2     0.3463200 0.3467726 0.0000000 0.0833304 0.6731292 0.7347366 0.6474515 0.7701738 0.8232799 0.7793853 0.7449522 0.9129000 0.8704059 0.6544273 0.6598259 0.6192636 0.6816864 0.6614781 0.6496118 0.6643072 
taxon3     0.3549900 0.3736468 0.0833304 0.0000000 0.6326677 0.7449398 0.6243782 0.7362714 0.8106218 0.7543720 0.7181466 0.9340287 0.8710927 0.6564067 0.6506219 0.6130882 0.6851238 0.6650643 0.6457485 0.6376291 
taxon4     0.6746358 0.5872408 0.6731292 0.6326677 0.0000000 0.2459549 0.2344180 0.2903909 0.3864661 0.3559909 0.3717951 0.5232276 0.4516205 0.2401259 0.2683022 0.2422776 0.3008406 0.2656563 0.2562207 0.2428149 
taxon5     0.7010167 0.6412965 0.7347366 0.7449398 0.2459549 0.0000000 0.1925632 0.2487931 0.3422042 0.3403032 0.3571641 0.4660699 0.4030749 0.3072109 0.3678156 0.3302708 0.4048789 0.3561040 0.3562932 0.3460685 
taxon6     0.6347337 0.6162117 0.6474515 0.6243782 0.2344180 0.1925632 0.0000000 0.1452957 0.1760366 0.1958352 0.2102489 0.3070818 0.2256353 0.3068985 0.3525963 0.3014901 0.3559563 0.3091697 0.3247653 0.3052547 
taxon7     0.7628468 0.7281364 0.7701738 0.7362714 0.2903909 0.2487931 0.1452957 0.0000000 0.2310586 0.2196476 0.2409364 0.3342378 0.2842781 0.3845846 0.4022931 0.3703233 0.4129334 0.3745782 0.3896262 0.3552409 
taxon8     0.7969387 0.7802208 0.8232799 0.8106218 0.3864661 0.3422042 0.1760366 0.2310586 0.0000000 0.1797744 0.2030004 0.2697742 0.1822721 0.4597741 0.4977474 0.4470644 0.5130541 0.4535420 0.4783512 0.4513812 
taxon9     0.7504600 0.7110533 0.7793853 0.7543720 0.3559909 0.3403032 0.1958352 0.2196476 0.1797744 0.0000000 0.1251366 0.1703938 0.1177569 0.4624237 0.4676193 0.4110060 0.4396130 0.3874544 0.4491384 0.4122424 
taxon10    0.7023103 0.6855698 0.7449522 0.7181466 0.3717951 0.3571641 0.2102489 0.2409364 0.2030004 0.1251366 0.0000000 0.1889881 0.1411868 0.4656074 0.4863295 0.4361484 0.4843658 0.4326822 0.4516785 0.4326724 
taxon11    0.8514320 0.8139150 0.9129000 0.9340287 0.5232276 0.4660699 0.3070818 0.3342378 0.2697742 0.1703938 0.1889881 0.0000000 0.1041496 0.5945896 0.6233680 0.5495618 0.6004490 0.5504956 0.5434882 0.5449405 
taxon12    0.7794261 0.7621136 0.8704059 0.8710927 0.4516205 0.4030749 0.2256353 0.2842781 0.1822721 0.1177569 0.1411868 0.1041496 0.0000000 0.5081357 0.5281918 0.4798231 0.5340562 0.4875156 0.5250320 0.5047223 
taxon13    0.6480635 0.6382050 0.6544273 0.6564067 0.2401259 0.3072109 0.3068985 0.3845846 0.4597741 0.4624237 0.4656074 0.5945896 0.5081357 0.0000000 0.1555044 0.1281329 0.2254101 0.1991628 0.2002231 0.1829116 
taxon14    0.6960918 0.6244157 0.6598259 0.6506219 0.2683022 0.3678156 0.3525963 0.4022931 0.4977474 0.4676193 0.4863295 0.6233680 0.5281918 0.1555044 0.0000000 0.0991051 0.2389450 0.2141561 0.2540144 0.2439112 
taxon15    0.6306367 0.5844094 0.6192636 0.6130882 0.2422776 0.3302708 0.3014901 0.3703233 0.4470644 0.4110060 0.4361484 0.5495618 0.4798231 0.1281329 0.0991051 0.0000000 0.2182430 0.1923122 0.2215350 0.2222210 
taxon16    0.6949687 0.6165500 0.6816864 0.6851238 0.3008406 0.4048789 0.3559563 0.4129334 0.5130541 0.4396130 0.4843658 0.6004490 0.5340562 0.2254101 0.2389450 0.2182430 0.0000000 0.0791470 0.2208979 0.2147219 
taxon17    0.6283361 0.5587762 0.6614781 0.6650643 0.2656563 0.3561040 0.3091697 0.3745782 0.4535420 0.3874544 0.4326822 0.5504956 0.4875156 0.1991628 0.2141561 0.1923122 0.0791470 0.0000000 0.1870517 0.1811742 
taxon18    0.6580101 0.6123493 0.6496118 0.6457485 0.2562207 0.3562932 0.3247653 0.3896262 0.4783512 0.4491384 0.4516785 0.5434882 0.5250320 0.2002231 0.2540144 0.2215350 0.2208979 0.1870517 0.0000000 0.0927442 
taxon19    0.6613590 0.6317498 0.6643072 0.6376291 0.2428149 0.3460685 0.3052547 0.3552409 0.4513812 0.4122424 0.4326724 0.5449405 0.5047223 0.1829116 0.2439112 0.2222210 0.2147219 0.1811742 0.0927442 0.0000000 
