20
taxon0     0.0000000 0.2202080 0.3188923 0.4508293 0.4275658 0.4761189 0.7161748 0.8252482 0.7644652 0.7279616 0.7254282 0.7237397 0.6401812 0.7003064 0.7458812 0.7170628 0.7081722 0.8482048 0.6922859 0.6850432 
taxon1     0.2202080 0.0000000 0.3447938 0.5152487 0.4926913 0.5155357 0.6924989 0.7794850 0.7750034 0.7568159 0.7066196 0.6996306 0.6447741 0.6930186 0.7473906 0.7387015 0.7376107 0.7976424 0.7313016 0.7262881 
taxon2     0.3188923 0.3447938 0.0000000 0.3393714 0.3232403 0.3615563 0.7409362 0.7160218 0.6890808 0.7704697 0.7364395 0.6968389 0.6250543 0.6544096 0.7347237 0.7391875 0.7424861 0.7739415 0.6959036 0.6646414 
taxon3     0.4508293 0.5152487 0.3393714 0.0000000 0.2993187 0.3170969 0.7308353 0.7973482 0.7599814 0.7561001 0.7730755 0.7491868 0.6709703 0.6958273 0.7842984 0.7710769 0.8035826 0.8001938 0.6875903 0.6616086 
taxon4     0.4275658 0.4926913 0.3232403 0.2993187 0.0000000 0.2410083 0.7166839 0.7190351 0.6736745 0.7644999 0.7951623 0.7552233 0.6617099 0.7473691 0.7794130 0.8091729 0.7533305 0.7549487 0.6999520 0.7149096 
taxon5     0.4761189 0.5155357 0.3615563 0.3170969 0.2410083 0.0000000 0.7225456 0.7101152 0.6800888 0.7233649 0.7753941 0.6409571 0.6234072 0.7249058 0.7531031 0.7272821 0.7488641 0.7461317 0.6797934 0.7510166 
taxon6     0.7161748 0.6924989 0.7409362 0.7308353 0.7166839 0.7225456 0.0000000 0.4875872 0.5246273 0.5399265 0.5553206 0.6217238 0.5574995 0.6400265 0.6335681 0.6541416 0.5342481 0.5796760 0.6018433 0.6291905 
taxon7     0.8252482 0.7794850 0.7160218 0.7973482 0.7190351 0.7101152 0.4875872 0.0000000 0.1788077 0.5614111 0.5360329 0.5591308 0.5339525 0.4949820 0.5508678 0.5666837 0.5654708 0.5952539 0.5208878 0.6247718 
taxon8     0.7644652 0.7750034 0.6890808 0.7599814 0.6736745 0.6800888 0.5246273 0.1788077 0.0000000 0.5228805 0.5567692 0.6199182 0.5704780 0.5346773 0.5599513 0.6081068 0.6015701 0.6099992 0.5468018 0.6735927 
taxon9     0.7279616 0.7568159 0.7704697 0.7561001 0.7644999 0.7233649 0.5399265 0.5614111 0.5228805 0.0000000 0.3121396 0.3768365 0.2730394 0.3950258 0.4030039 0.4450527 0.4064716 0.4446083 0.4644403 0.5192515 
taxon10    0.7254282 0.7066196 0.7364395 0.7730755 0.7951623 0.7753941 0.5553206 0.5360329 0.5567692 0.3121396 0.0000000 0.2892211 0.2250051 0.3359207 0.3672527 0.3836734 0.4109668 0.4618072 0.5231828 0.5843398 
taxon11    0.7237397 0.6996306 0.6968389 0.7491868 0.7552233 0.6409571 0.6217238 0.5591308 0.6199182 0.3768365 0.2892211 0.0000000 0.2083642 0.3206123 0.3570588 0.3864104 0.4888108 0.4746696 0.5515460 0.5370924 
taxon12    0.6401812 0.6447741 0.6250543 0.6709703 0.6617099 0.6234072 0.5574995 0.5339525 0.5704780 0.2730394 0.2250051 0.2083642 0.0000000 0.2531790 0.2803863 0.2761708 0.4017584 0.4488559 0.4537371 0.4484505 
taxon13    0.7003064 0.6930186 0.6544096 0.6958273 0.7473691 0.7249058 0.6400265 0.4949820 0.5346773 0.3950258 0.3359207 0.3206123 0.2531790 0.0000000 0.1676826 0.2372390 0.4514539 0.4896793 0.4776199 0.5196109 
taxon14    0.7458812 0.7473906 0.7347237 0.7842984 0.7794130 0.7531031 0.6335681 0.5508678 0.5599513 0.4030039 0.3672527 0.3570588 0.2803863 0.1676826 0.0000000 0.1451291 0.4342484 0.4609195 0.4774303 0.5282966 
taxon15    0.7170628 0.7387015 0.7391875 0.7710769 0.8091729 0.7272821 0.6541416 0.5666837 0.6081068 0.4450527 0.3836734 0.3864104 0.2761708 0.2372390 0.1451291 0.0000000 0.4670645 0.4930932 0.5222672 0.5641801 
taxon16    0.7081722 0.7376107 0.7424861 0.8035826 0.7533305 0.7488641 0.5342481 0.5654708 0.6015701 0.4064716 0.4109668 0.4888108 0.4017584 0.4514539 0.4342484 0.4670645 0.0000000 0.2540101 0.3230177 0.3953156 
taxon17    0.8482048 0.7976424 0.7739415 0.8001938 0.7549487 0.7461317 0.5796760 0.5952539 0.6099992 0.4446083 0.4618072 0.4746696 0.4488559 0.4896793 0.4609195 0.4930932 0.2540101 0.0000000 0.2697259 0.3681563 
taxon18    0.6922859 0.7313016 0.6959036 0.6875903 0.6999520 0.6797934 0.6018433 0.5208878 0.5468018 0.4644403 0.5231828 0.5515460 0.4537371 0.4776199 0.4774303 0.5222672 0.3230177 0.2697259 0.0000000 0.2421886 
taxon19    0.6850432 0.7262881 0.6646414 0.6616086 0.7149096 0.7510166 0.6291905 0.6247718 0.6735927 0.5192515 0.5843398 0.5370924 0.4484505 0.5196109 0.5282966 0.5641801 0.3953156 0.3681563 0.2421886 0.0000000 
