20
taxon0     0.0000000 0.1153889 0.2244274 0.1882684 0.2632815 0.2330138 0.2624967 0.3742665 0.3496624 0.2944954 0.3495300 0.3473752 0.5225854 0.5503421 0.4725702 0.5167313 0.4818990 0.5255688 0.5295905 0.5166016 
taxon1     0.1153889 0.0000000 0.2460459 0.2431393 0.2732000 0.2751275 0.2924106 0.3447093 0.3279305 0.3235321 0.3321503 0.3621006 0.5238146 0.5767285 0.4813439 0.5566467 0.5126174 0.5411450 0.5497171 0.5454856 
taxon2     0.2244274 0.2460459 0.0000000 0.1455717 0.2530222 0.2631209 0.3636444 0.4341426 0.4141021 0.2810957 0.3651656 0.3974056 0.5395989 0.5982090 0.5574811 0.6127792 0.5230850 0.5597703 0.5418926 0.5649214 
taxon3     0.1882684 0.2431393 0.1455717 0.0000000 0.2571469 0.2719169 0.3275450 0.4273308 0.4289247 0.2958177 0.3764417 0.3939815 0.5951218 0.5681870 0.5544154 0.5630621 0.5147202 0.6039520 0.5460889 0.5338376 
taxon4     0.2632815 0.2732000 0.2530222 0.2571469 0.0000000 0.1315911 0.2714405 0.3393498 0.2857991 0.2282370 0.3037794 0.3508888 0.5110337 0.5585097 0.4798844 0.5817345 0.4879667 0.5129513 0.4937483 0.5182557 
taxon5     0.2330138 0.2751275 0.2631209 0.2719169 0.1315911 0.0000000 0.2181244 0.3227671 0.2856871 0.2099934 0.3008043 0.3164984 0.4808851 0.5533899 0.5223117 0.5522288 0.5003694 0.5270259 0.4921624 0.5318791 
taxon6     0.2624967 0.2924106 0.3636444 0.3275450 0.2714405 0.2181244 0.0000000 0.2285954 0.1661147 0.2163159 0.3252804 0.3439206 0.5323132 0.5689174 0.5408199 0.5471408 0.4951892 0.5500433 0.5302254 0.5207569 
taxon7     0.3742665 0.3447093 0.4341426 0.4273308 0.3393498 0.3227671 0.2285954 0.0000000 0.1360368 0.3426801 0.4372564 0.4460758 0.5999962 0.5861909 0.5649907 0.6428847 0.6057993 0.6679160 0.6271574 0.6286189 
taxon8     0.3496624 0.3279305 0.4141021 0.4289247 0.2857991 0.2856871 0.1661147 0.1360368 0.0000000 0.2883924 0.3775632 0.3899849 0.5652666 0.5861087 0.5375827 0.6014050 0.5362347 0.5780111 0.5643520 0.5794332 
taxon9     0.2944954 0.3235321 0.2810957 0.2958177 0.2282370 0.2099934 0.2163159 0.3426801 0.2883924 0.0000000 0.2407784 0.2414673 0.5292611 0.5937464 0.5412362 0.5720597 0.5071210 0.5622012 0.5041085 0.5164906 
taxon10    0.3495300 0.3321503 0.3651656 0.3764417 0.3037794 0.3008043 0.3252804 0.4372564 0.3775632 0.2407784 0.0000000 0.1031301 0.5628755 0.6645624 0.5832373 0.6244890 0.5309613 0.5810446 0.5363314 0.5889800 
taxon11    0.3473752 0.3621006 0.3974056 0.3939815 0.3508888 0.3164984 0.3439206 0.4460758 0.3899849 0.2414673 0.1031301 0.0000000 0.6053835 0.6699162 0.6088816 0.6298159 0.5363659 0.6263030 0.5804407 0.6307630 
taxon12    0.5225854 0.5238146 0.5395989 0.5951218 0.5110337 0.4808851 0.5323132 0.5999962 0.5652666 0.5292611 0.5628755 0.6053835 0.0000000 0.2557756 0.2544727 0.3488362 0.3504710 0.2866859 0.3514847 0.3562015 
taxon13    0.5503421 0.5767285 0.5982090 0.5681870 0.5585097 0.5533899 0.5689174 0.5861909 0.5861087 0.5937464 0.6645624 0.6699162 0.2557756 0.0000000 0.2306049 0.3619212 0.3495542 0.4001446 0.4056440 0.3764009 
taxon14    0.4725702 0.4813439 0.5574811 0.5544154 0.4798844 0.5223117 0.5408199 0.5649907 0.5375827 0.5412362 0.5832373 0.6088816 0.2544727 0.2306049 0.0000000 0.3430763 0.3120709 0.3313600 0.3359312 0.3301780 
taxon15    0.5167313 0.5566467 0.6127792 0.5630621 0.5817345 0.5522288 0.5471408 0.6428847 0.6014050 0.5720597 0.6244890 0.6298159 0.3488362 0.3619212 0.3430763 0.0000000 0.3482731 0.3321378 0.3032712 0.3001468 
taxon16    0.4818990 0.5126174 0.5230850 0.5147202 0.4879667 0.5003694 0.4951892 0.6057993 0.5362347 0.5071210 0.5309613 0.5363659 0.3504710 0.3495542 0.3120709 0.3482731 0.0000000 0.1855402 0.2293074 0.1997111 
taxon17    0.5255688 0.5411450 0.5597703 0.6039520 0.5129513 0.5270259 0.5500433 0.6679160 0.5780111 0.5622012 0.5810446 0.6263030 0.2866859 0.4001446 0.3313600 0.3321378 0.1855402 0.0000000 0.1942689 0.2038094 
taxon18    0.5295905 0.5497171 0.5418926 0.5460889 0.4937483 0.4921624 0.5302254 0.6271574 0.5643520 0.5041085 0.5363314 0.5804407 0.3514847 0.4056440 0.3359312 0.3032712 0.2293074 0.1942689 0.0000000 0.1317446 
taxon19    0.5166016 0.5454856 0.5649214 0.5338376 0.5182557 0.5318791 0.5207569 0.6286189 0.5794332 0.5164906 0.5889800 0.6307630 0.3562015 0.3764009 0.3301780 0.3001468 0.1997111 0.2038094 0.1317446 0.0000000 
