20
taxon0     0.0000000 0.7348418 0.7597410 1.3353803 1.1851038 1.2222505 0.9911074 1.1494265 1.3167788 1.3986729 1.2424456 1.5648754 1.9027389 1.8377914 2.0911728 1.5609014 1.5197153 1.3295372 1.5418195 1.7277246 
taxon1     0.7348418 0.0000000 0.3234838 1.7281994 1.4909204 1.7706546 1.3356487 1.6224200 1.6556064 1.6709445 1.6845466 1.9897466 2.0658508 2.1778842 2.2113308 1.9542470 1.9226032 1.5257753 2.0460391 2.5744878 
taxon2     0.7597410 0.3234838 0.0000000 1.6430633 1.5472506 1.7737234 1.2865741 1.5610338 1.6632915 1.6188049 1.6843081 1.8504647 2.0503608 2.1486546 2.1350098 2.0589981 2.0392109 1.5196776 1.8331810 2.3205281 
taxon3     1.3353803 1.7281994 1.6430633 0.0000000 0.6410700 0.6414893 1.0975446 1.1652123 1.5578046 1.7606392 1.7557013 2.0372479 2.1194743 2.0668202 2.1758688 1.7445281 1.8487590 1.5870680 1.6674221 2.3599233 
taxon4     1.1851038 1.4909204 1.5472506 0.6410700 0.0000000 0.4917996 1.0038105 1.0399847 1.6393013 1.8035388 1.7625287 1.8967842 2.3281983 1.9565662 2.0663829 1.8462996 1.8456779 1.6143606 1.7223114 2.1729941 
taxon5     1.2222505 1.7706546 1.7737234 0.6414893 0.4917996 0.0000000 1.0528181 1.1417821 1.8174331 1.8472684 2.0622584 2.2699766 2.4082545 2.2209520 2.1644419 2.1094073 2.1004398 1.8148040 1.7624387 2.2493485 
taxon6     0.9911074 1.3356487 1.2865741 1.0975446 1.0038105 1.0528181 0.0000000 0.4144808 1.6944285 1.6147923 1.6448141 1.8099421 2.1619486 1.9688421 2.0767790 1.9053570 2.0082072 1.8311123 1.8260436 2.3279156 
taxon7     1.1494265 1.6224200 1.5610338 1.1652123 1.0399847 1.1417821 0.4144808 0.0000000 1.7896848 1.9641866 1.7469404 2.2095104 2.1174533 1.9108345 2.1609414 1.8061526 1.7236936 1.9936612 2.1008005 2.4853748 
taxon8     1.3167788 1.6556064 1.6632915 1.5578046 1.6393013 1.8174331 1.6944285 1.7896848 0.0000000 0.2613303 0.7148209 1.0584595 1.5822170 1.4346851 1.6766613 1.3261894 1.2685214 1.2598486 1.3600426 1.7617397 
taxon9     1.3986729 1.6709445 1.6188049 1.7606392 1.8035388 1.8472684 1.6147923 1.9641866 0.2613303 0.0000000 0.6183809 0.9669715 1.5169471 1.4078049 1.5238693 1.3404571 1.2461749 1.3905501 1.4100320 1.7492507 
taxon10    1.2424456 1.6845466 1.6843081 1.7557013 1.7625287 2.0622584 1.6448141 1.7469404 0.7148209 0.6183809 0.0000000 0.3659569 1.4175190 1.4406016 1.6431631 1.1448874 1.1559775 1.4074694 1.3879486 1.5652700 
taxon11    1.5648754 1.9897466 1.8504647 2.0372479 1.8967842 2.2699766 1.8099421 2.2095104 1.0584595 0.9669715 0.3659569 0.0000000 1.6108600 1.8462840 1.9229540 1.3703987 1.3884879 1.5171531 1.5134806 1.5604408 
taxon12    1.9027389 2.0658508 2.0503608 2.1194743 2.3281983 2.4082545 2.1619486 2.1174533 1.5822170 1.5169471 1.4175190 1.6108600 0.0000000 0.7364876 0.8756445 0.7467423 0.7708575 1.1031719 1.1343143 1.3159173 
taxon13    1.8377914 2.1778842 2.1486546 2.0668202 1.9565662 2.2209520 1.9688421 1.9108345 1.4346851 1.4078049 1.4406016 1.8462840 0.7364876 0.0000000 0.2384239 0.9196344 0.9991835 1.2399627 1.2111483 1.4789096 
taxon14    2.0911728 2.2113308 2.1350098 2.1758688 2.0663829 2.1644419 2.0767790 2.1609414 1.6766613 1.5238693 1.6431631 1.9229540 0.8756445 0.2384239 0.0000000 1.0616618 1.1918361 1.2927675 1.2568766 1.5669167 
taxon15    1.5609014 1.9542470 2.0589981 1.7445281 1.8462996 2.1094073 1.9053570 1.8061526 1.3261894 1.3404571 1.1448874 1.3703987 0.7467423 0.9196344 1.0616618 0.0000000 0.1389905 1.0023073 1.0107233 1.2218728 
taxon16    1.5197153 1.9226032 2.0392109 1.8487590 1.8456779 2.1004398 2.0082072 1.7236936 1.2685214 1.2461749 1.1559775 1.3884879 0.7708575 0.9991835 1.1918361 0.1389905 0.0000000 0.9283208 1.0081771 1.1961615 
taxon17    1.3295372 1.5257753 1.5196776 1.5870680 1.6143606 1.8148040 1.8311123 1.9936612 1.2598486 1.3905501 1.4074694 1.5171531 1.1031719 1.2399627 1.2927675 1.0023073 0.9283208 0.0000000 0.5063959 0.6775382 
taxon18    1.5418195 2.0460391 1.8331810 1.6674221 1.7223114 1.7624387 1.8260436 2.1008005 1.3600426 1.4100320 1.3879486 1.5134806 1.1343143 1.2111483 1.2568766 1.0107233 1.0081771 0.5063959 0.0000000 0.2601340 
taxon19    1.7277246 2.5744878 2.3205281 2.3599233 2.1729941 2.2493485 2.3279156 2.4853748 1.7617397 1.7492507 1.5652700 1.5604408 1.3159173 1.4789096 1.5669167 1.2218728 1.1961615 0.6775382 0.2601340 0.0000000 
