20
taxon0     0.0000000 0.1194103 0.4407634 0.4476404 0.5719752 0.6064459 0.6479996 0.7318070 0.6437488 0.6443761 0.5938194 0.5814192 0.5961852 0.5609938 0.6496984 0.6251443 0.6416504 0.6038488 0.6489700 0.6405814 
taxon1     0.1194103 0.0000000 0.3856712 0.3912474 0.4270279 0.4979541 0.5303672 0.5738530 0.5444893 0.5298122 0.5355042 0.5002541 0.5155323 0.4892647 0.5864955 0.5601773 0.5551748 0.5206161 0.5641466 0.5748651 
taxon2     0.4407634 0.3856712 0.0000000 0.0294164 0.4630116 0.4355821 0.4789272 0.5155587 0.5258396 0.5050320 0.3723715 0.3620010 0.3559183 0.3279254 0.4135673 0.4121729 0.3864132 0.3921120 0.4164393 0.4072270 
taxon3     0.4476404 0.3912474 0.0294164 0.0000000 0.4774242 0.4509062 0.4975720 0.5305096 0.5511250 0.5283925 0.3874959 0.3747483 0.3753935 0.3362071 0.4226257 0.4081113 0.3910309 0.4050058 0.4181187 0.4222675 
taxon4     0.5719752 0.4270279 0.4630116 0.4774242 0.0000000 0.1736028 0.2182391 0.3692562 0.3782726 0.3389069 0.4453863 0.4294100 0.4359091 0.4266466 0.5303305 0.4673078 0.4943140 0.4643733 0.5125187 0.5352441 
taxon5     0.6064459 0.4979541 0.4355821 0.4509062 0.1736028 0.0000000 0.1315545 0.4206681 0.4403118 0.4031266 0.4247920 0.4299182 0.4321984 0.4150438 0.5058011 0.4416634 0.4816785 0.4388101 0.4997742 0.4765301 
taxon6     0.6479996 0.5303672 0.4789272 0.4975720 0.2182391 0.1315545 0.0000000 0.4810819 0.5064447 0.4737088 0.4795303 0.5051434 0.4978657 0.4856947 0.5604110 0.5043183 0.5746832 0.5094440 0.5744534 0.5744853 
taxon7     0.7318070 0.5738530 0.5155587 0.5305096 0.3692562 0.4206681 0.4810819 0.0000000 0.2030883 0.1624145 0.4231495 0.4208114 0.4745146 0.4523454 0.5515337 0.5072047 0.5540568 0.5137429 0.5191888 0.5503703 
taxon8     0.6437488 0.5444893 0.5258396 0.5511250 0.3782726 0.4403118 0.5064447 0.2030883 0.0000000 0.0632372 0.4324918 0.4194298 0.4756286 0.4469561 0.5562959 0.5057827 0.5304218 0.5154040 0.5341101 0.5545959 
taxon9     0.6443761 0.5298122 0.5050320 0.5283925 0.3389069 0.4031266 0.4737088 0.1624145 0.0632372 0.0000000 0.4083492 0.3927380 0.4470669 0.4241145 0.5284230 0.4745172 0.4968628 0.4832899 0.4994906 0.5203082 
taxon10    0.5938194 0.5355042 0.3723715 0.3874959 0.4453863 0.4247920 0.4795303 0.4231495 0.4324918 0.4083492 0.0000000 0.0402969 0.2257369 0.1630657 0.2605999 0.2634801 0.2676533 0.2645121 0.2810629 0.2735321 
taxon11    0.5814192 0.5002541 0.3620010 0.3747483 0.4294100 0.4299182 0.5051434 0.4208114 0.4194298 0.3927380 0.0402969 0.0000000 0.2266735 0.1666797 0.2596790 0.2492413 0.2441496 0.2437094 0.2598085 0.2777073 
taxon12    0.5961852 0.5155323 0.3559183 0.3753935 0.4359091 0.4321984 0.4978657 0.4745146 0.4756286 0.4470669 0.2257369 0.2266735 0.0000000 0.0665671 0.2365918 0.2306335 0.2594214 0.2479658 0.2611870 0.2516653 
taxon13    0.5609938 0.4892647 0.3279254 0.3362071 0.4266466 0.4150438 0.4856947 0.4523454 0.4469561 0.4241145 0.1630657 0.1666797 0.0665671 0.0000000 0.1635715 0.1753843 0.1942656 0.1918205 0.1949076 0.1865847 
taxon14    0.6496984 0.5864955 0.4135673 0.4226257 0.5303305 0.5058011 0.5604110 0.5515337 0.5562959 0.5284230 0.2605999 0.2596790 0.2365918 0.1635715 0.0000000 0.0697054 0.1772219 0.1926877 0.1895825 0.1891052 
taxon15    0.6251443 0.5601773 0.4121729 0.4081113 0.4673078 0.4416634 0.5043183 0.5072047 0.5057827 0.4745172 0.2634801 0.2492413 0.2306335 0.1753843 0.0697054 0.0000000 0.1701987 0.1663531 0.1770757 0.1928161 
taxon16    0.6416504 0.5551748 0.3864132 0.3910309 0.4943140 0.4816785 0.5746832 0.5540568 0.5304218 0.4968628 0.2676533 0.2441496 0.2594214 0.1942656 0.1772219 0.1701987 0.0000000 0.1014561 0.1259141 0.1269030 
taxon17    0.6038488 0.5206161 0.3921120 0.4050058 0.4643733 0.4388101 0.5094440 0.5137429 0.5154040 0.4832899 0.2645121 0.2437094 0.2479658 0.1918205 0.1926877 0.1663531 0.1014561 0.0000000 0.0931757 0.0995458 
taxon18    0.6489700 0.5641466 0.4164393 0.4181187 0.5125187 0.4997742 0.5744534 0.5191888 0.5341101 0.4994906 0.2810629 0.2598085 0.2611870 0.1949076 0.1895825 0.1770757 0.1259141 0.0931757 0.0000000 0.0517851 
taxon19    0.6405814 0.5748651 0.4072270 0.4222675 0.5352441 0.4765301 0.5744853 0.5503703 0.5545959 0.5203082 0.2735321 0.2777073 0.2516653 0.1865847 0.1891052 0.1928161 0.1269030 0.0995458 0.0517851 0.0000000 
