20
taxon0     0.0000000 0.0188074 0.1035459 0.0995868 0.1052085 0.1166157 0.2898968 0.2788629 0.2716635 0.2647079 0.2581099 0.3164175 0.3211447 0.3070106 0.2657546 0.2833455 0.2873732 0.2811234 0.2783352 0.2985688 
taxon1     0.0188074 0.0000000 0.0830379 0.0789864 0.0843778 0.0954894 0.2641411 0.2589915 0.2519115 0.2451063 0.2507236 0.2960489 0.3007058 0.2868450 0.2404166 0.2574384 0.2614252 0.2682972 0.2527742 0.2725989 
taxon2     0.1035459 0.0830379 0.0000000 0.0336880 0.0386319 0.0588672 0.2675804 0.2633345 0.2623543 0.2553875 0.2610971 0.2591494 0.2494494 0.2581382 0.2555598 0.2697857 0.2872040 0.2319820 0.2464691 0.2666697 
taxon3     0.0995868 0.0789864 0.0336880 0.0000000 0.0541360 0.0547778 0.2576107 0.2712461 0.2579638 0.2510123 0.2567270 0.2366101 0.2570987 0.2659016 0.2588040 0.2487732 0.2716249 0.2287011 0.2311923 0.2512610 
taxon4     0.1052085 0.0843778 0.0386319 0.0541360 0.0000000 0.0294127 0.2787286 0.2672826 0.2662926 0.2593357 0.2650213 0.2810274 0.2709894 0.2800615 0.2676787 0.2765012 0.2672920 0.2551368 0.2399963 0.2726493 
taxon5     0.1166157 0.0954894 0.0588672 0.0547778 0.0294127 0.0000000 0.2997850 0.3006934 0.2869632 0.2797350 0.2855582 0.2832956 0.2854505 0.2947499 0.2884403 0.2975927 0.2880231 0.2695312 0.2597291 0.2934867 
taxon6     0.2898968 0.2641411 0.2675804 0.2576107 0.2787286 0.2997850 0.0000000 0.0390720 0.0390176 0.0340043 0.0388615 0.0864925 0.0908023 0.0800806 0.0391323 0.0758491 0.0593859 0.0803168 0.0690673 0.0848872 
taxon7     0.2788629 0.2589915 0.2633345 0.2712461 0.2672826 0.3006934 0.0390720 0.0000000 0.0192570 0.0143863 0.0191811 0.0653240 0.0595957 0.0492770 0.0445280 0.0710997 0.0595608 0.0703140 0.0588589 0.0744690 
taxon8     0.2716635 0.2519115 0.2623543 0.2579638 0.2662926 0.2869632 0.0390176 0.0192570 0.0000000 0.0047684 0.0095365 0.0549866 0.0593959 0.0491125 0.0344371 0.0606217 0.0594783 0.0804433 0.0590267 0.0746836 
taxon9     0.2647079 0.2451063 0.2553875 0.2510123 0.2593357 0.2797350 0.0340043 0.0143863 0.0047684 0.0000000 0.0047498 0.0498019 0.0542306 0.0440271 0.0294016 0.0553605 0.0543032 0.0751084 0.0538890 0.0694225 
taxon10    0.2581099 0.2507236 0.2610971 0.2567270 0.2650213 0.2855582 0.0388615 0.0191811 0.0095365 0.0047498 0.0000000 0.0547618 0.0591545 0.0489146 0.0342983 0.0603711 0.0592362 0.0801107 0.0587880 0.0743778 
taxon11    0.3164175 0.2960489 0.2591494 0.2366101 0.2810274 0.2832956 0.0864925 0.0653240 0.0549866 0.0498019 0.0547618 0.0000000 0.0341670 0.0341544 0.0820944 0.0858157 0.0975726 0.0906021 0.0808206 0.0918841 
taxon12    0.3211447 0.3007058 0.2494494 0.2570987 0.2709894 0.2854505 0.0908023 0.0595957 0.0593959 0.0542306 0.0591545 0.0341670 0.0000000 0.0095435 0.0864553 0.0979119 0.0962222 0.0895773 0.0900701 0.1011711 
taxon13    0.3070106 0.2868450 0.2581382 0.2659016 0.2800615 0.2947499 0.0800806 0.0492770 0.0491125 0.0440271 0.0489146 0.0341544 0.0095435 0.0000000 0.0756939 0.0925890 0.0909704 0.0898064 0.0903015 0.1014352 
taxon14    0.2657546 0.2404166 0.2555598 0.2588040 0.2676787 0.2884403 0.0391323 0.0445280 0.0344371 0.0294016 0.0342983 0.0820944 0.0864553 0.0756939 0.0000000 0.0344746 0.0488541 0.0808366 0.0492684 0.0637072 
taxon15    0.2833455 0.2574384 0.2697857 0.2487732 0.2765012 0.2975927 0.0758491 0.0710997 0.0606217 0.0553605 0.0603711 0.0858157 0.0979119 0.0925890 0.0344746 0.0000000 0.0245305 0.0659416 0.0346816 0.0492247 
taxon16    0.2873732 0.2614252 0.2872040 0.2716249 0.2672920 0.2880231 0.0593859 0.0595608 0.0594783 0.0543032 0.0592362 0.0975726 0.0962222 0.0909704 0.0488541 0.0245305 0.0000000 0.0598421 0.0390737 0.0534354 
taxon17    0.2811234 0.2682972 0.2319820 0.2287011 0.2551368 0.2695312 0.0803168 0.0703140 0.0804433 0.0751084 0.0801107 0.0906021 0.0895773 0.0898064 0.0808366 0.0659416 0.0598421 0.0000000 0.0392072 0.0545592 
taxon18    0.2783352 0.2527742 0.2464691 0.2311923 0.2399963 0.2597291 0.0690673 0.0588589 0.0590267 0.0538890 0.0587880 0.0808206 0.0900701 0.0903015 0.0492684 0.0346816 0.0390737 0.0392072 0.0000000 0.0240669 
taxon19    0.2985688 0.2725989 0.2666697 0.2512610 0.2726493 0.2934867 0.0848872 0.0744690 0.0746836 0.0694225 0.0743778 0.0918841 0.1011711 0.1014352 0.0637072 0.0492247 0.0534354 0.0545592 0.0240669 0.0000000 
