20
taxon0     0.0000000 0.0354964 0.0307526 0.0408114 0.0254529 0.0305279 0.0204452 0.1620051 0.1648027 0.1498763 0.1608587 0.1432693 0.1705257 0.1500542 0.1687568 0.1691381 0.1432269 0.1443328 0.1374713 0.1374713 
taxon1     0.0354964 0.0000000 0.0308642 0.0357612 0.0412191 0.0358186 0.0364620 0.1551912 0.1578891 0.1431628 0.1677705 0.1500393 0.1635691 0.1433323 0.1618679 0.1496519 0.1503536 0.1376484 0.1441926 0.1441926 
taxon2     0.0307526 0.0308642 0.0000000 0.0305121 0.0308973 0.0255737 0.0260403 0.1581133 0.1449806 0.1459051 0.1708826 0.1529002 0.1506062 0.1460801 0.1581148 0.1584745 0.1656148 0.1403133 0.1469667 0.1469667 
taxon3     0.0408114 0.0357612 0.0305121 0.0000000 0.0251849 0.0200118 0.0307455 0.1627697 0.1587827 0.1505972 0.1755173 0.1575958 0.1645012 0.1507765 0.1456727 0.1460032 0.1579248 0.1450349 0.1516826 0.1516826 
taxon4     0.0254529 0.0412191 0.0308973 0.0251849 0.0000000 0.0150711 0.0257345 0.1577744 0.1605439 0.1455601 0.1705534 0.1525564 0.1663099 0.1457347 0.1645612 0.1649365 0.1525043 0.1399658 0.1466200 0.1466200 
taxon5     0.0305279 0.0358186 0.0255737 0.0200118 0.0150711 0.0000000 0.0204481 0.1508477 0.1535120 0.1387449 0.1634916 0.1456413 0.1592300 0.1389109 0.1450118 0.1579095 0.1582354 0.1331842 0.1397554 0.1397554 
taxon6     0.0204452 0.0364620 0.0260403 0.0307455 0.0257345 0.0204481 0.0000000 0.1662014 0.1691089 0.1538005 0.1650039 0.1470301 0.1749570 0.1539866 0.1731149 0.1735138 0.1597175 0.1481408 0.1411016 0.1411016 
taxon7     0.1620051 0.1551912 0.1581133 0.1627697 0.1577744 0.1508477 0.1662014 0.0000000 0.0206664 0.0100835 0.0201764 0.0255441 0.0256508 0.0100506 0.0358595 0.0359332 0.0410245 0.0202564 0.0254646 0.0254646 
taxon8     0.1648027 0.1578891 0.1449806 0.1587827 0.1605439 0.1535120 0.1691089 0.0206664 0.0000000 0.0102963 0.0311915 0.0260692 0.0256304 0.0207254 0.0311005 0.0311652 0.0418406 0.0206747 0.0259872 0.0259872 
taxon9     0.1498763 0.1431628 0.1459051 0.1505972 0.1455601 0.1387449 0.1538005 0.0100835 0.0102963 0.0000000 0.0202993 0.0152647 0.0258099 0.0101114 0.0255120 0.0255643 0.0306435 0.0100874 0.0152171 0.0152171 
taxon10    0.1608587 0.1677705 0.1708826 0.1755173 0.1705534 0.1634916 0.1650039 0.0201764 0.0311915 0.0202993 0.0000000 0.0253693 0.0361389 0.0202327 0.0464072 0.0465031 0.0407457 0.0305845 0.0252915 0.0252915 
taxon11    0.1432693 0.1500393 0.1529002 0.1575958 0.1525564 0.1456413 0.1470301 0.0255441 0.0260692 0.0152647 0.0253693 0.0000000 0.0312039 0.0152820 0.0308450 0.0309087 0.0253860 0.0152452 0.0100851 0.0100851 
taxon12    0.1705257 0.1635691 0.1506062 0.1645012 0.1663099 0.1592300 0.1749570 0.0256508 0.0256304 0.0258099 0.0361389 0.0312039 0.0000000 0.0153502 0.0362006 0.0362757 0.0364283 0.0257765 0.0311061 0.0311061 
taxon13    0.1500542 0.1433323 0.1460801 0.1507765 0.1457347 0.1389109 0.1539866 0.0100506 0.0207254 0.0101114 0.0202327 0.0152820 0.0153502 0.0000000 0.0255408 0.0255932 0.0306789 0.0100986 0.0152341 0.0152341 
taxon14    0.1687568 0.1618679 0.1581148 0.1456727 0.1645612 0.1450118 0.1731149 0.0358595 0.0311005 0.0255120 0.0464072 0.0308450 0.0362006 0.0255408 0.0000000 0.0100604 0.0464389 0.0254786 0.0307494 0.0307494 
taxon15    0.1691381 0.1496519 0.1584745 0.1460032 0.1649365 0.1579095 0.1735138 0.0359332 0.0311652 0.0255643 0.0465031 0.0309087 0.0362757 0.0255932 0.0100604 0.0000000 0.0465349 0.0255316 0.0308126 0.0308126 
taxon16    0.1432269 0.1503536 0.1656148 0.1579248 0.1525043 0.1582354 0.1597175 0.0410245 0.0418406 0.0306435 0.0407457 0.0253860 0.0364283 0.0306789 0.0464389 0.0465349 0.0000000 0.0203378 0.0151366 0.0151366 
taxon17    0.1443328 0.1376484 0.1403133 0.1450349 0.1399658 0.1331842 0.1481408 0.0202564 0.0206747 0.0100874 0.0305845 0.0152452 0.0257765 0.0100986 0.0254786 0.0255316 0.0203378 0.0000000 0.0050499 0.0050499 
taxon18    0.1374713 0.1441926 0.1469667 0.1516826 0.1466200 0.1397554 0.1411016 0.0254646 0.0259872 0.0152171 0.0252915 0.0100851 0.0311061 0.0152341 0.0307494 0.0308126 0.0151366 0.0050499 0.0000000 0.0000010 
taxon19    0.1374713 0.1441926 0.1469667 0.1516826 0.1466200 0.1397554 0.1411016 0.0254646 0.0259872 0.0152171 0.0252915 0.0100851 0.0311061 0.0152341 0.0307494 0.0308126 0.0151366 0.0050499 0.0000010 0.0000000 
