20
taxon0     0.0000000 0.0752902 0.1091658 0.1082476 0.1155592 0.1226952 0.1099623 0.1617908 0.1433962 0.3009773 0.3011063 0.2839140 0.2957490 0.2973448 0.3290097 0.3137125 0.3168768 0.3252264 0.3766433 0.3523888 
taxon1     0.0752902 0.0000000 0.1603484 0.1610378 0.1634482 0.1643363 0.1573250 0.2013263 0.1814854 0.3360699 0.3484226 0.3335637 0.2836483 0.2830905 0.3363275 0.3231264 0.3395548 0.3310409 0.3745255 0.3537223 
taxon2     0.1091658 0.1603484 0.0000000 0.1093811 0.1242845 0.1132503 0.1181748 0.1467932 0.1528217 0.2737885 0.3136125 0.3030558 0.3125704 0.2564738 0.3026860 0.3044123 0.2805141 0.3071433 0.3546541 0.3348413 
taxon3     0.1082476 0.1610378 0.1093811 0.0000000 0.1029539 0.0911023 0.1021619 0.1469994 0.1408324 0.3055148 0.3218713 0.3097342 0.3258715 0.3022264 0.3294439 0.3306393 0.3407599 0.3566984 0.3861738 0.3696318 
taxon4     0.1155592 0.1634482 0.1242845 0.1029539 0.0000000 0.0541566 0.0433309 0.1006976 0.0840468 0.3176979 0.3116489 0.2997985 0.3258672 0.3272768 0.3470464 0.3620862 0.3615291 0.3782598 0.4067293 0.3671587 
taxon5     0.1226952 0.1643363 0.1132503 0.0911023 0.0541566 0.0000000 0.0291082 0.0751917 0.0800212 0.3095963 0.3033627 0.2915340 0.2922992 0.2899866 0.3458101 0.3375137 0.3242477 0.3474919 0.3949811 0.3645568 
taxon6     0.1099623 0.1573250 0.1181748 0.1021619 0.0433309 0.0291082 0.0000000 0.0541085 0.0485188 0.2961793 0.2902110 0.2788479 0.2986084 0.3054415 0.3324902 0.3336924 0.3204412 0.3437301 0.3753251 0.3442359 
taxon7     0.1617908 0.2013263 0.1467932 0.1469994 0.1006976 0.0751917 0.0541085 0.0000000 0.0596781 0.3414684 0.3488270 0.3361289 0.3414745 0.2936360 0.3421878 0.3194565 0.3236594 0.3393428 0.3713890 0.3402217 
taxon8     0.1433962 0.1814854 0.1528217 0.1408324 0.0840468 0.0800212 0.0485188 0.0596781 0.0000000 0.3298383 0.3301727 0.3228707 0.3351622 0.3363871 0.3647188 0.3582430 0.3366478 0.3550739 0.3888545 0.3569992 
taxon9     0.3009773 0.3360699 0.2737885 0.3055148 0.3176979 0.3095963 0.2961793 0.3414684 0.3298383 0.0000000 0.1001751 0.0772419 0.1463992 0.1440738 0.1919000 0.1673616 0.1899545 0.2111785 0.2278631 0.2441361 
taxon10    0.3011063 0.3484226 0.3136125 0.3218713 0.3116489 0.3033627 0.2902110 0.3488270 0.3301727 0.1001751 0.0000000 0.0447005 0.1457032 0.1823841 0.1986751 0.2122348 0.2170077 0.2463523 0.2784532 0.2808324 
taxon11    0.2839140 0.3335637 0.3030558 0.3097342 0.2997985 0.2915340 0.2788479 0.3361289 0.3228707 0.0772419 0.0447005 0.0000000 0.1427683 0.1556020 0.1856105 0.1778301 0.1882100 0.2162678 0.2473573 0.2492028 
taxon12    0.2957490 0.2836483 0.3125704 0.3258715 0.3258672 0.2922992 0.2986084 0.3414745 0.3351622 0.1463992 0.1457032 0.1427683 0.0000000 0.0974843 0.1377329 0.1321679 0.1272078 0.1706220 0.2011976 0.1963982 
taxon13    0.2973448 0.2830905 0.2564738 0.3022264 0.3272768 0.2899866 0.3054415 0.2936360 0.3363871 0.1440738 0.1823841 0.1556020 0.0974843 0.0000000 0.1012740 0.0752034 0.1028521 0.1274923 0.1805755 0.1693707 
taxon14    0.3290097 0.3363275 0.3026860 0.3294439 0.3470464 0.3458101 0.3324902 0.3421878 0.3647188 0.1919000 0.1986751 0.1856105 0.1377329 0.1012740 0.0000000 0.0706612 0.0877514 0.1124006 0.1700062 0.1481083 
taxon15    0.3137125 0.3231264 0.3044123 0.3306393 0.3620862 0.3375137 0.3336924 0.3194565 0.3582430 0.1673616 0.2122348 0.1778301 0.1321679 0.0752034 0.0706612 0.0000000 0.0715326 0.1014641 0.1583325 0.1365536 
taxon16    0.3168768 0.3395548 0.2805141 0.3407599 0.3615291 0.3242477 0.3204412 0.3236594 0.3366478 0.1899545 0.2170077 0.1882100 0.1272078 0.1028521 0.0877514 0.0715326 0.0000000 0.0803820 0.1481942 0.1142704 
taxon17    0.3252264 0.3310409 0.3071433 0.3566984 0.3782598 0.3474919 0.3437301 0.3393428 0.3550739 0.2111785 0.2463523 0.2162678 0.1706220 0.1274923 0.1124006 0.1014641 0.0803820 0.0000000 0.0960918 0.0593332 
taxon18    0.3766433 0.3745255 0.3546541 0.3861738 0.4067293 0.3949811 0.3753251 0.3713890 0.3888545 0.2278631 0.2784532 0.2473573 0.2011976 0.1805755 0.1700062 0.1583325 0.1481942 0.0960918 0.0000000 0.0538681 
taxon19    0.3523888 0.3537223 0.3348413 0.3696318 0.3671587 0.3645568 0.3442359 0.3402217 0.3569992 0.2441361 0.2808324 0.2492028 0.1963982 0.1693707 0.1481083 0.1365536 0.1142704 0.0593332 0.0538681 0.0000000 
