19
taxon0     0.0000000 0.0199511 0.0147938 0.0351717 0.0403145 0.0298291 0.0349884 0.0453450 0.0349884 0.0350685 0.0350685 0.0401099 0.0401099 0.2960746 0.2891675 0.2762527 0.3143906 0.3341267 0.3122576 
taxon1     0.0199511 0.0000000 0.0250403 0.0459258 0.0511803 0.0403875 0.0456832 0.0452497 0.0456832 0.0457898 0.0457898 0.0509171 0.0509171 0.2982791 0.3073606 0.2783155 0.3167489 0.3176103 0.3145882 
taxon2     0.0147938 0.0250403 0.0000000 0.0199401 0.0351004 0.0349405 0.0298425 0.0401085 0.0298425 0.0299104 0.0299104 0.0349231 0.0349231 0.3037288 0.2972933 0.2687323 0.3064822 0.3259791 0.3044079 
taxon3     0.0351717 0.0459258 0.0199401 0.0000000 0.0147901 0.0299267 0.0248493 0.0350707 0.0248493 0.0249056 0.0249056 0.0299116 0.0299116 0.3164092 0.3230168 0.2757959 0.3326164 0.3335699 0.3303440 
taxon4     0.0403145 0.0511803 0.0351004 0.0147901 0.0000000 0.0350180 0.0299072 0.0401995 0.0299072 0.0299754 0.0299754 0.0350005 0.0350005 0.3238810 0.3305176 0.2828867 0.3402280 0.3260936 0.3378997 
taxon5     0.0298291 0.0403875 0.0349405 0.0299267 0.0350180 0.0000000 0.0048801 0.0147584 0.0048801 0.0147100 0.0147100 0.0196297 0.0196297 0.3032577 0.3253943 0.2785079 0.3349341 0.3358892 0.3326669 
taxon6     0.0349884 0.0456832 0.0298425 0.0248493 0.0299072 0.0048801 0.0000000 0.0098040 0.0000010 0.0097717 0.0097717 0.0146697 0.0146697 0.3113166 0.3178378 0.2713716 0.3272654 0.3281841 0.3250543 
taxon7     0.0453450 0.0452497 0.0401085 0.0350707 0.0401995 0.0147584 0.0098040 0.0000000 0.0098040 0.0197012 0.0197012 0.0246468 0.0246468 0.3265018 0.3330810 0.2857862 0.3427303 0.3247941 0.3404071 
taxon8     0.0349884 0.0456832 0.0298425 0.0248493 0.0299072 0.0048801 0.0000010 0.0098040 0.0000000 0.0097717 0.0097717 0.0146697 0.0146697 0.3113166 0.3178378 0.2713716 0.3272654 0.3281841 0.3250543 
taxon9     0.0350685 0.0457898 0.0299104 0.0249056 0.0299754 0.0147100 0.0097717 0.0197012 0.0097717 0.0000000 0.0000010 0.0048738 0.0048738 0.3068877 0.3134408 0.2668739 0.3282964 0.3292227 0.3260714 
taxon10    0.0350685 0.0457898 0.0299104 0.0249056 0.0299754 0.0147100 0.0097717 0.0197012 0.0097717 0.0000010 0.0000000 0.0048738 0.0048738 0.3068877 0.3134408 0.2668739 0.3282964 0.3292227 0.3260714 
taxon11    0.0401099 0.0509171 0.0349231 0.0299116 0.0350005 0.0196297 0.0146697 0.0246468 0.0146697 0.0048738 0.0048738 0.0000000 0.0000010 0.3134082 0.3199712 0.2731554 0.3348946 0.3358499 0.3326268 
taxon12    0.0401099 0.0509171 0.0349231 0.0299116 0.0350005 0.0196297 0.0146697 0.0246468 0.0146697 0.0048738 0.0048738 0.0000010 0.0000000 0.3134082 0.3199712 0.2731554 0.3348946 0.3358499 0.3326268 
taxon14    0.2960746 0.2982791 0.3037288 0.3164092 0.3238810 0.3032577 0.3113166 0.3265018 0.3113166 0.3068877 0.3068877 0.3134082 0.3134082 0.0000000 0.0458570 0.0410086 0.0510080 0.0683440 0.0507068 
taxon15    0.2891675 0.3073606 0.2972933 0.3230168 0.3305176 0.3253943 0.3178378 0.3330810 0.3178378 0.3134408 0.3134408 0.3199712 0.3199712 0.0458570 0.0000000 0.0358691 0.0461575 0.0578679 0.0301996 
taxon16    0.2762527 0.2783155 0.2687323 0.2757959 0.2828867 0.2785079 0.2713716 0.2857862 0.2713716 0.2668739 0.2668739 0.2731554 0.2731554 0.0410086 0.0358691 0.0000000 0.0518547 0.0518924 0.0569181 
taxon17    0.3143906 0.3167489 0.3064822 0.3326164 0.3402280 0.3349341 0.3272654 0.3427303 0.3272654 0.3282964 0.3282964 0.3348946 0.3348946 0.0510080 0.0461575 0.0518547 0.0000000 0.0473519 0.0356678 
taxon18    0.3341267 0.3176103 0.3259791 0.3335699 0.3260936 0.3358892 0.3281841 0.3247941 0.3281841 0.3292227 0.3292227 0.3358499 0.3358499 0.0683440 0.0578679 0.0518924 0.0473519 0.0000000 0.0416536 
taxon19    0.3122576 0.3145882 0.3044079 0.3303440 0.3378997 0.3326669 0.3250543 0.3404071 0.3250543 0.3260714 0.3260714 0.3326268 0.3326268 0.0507068 0.0301996 0.0569181 0.0356678 0.0416536 0.0000000 
