20
taxon0     0.0000000 0.0198131 0.0455316 0.0899956 0.0897689 0.0894968 0.0890459 0.0949180 0.0902250 0.0902250 0.0790089 0.0846106 0.2654501 0.2391632 0.2430530 0.2651061 0.2650737 0.2421057 0.2693901 0.2544682 
taxon1     0.0198131 0.0000000 0.0458334 0.0682111 0.0680353 0.0678280 0.0674914 0.0840422 0.0795189 0.0795189 0.0574286 0.0628956 0.2443982 0.2185577 0.2499737 0.2722014 0.2721673 0.2356027 0.2627334 0.2479241 
taxon2     0.0455316 0.0458334 0.0000000 0.0667203 0.0773662 0.0827043 0.0767560 0.0932056 0.0620186 0.0620186 0.0512829 0.0566378 0.2472524 0.2352728 0.2412710 0.2482724 0.2482439 0.2271129 0.2538944 0.2393118 
taxon3     0.0899956 0.0682111 0.0667203 0.0000000 0.0455857 0.0507654 0.0454311 0.0613162 0.0408353 0.0408353 0.0301541 0.0250723 0.2234805 0.2154697 0.2548567 0.2771363 0.2638741 0.2540026 0.2815116 0.2534316 
taxon4     0.0897689 0.0680353 0.0773662 0.0455857 0.0000000 0.0250693 0.0299693 0.0455094 0.0455198 0.0455198 0.0350755 0.0299982 0.2552414 0.2428869 0.2406959 0.2626058 0.2495117 0.2399042 0.2545081 0.2270961 
taxon5     0.0894968 0.0678280 0.0827043 0.0507654 0.0250693 0.0000000 0.0247844 0.0506774 0.0615533 0.0615533 0.0508129 0.0456297 0.2617692 0.2493862 0.2471388 0.2691628 0.2560249 0.2463209 0.2610158 0.2334712 
taxon6     0.0890459 0.0674914 0.0767560 0.0454311 0.0299693 0.0247844 0.0000000 0.0249753 0.0664255 0.0664255 0.0452737 0.0505062 0.2413572 0.2406784 0.2519684 0.2739609 0.2608594 0.2377486 0.2521978 0.2250619 
taxon7     0.0949180 0.0840422 0.0932056 0.0613162 0.0455094 0.0506774 0.0249753 0.0000000 0.0827486 0.0827486 0.0611047 0.0664608 0.2623474 0.2616051 0.2593924 0.2641652 0.2512548 0.2583930 0.2598850 0.2455012 
taxon8     0.0902250 0.0795189 0.0620186 0.0408353 0.0455198 0.0615533 0.0664255 0.0827486 0.0000000 0.0000010 0.0303586 0.0252430 0.2574595 0.2450010 0.2571351 0.2796538 0.2662571 0.2562640 0.2840589 0.2556822 
taxon9     0.0902250 0.0795189 0.0620186 0.0408353 0.0455198 0.0615533 0.0664255 0.0827486 0.0000010 0.0000000 0.0303586 0.0252430 0.2574595 0.2450010 0.2571351 0.2796538 0.2662571 0.2562640 0.2840589 0.2556822 
taxon10    0.0790089 0.0574286 0.0512829 0.0301541 0.0350755 0.0508129 0.0452737 0.0611047 0.0303586 0.0303586 0.0000000 0.0049459 0.2562083 0.2302163 0.2424444 0.2645318 0.2513381 0.2281787 0.2551598 0.2276731 
taxon11    0.0846106 0.0628956 0.0566378 0.0250723 0.0299982 0.0456297 0.0505062 0.0664608 0.0252430 0.0252430 0.0049459 0.0000000 0.2495878 0.2372271 0.2358973 0.2578496 0.2447118 0.2351205 0.2622960 0.2345964 
taxon12    0.2654501 0.2443982 0.2472524 0.2234805 0.2552414 0.2617692 0.2413572 0.2623474 0.2574595 0.2574595 0.2562083 0.2495878 0.0000000 0.0248065 0.0549322 0.0602607 0.0602581 0.0651681 0.0861995 0.0753293 
taxon13    0.2391632 0.2185577 0.2352728 0.2154697 0.2428869 0.2493862 0.2406784 0.2616051 0.2450010 0.2450010 0.2302163 0.2372271 0.0248065 0.0000000 0.0449003 0.0608039 0.0608012 0.0447941 0.0654390 0.0548457 
taxon14    0.2430530 0.2499737 0.2412710 0.2548567 0.2406959 0.2471388 0.2519684 0.2593924 0.2571351 0.2571351 0.2424444 0.2358973 0.0549322 0.0449003 0.0000000 0.0148298 0.0148293 0.0196303 0.0497330 0.0294975 
taxon15    0.2651061 0.2722014 0.2482724 0.2771363 0.2626058 0.2691628 0.2739609 0.2641652 0.2796538 0.2796538 0.2645318 0.2578496 0.0602607 0.0608039 0.0148298 0.0000000 0.0097271 0.0348955 0.0656595 0.0449396 
taxon16    0.2650737 0.2721673 0.2482439 0.2638741 0.2495117 0.2560249 0.2608594 0.2512548 0.2662571 0.2662571 0.2513381 0.2447118 0.0602581 0.0608012 0.0148293 0.0097271 0.0000000 0.0348942 0.0656566 0.0348334 
taxon17    0.2421057 0.2356027 0.2271129 0.2540026 0.2399042 0.2463209 0.2377486 0.2583930 0.2562640 0.2562640 0.2281787 0.2351205 0.0651681 0.0447941 0.0196303 0.0348955 0.0348942 0.0000000 0.0294956 0.0097206 
taxon18    0.2693901 0.2627334 0.2538944 0.2815116 0.2545081 0.2610158 0.2521978 0.2598850 0.2840589 0.2840589 0.2551598 0.2622960 0.0861995 0.0654390 0.0497330 0.0656595 0.0656566 0.0294956 0.0000000 0.0294851 
taxon19    0.2544682 0.2479241 0.2393118 0.2534316 0.2270961 0.2334712 0.2250619 0.2455012 0.2556822 0.2556822 0.2276731 0.2345964 0.0753293 0.0548457 0.0294975 0.0449396 0.0348334 0.0097206 0.0294851 0.0000000 
