20
taxon0     0.0000000 0.0101571 0.0204769 0.0204769 0.0256243 0.0309306 0.0310722 0.0363099 0.0308120 0.0256482 0.0256482 0.0417904 0.0417904 0.0364201 0.0364107 0.0416168 0.0364201 0.0416168 0.0469139 0.0471084 
taxon1     0.0101571 0.0000000 0.0152431 0.0152431 0.0203458 0.0255830 0.0257001 0.0308904 0.0254844 0.0203654 0.0203654 0.0363803 0.0363803 0.0310587 0.0310508 0.0362296 0.0310587 0.0362296 0.0414882 0.0416593 
taxon2     0.0204769 0.0152431 0.0000000 0.0000010 0.0050482 0.0151880 0.0152317 0.0153292 0.0101168 0.0050527 0.0050527 0.0417365 0.0417365 0.0364773 0.0469929 0.0311735 0.0364773 0.0311735 0.0417177 0.0470738 
taxon3     0.0204769 0.0152431 0.0000010 0.0000000 0.0050482 0.0151880 0.0152317 0.0153292 0.0101168 0.0050527 0.0050527 0.0417365 0.0417365 0.0364773 0.0469929 0.0311735 0.0364773 0.0311735 0.0417177 0.0470738 
taxon4     0.0256243 0.0203458 0.0050482 0.0050482 0.0000000 0.0202734 0.0203320 0.0204610 0.0151922 0.0101168 0.0101168 0.0470046 0.0470046 0.0417332 0.0522712 0.0364078 0.0417332 0.0364078 0.0469835 0.0523617 
taxon5     0.0309306 0.0255830 0.0151880 0.0151880 0.0202734 0.0000000 0.0050507 0.0204427 0.0151789 0.0101080 0.0101080 0.0523330 0.0523330 0.0523132 0.0578390 0.0469406 0.0523132 0.0469406 0.0575871 0.0577599 
taxon6     0.0310722 0.0257001 0.0152317 0.0152317 0.0203320 0.0050507 0.0000000 0.0205028 0.0152226 0.0101370 0.0101370 0.0525301 0.0525301 0.0524708 0.0580988 0.0470815 0.0524708 0.0470815 0.0577608 0.0582324 
taxon7     0.0363099 0.0308904 0.0153292 0.0153292 0.0204610 0.0204427 0.0205028 0.0000000 0.0101959 0.0102023 0.0102023 0.0581476 0.0581476 0.0528000 0.0581997 0.0473778 0.0528000 0.0473778 0.0527458 0.0581954 
taxon8     0.0308120 0.0254844 0.0101168 0.0101168 0.0151922 0.0151789 0.0152226 0.0101959 0.0000000 0.0050497 0.0050497 0.0523345 0.0523345 0.0470454 0.0524056 0.0416929 0.0470454 0.0416929 0.0416853 0.0470372 
taxon9     0.0256482 0.0203654 0.0050527 0.0050527 0.0101168 0.0101080 0.0101370 0.0102023 0.0050497 0.0000000 0.0000010 0.0470493 0.0470493 0.0417727 0.0523209 0.0364421 0.0417727 0.0364421 0.0470281 0.0524116 
taxon10    0.0256482 0.0203654 0.0050527 0.0050527 0.0101168 0.0101080 0.0101370 0.0102023 0.0050497 0.0000010 0.0000000 0.0470493 0.0470493 0.0417727 0.0523209 0.0364421 0.0417727 0.0364421 0.0470281 0.0524116 
taxon11    0.0417904 0.0363803 0.0417365 0.0417365 0.0470046 0.0523330 0.0525301 0.0581476 0.0523345 0.0470493 0.0470493 0.0000000 0.0000010 0.0101007 0.0152100 0.0100896 0.0101007 0.0100896 0.0154167 0.0154090 
taxon12    0.0417904 0.0363803 0.0417365 0.0417365 0.0470046 0.0523330 0.0525301 0.0581476 0.0523345 0.0470493 0.0470493 0.0000010 0.0000000 0.0101007 0.0152100 0.0100896 0.0101007 0.0100896 0.0154167 0.0154090 
taxon13    0.0364201 0.0310587 0.0364773 0.0364773 0.0417332 0.0523132 0.0524708 0.0528000 0.0470454 0.0417727 0.0417727 0.0101007 0.0101007 0.0000000 0.0100995 0.0050389 0.0000010 0.0050389 0.0100979 0.0151920 
taxon14    0.0364107 0.0310508 0.0469929 0.0469929 0.0522712 0.0578390 0.0580988 0.0581997 0.0524056 0.0523209 0.0523209 0.0152100 0.0152100 0.0100995 0.0000000 0.0151484 0.0100995 0.0151484 0.0151852 0.0152466 
taxon15    0.0416168 0.0362296 0.0311735 0.0311735 0.0364078 0.0469406 0.0470815 0.0473778 0.0416929 0.0364421 0.0364421 0.0100896 0.0100896 0.0050389 0.0151484 0.0000000 0.0050389 0.0000010 0.0100852 0.0151728 
taxon16    0.0364201 0.0310587 0.0364773 0.0364773 0.0417332 0.0523132 0.0524708 0.0528000 0.0470454 0.0417727 0.0417727 0.0101007 0.0101007 0.0000010 0.0100995 0.0050389 0.0000000 0.0050389 0.0100979 0.0151920 
taxon17    0.0416168 0.0362296 0.0311735 0.0311735 0.0364078 0.0469406 0.0470815 0.0473778 0.0416929 0.0364421 0.0364421 0.0100896 0.0100896 0.0050389 0.0151484 0.0000010 0.0050389 0.0000000 0.0100852 0.0151728 
taxon18    0.0469139 0.0414882 0.0417177 0.0417177 0.0469835 0.0575871 0.0577608 0.0527458 0.0416853 0.0470281 0.0470281 0.0154167 0.0154167 0.0100979 0.0151852 0.0100852 0.0100979 0.0100852 0.0000000 0.0050294 
taxon19    0.0471084 0.0416593 0.0470738 0.0470738 0.0523617 0.0577599 0.0582324 0.0581954 0.0470372 0.0524116 0.0524116 0.0154090 0.0154090 0.0151920 0.0152466 0.0151728 0.0151920 0.0151728 0.0050294 0.0000000 
