20
taxon0     0.0000000 0.0047545 0.0142981 0.0094939 0.0047545 0.0095258 0.0239265 0.0191189 0.0191189 0.0341028 0.0241416 0.0291622 0.0192053 0.1217097 0.1273405 0.1333840 0.1383246 0.1329393 0.1327727 0.1328194 
taxon1     0.0047545 0.0000000 0.0191045 0.0142707 0.0000010 0.0047502 0.0190898 0.0143008 0.0143008 0.0390594 0.0290320 0.0242358 0.0240578 0.1272803 0.1329416 0.1390324 0.1326306 0.1272647 0.1271063 0.1271513 
taxon2     0.0142981 0.0191045 0.0000000 0.0142387 0.0191045 0.0239233 0.0287095 0.0336125 0.0336125 0.0388634 0.0288880 0.0339257 0.0239392 0.1265806 0.1322079 0.1382600 0.1431721 0.1378009 0.1380534 0.1494658 
taxon3     0.0094939 0.0142707 0.0142387 0.0000000 0.0142707 0.0190613 0.0335155 0.0286936 0.0286936 0.0438709 0.0338163 0.0389043 0.0288233 0.1323296 0.1379965 0.1441063 0.1490227 0.1436262 0.1434448 0.1434943 
taxon4     0.0047545 0.0000010 0.0191045 0.0142707 0.0000000 0.0047502 0.0190898 0.0143008 0.0143008 0.0390594 0.0290320 0.0242358 0.0240578 0.1272803 0.1329416 0.1390324 0.1326306 0.1272647 0.1271063 0.1271513 
taxon5     0.0095258 0.0047502 0.0239233 0.0190613 0.0047502 0.0000000 0.0192581 0.0144274 0.0144274 0.0440220 0.0339318 0.0291352 0.0289212 0.1283883 0.1340961 0.1402400 0.1337798 0.1283729 0.1282117 0.1282574 
taxon6     0.0239265 0.0190898 0.0287095 0.0335155 0.0190898 0.0192581 0.0000000 0.0047496 0.0047496 0.0489904 0.0388394 0.0340438 0.0337937 0.1383687 0.1440856 0.1502650 0.1437491 0.1383560 0.1269305 0.1271943 
taxon7     0.0191189 0.0143008 0.0336125 0.0286936 0.0143008 0.0144274 0.0047496 0.0000000 0.0000010 0.0440377 0.0339439 0.0291457 0.0289316 0.1328908 0.1385826 0.1447208 0.1382585 0.1328766 0.1327101 0.1217544 
taxon8     0.0191189 0.0143008 0.0336125 0.0286936 0.0143008 0.0144274 0.0047496 0.0000010 0.0000000 0.0440377 0.0339439 0.0291457 0.0289316 0.1328908 0.1385826 0.1447208 0.1382585 0.1328766 0.1327101 0.1217544 
taxon9     0.0341028 0.0390594 0.0388634 0.0438709 0.0390594 0.0440220 0.0489904 0.0440377 0.0440377 0.0000000 0.0242083 0.0144299 0.0144607 0.1264109 0.1320368 0.1380873 0.1429996 0.1376287 0.1492410 0.1381691 
taxon10    0.0241416 0.0290320 0.0288880 0.0338163 0.0290320 0.0339318 0.0388394 0.0339439 0.0339439 0.0242083 0.0000000 0.0193215 0.0143966 0.1273047 0.1329643 0.1390533 0.1439893 0.1385891 0.1502702 0.1391362 
taxon11    0.0291622 0.0242358 0.0339257 0.0389043 0.0242358 0.0291352 0.0340438 0.0291457 0.0291457 0.0144299 0.0193215 0.0000000 0.0193217 0.1275324 0.1332033 0.1393051 0.1328913 0.1275169 0.1390780 0.1280178 
taxon12    0.0192053 0.0240578 0.0239392 0.0288233 0.0240578 0.0289212 0.0337937 0.0289316 0.0289316 0.0144607 0.0143966 0.0193217 0.0000000 0.1147449 0.1202808 0.1262043 0.1310990 0.1257887 0.1372019 0.1262776 
taxon13    0.1217097 0.1272803 0.1265806 0.1323296 0.1272803 0.1283883 0.1383687 0.1328908 0.1328908 0.1264109 0.1273047 0.1275324 0.1147449 0.0000000 0.0096062 0.0144917 0.0192729 0.0144471 0.0242316 0.0242408 
taxon14    0.1273405 0.1329416 0.1322079 0.1379965 0.1329416 0.1340961 0.1440856 0.1385826 0.1385826 0.1320368 0.1329643 0.1332033 0.1202808 0.0096062 0.0000000 0.0096003 0.0241180 0.0192840 0.0192629 0.0192703 
taxon15    0.1333840 0.1390324 0.1382600 0.1441063 0.1390324 0.1402400 0.1502650 0.1447208 0.1447208 0.1380873 0.1390533 0.1393051 0.1262043 0.0144917 0.0096003 0.0000000 0.0143841 0.0095844 0.0192891 0.0192964 
taxon16    0.1383246 0.1326306 0.1431721 0.1490227 0.1326306 0.1337798 0.1437491 0.1382585 0.1382585 0.1429996 0.1439893 0.1328913 0.1310990 0.0192729 0.0241180 0.0143841 0.0000000 0.0047576 0.0241138 0.0241230 
taxon17    0.1329393 0.1272647 0.1378009 0.1436262 0.1272647 0.1283729 0.1383560 0.1328766 0.1328766 0.1376287 0.1385891 0.1275169 0.1257887 0.0144471 0.0192840 0.0095844 0.0047576 0.0000000 0.0192806 0.0192879 
taxon18    0.1327727 0.1271063 0.1380534 0.1434448 0.1271063 0.1282117 0.1269305 0.1327101 0.1327101 0.1492410 0.1502702 0.1390780 0.1372019 0.0242316 0.0192629 0.0192891 0.0241138 0.0192806 0.0000000 0.0095630 
taxon19    0.1328194 0.1271513 0.1494658 0.1434943 0.1271513 0.1282574 0.1271943 0.1217544 0.1217544 0.1381691 0.1391362 0.1280178 0.1262776 0.0242408 0.0192703 0.0192964 0.0241230 0.0192879 0.0095630 0.0000000 
