20
taxon0     0.0000000 0.1207392 0.1370530 0.2079593 0.2262103 0.2512086 0.2635393 0.3092659 0.3839048 0.3073268 0.3181924 0.3108582 0.3101319 0.3861418 0.3846278 0.3791397 0.3006569 0.2953915 0.3072184 0.2954420 
taxon1     0.1207392 0.0000000 0.0353756 0.1859516 0.2273319 0.2363763 0.2288778 0.2797229 0.3373266 0.2883150 0.3084767 0.2549696 0.2718513 0.3568660 0.3488873 0.3518169 0.2856651 0.2721360 0.2882947 0.2663382 
taxon2     0.1370530 0.0353756 0.0000000 0.1970873 0.2524066 0.2623336 0.2582257 0.2959031 0.3434016 0.3055979 0.3239533 0.2731938 0.2893802 0.3456278 0.3446582 0.3539126 0.3004959 0.2872564 0.2981466 0.2813290 
taxon3     0.2079593 0.1859516 0.1970873 0.0000000 0.1537709 0.1978149 0.1901038 0.2727338 0.3282784 0.3042379 0.3088687 0.2468554 0.2589057 0.3188387 0.3016522 0.3041590 0.2373356 0.2217857 0.2500530 0.2225875 
taxon4     0.2262103 0.2273319 0.2524066 0.1537709 0.0000000 0.1404866 0.1292661 0.3143285 0.3628472 0.3280395 0.3508270 0.3132897 0.3268995 0.3583525 0.3554569 0.3585651 0.3131607 0.2840769 0.3272705 0.3063171 
taxon5     0.2512086 0.2363763 0.2623336 0.1978149 0.1404866 0.0000000 0.0692936 0.3608478 0.4036024 0.3687221 0.3998772 0.3321788 0.3482837 0.3596557 0.3771010 0.3797547 0.3698061 0.3360530 0.3505975 0.3467631 
taxon6     0.2635393 0.2288778 0.2582257 0.1901038 0.1292661 0.0692936 0.0000000 0.3410191 0.3786105 0.3412014 0.3853453 0.3369102 0.3535984 0.3770266 0.3947097 0.3983785 0.3420775 0.3070507 0.3373720 0.3189853 
taxon7     0.3092659 0.2797229 0.2959031 0.2727338 0.3143285 0.3608478 0.3410191 0.0000000 0.1721592 0.1630108 0.1623933 0.1962248 0.1934563 0.2313188 0.2219607 0.2254500 0.1911451 0.1846977 0.2127070 0.1869376 
taxon8     0.3839048 0.3373266 0.3434016 0.3282784 0.3628472 0.4036024 0.3786105 0.1721592 0.0000000 0.1909849 0.2011122 0.2778941 0.2624602 0.2177567 0.2245882 0.2351202 0.2666593 0.2630727 0.2921609 0.2816595 
taxon9     0.3073268 0.2883150 0.3055979 0.3042379 0.3280395 0.3687221 0.3412014 0.1630108 0.1909849 0.0000000 0.0358167 0.2438446 0.2452313 0.2928944 0.2716201 0.2902387 0.2597611 0.2409374 0.2582801 0.2394313 
taxon10    0.3181924 0.3084767 0.3239533 0.3088687 0.3508270 0.3998772 0.3853453 0.1623933 0.2011122 0.0358167 0.0000000 0.2355963 0.2387694 0.2763305 0.2554195 0.2737772 0.2480131 0.2417824 0.2559135 0.2249948 
taxon11    0.3108582 0.2549696 0.2731938 0.2468554 0.3132897 0.3321788 0.3369102 0.1962248 0.2778941 0.2438446 0.2355963 0.0000000 0.0979759 0.2037885 0.1965048 0.1961056 0.2349813 0.2164194 0.2486505 0.2284303 
taxon12    0.3101319 0.2718513 0.2893802 0.2589057 0.3268995 0.3482837 0.3535984 0.1934563 0.2624602 0.2452313 0.2387694 0.0979759 0.0000000 0.1939816 0.1919633 0.1845059 0.2235360 0.2229710 0.2385633 0.2196286 
taxon13    0.3861418 0.3568660 0.3456278 0.3188387 0.3583525 0.3596557 0.3770266 0.2313188 0.2177567 0.2928944 0.2763305 0.2037885 0.1939816 0.0000000 0.1119302 0.1228070 0.2566311 0.2669323 0.2880298 0.2829819 
taxon14    0.3846278 0.3488873 0.3446582 0.3016522 0.3554569 0.3771010 0.3947097 0.2219607 0.2245882 0.2716201 0.2554195 0.1965048 0.1919633 0.1119302 0.0000000 0.0611748 0.2735683 0.2654291 0.2823463 0.2801854 
taxon15    0.3791397 0.3518169 0.3539126 0.3041590 0.3585651 0.3797547 0.3983785 0.2254500 0.2351202 0.2902387 0.2737772 0.1961056 0.1845059 0.1228070 0.0611748 0.0000000 0.2816247 0.2812747 0.2949697 0.2946329 
taxon16    0.3006569 0.2856651 0.3004959 0.2373356 0.3131607 0.3698061 0.3420775 0.1911451 0.2666593 0.2597611 0.2480131 0.2349813 0.2235360 0.2566311 0.2735683 0.2816247 0.0000000 0.0677191 0.1275127 0.0896911 
taxon17    0.2953915 0.2721360 0.2872564 0.2217857 0.2840769 0.3360530 0.3070507 0.1846977 0.2630727 0.2409374 0.2417824 0.2164194 0.2229710 0.2669323 0.2654291 0.2812747 0.0677191 0.0000000 0.1191628 0.0909046 
taxon18    0.3072184 0.2882947 0.2981466 0.2500530 0.3272705 0.3505975 0.3373720 0.2127070 0.2921609 0.2582801 0.2559135 0.2486505 0.2385633 0.2880298 0.2823463 0.2949697 0.1275127 0.1191628 0.0000000 0.0945893 
taxon19    0.2954420 0.2663382 0.2813290 0.2225875 0.3063171 0.3467631 0.3189853 0.1869376 0.2816595 0.2394313 0.2249948 0.2284303 0.2196286 0.2829819 0.2801854 0.2946329 0.0896911 0.0909046 0.0945893 0.0000000 
