20
taxon0     0.0000000 0.2230126 0.1795008 0.2946021 0.3361788 0.4618246 0.3821927 0.3081590 0.4150944 0.4105677 0.6303824 0.8317589 0.7925380 0.7051125 0.6835591 0.6324227 0.6762137 0.7027725 0.7456229 0.7655424 
taxon1     0.2230126 0.0000000 0.1093778 0.3914124 0.4011222 0.5559766 0.4620544 0.4187530 0.5001580 0.5191142 0.6943050 0.8694065 0.8637507 0.7728898 0.7177465 0.7088755 0.7385595 0.7694857 0.8300272 0.8140336 
taxon2     0.1795008 0.1093778 0.0000000 0.3284156 0.3606828 0.4757372 0.3931860 0.3650286 0.4364912 0.4684429 0.6519534 0.8251713 0.8096336 0.7357456 0.7286114 0.7132265 0.7085463 0.7502981 0.7664984 0.7741213 
taxon3     0.2946021 0.3914124 0.3284156 0.0000000 0.1700327 0.5184893 0.4290695 0.3979364 0.4830321 0.4881802 0.7049154 0.8595779 0.8421476 0.7986277 0.6902988 0.7064554 0.6900044 0.7038080 0.8011844 0.7684217 
taxon4     0.3361788 0.4011222 0.3606828 0.1700327 0.0000000 0.5183054 0.4576958 0.3960054 0.4951995 0.5373881 0.7348130 0.8458775 0.8723335 0.7900468 0.6721529 0.6975122 0.6963250 0.7100184 0.8090908 0.7945289 
taxon5     0.4618246 0.5559766 0.4757372 0.5184893 0.5183054 0.0000000 0.1757070 0.2742653 0.3291300 0.3702357 0.6811646 0.7674125 0.7787348 0.7201367 0.7596262 0.6876127 0.6683224 0.7104816 0.8213701 0.7811585 
taxon6     0.3821927 0.4620544 0.3931860 0.4290695 0.4576958 0.1757070 0.0000000 0.2067543 0.2953066 0.3236769 0.6019425 0.6816653 0.7064048 0.6464039 0.6525618 0.6170715 0.6422553 0.6258943 0.7469035 0.7192208 
taxon7     0.3081590 0.4187530 0.3650286 0.3979364 0.3960054 0.2742653 0.2067543 0.0000000 0.1142727 0.1569354 0.6129915 0.7280668 0.7698196 0.6541099 0.6373783 0.6156491 0.6574688 0.6408771 0.7177249 0.6911200 
taxon8     0.4150944 0.5001580 0.4364912 0.4830321 0.4951995 0.3291300 0.2953066 0.1142727 0.0000000 0.1137394 0.6751097 0.7977508 0.8214000 0.7052328 0.6548163 0.6665909 0.6877216 0.6935568 0.7363075 0.7385266 
taxon9     0.4105677 0.5191142 0.4684429 0.4881802 0.5373881 0.3702357 0.3236769 0.1569354 0.1137394 0.0000000 0.7217749 0.8185654 0.8281341 0.7739817 0.7029494 0.6971918 0.7404447 0.7074817 0.7661756 0.7709467 
taxon10    0.6303824 0.6943050 0.6519534 0.7049154 0.7348130 0.6811646 0.6019425 0.6129915 0.6751097 0.7217749 0.0000000 0.3129281 0.3801380 0.3498873 0.4293214 0.4551491 0.5655146 0.5569336 0.6455124 0.6410154 
taxon11    0.8317589 0.8694065 0.8251713 0.8595779 0.8458775 0.7674125 0.6816653 0.7280668 0.7977508 0.8185654 0.3129281 0.0000000 0.3057194 0.2439803 0.5764626 0.6337267 0.6944569 0.7507398 0.8124483 0.7954064 
taxon12    0.7925380 0.8637507 0.8096336 0.8421476 0.8723335 0.7787348 0.7064048 0.7698196 0.8214000 0.8281341 0.3801380 0.3057194 0.0000000 0.1842140 0.6300293 0.6377469 0.7218712 0.7484927 0.8148969 0.7897446 
taxon13    0.7051125 0.7728898 0.7357456 0.7986277 0.7900468 0.7201367 0.6464039 0.6541099 0.7052328 0.7739817 0.3498873 0.2439803 0.1842140 0.0000000 0.6406738 0.6085715 0.6843080 0.6882016 0.7381505 0.7286322 
taxon14    0.6835591 0.7177465 0.7286114 0.6902988 0.6721529 0.7596262 0.6525618 0.6373783 0.6548163 0.7029494 0.4293214 0.5764626 0.6300293 0.6406738 0.0000000 0.2681322 0.3753641 0.3926946 0.4742116 0.4520285 
taxon15    0.6324227 0.7088755 0.7132265 0.7064554 0.6975122 0.6876127 0.6170715 0.6156491 0.6665909 0.6971918 0.4551491 0.6337267 0.6377469 0.6085715 0.2681322 0.0000000 0.2844615 0.3004001 0.3863845 0.3745185 
taxon16    0.6762137 0.7385595 0.7085463 0.6900044 0.6963250 0.6683224 0.6422553 0.6574688 0.6877216 0.7404447 0.5655146 0.6944569 0.7218712 0.6843080 0.3753641 0.2844615 0.0000000 0.2017290 0.2968594 0.2623367 
taxon17    0.7027725 0.7694857 0.7502981 0.7038080 0.7100184 0.7104816 0.6258943 0.6408771 0.6935568 0.7074817 0.5569336 0.7507398 0.7484927 0.6882016 0.3926946 0.3004001 0.2017290 0.0000000 0.2080414 0.2075237 
taxon18    0.7456229 0.8300272 0.7664984 0.8011844 0.8090908 0.8213701 0.7469035 0.7177249 0.7363075 0.7661756 0.6455124 0.8124483 0.8148969 0.7381505 0.4742116 0.3863845 0.2968594 0.2080414 0.0000000 0.1982564 
taxon19    0.7655424 0.8140336 0.7741213 0.7684217 0.7945289 0.7811585 0.7192208 0.6911200 0.7385266 0.7709467 0.6410154 0.7954064 0.7897446 0.7286322 0.4520285 0.3745185 0.2623367 0.2075237 0.1982564 0.0000000 
