20
taxon0     0.0000000 0.0245906 0.0506402 0.0923948 0.0863346 0.1353419 0.1292066 0.1956189 0.1305207 0.1988358 0.1674491 0.1582781 0.1283235 0.1738573 0.1061680 0.1175310 0.3480366 0.3222939 0.2890858 0.2963419 
taxon1     0.0245906 0.0000000 0.0247202 0.0703386 0.0646219 0.1112981 0.1054131 0.1775853 0.1064459 0.1800139 0.1475934 0.1335469 0.1055859 0.1425531 0.0829757 0.0887600 0.3249404 0.2999454 0.2676627 0.2811826 
taxon2     0.0506402 0.0247202 0.0000000 0.0872248 0.0812192 0.1298967 0.1237930 0.1926293 0.1007179 0.1737609 0.1415907 0.1277092 0.1127119 0.1629620 0.1010189 0.0955573 0.3523341 0.3262703 0.3007231 0.2997971 
taxon3     0.0923948 0.0703386 0.0872248 0.0000000 0.0241141 0.0674161 0.0619010 0.2168459 0.1475989 0.2179644 0.1783803 0.1516768 0.1463952 0.1919674 0.1342804 0.1286508 0.3803903 0.3380570 0.3193774 0.3043899 
taxon4     0.0863346 0.0646219 0.0812192 0.0241141 0.0000000 0.0609945 0.0556169 0.2152597 0.1405921 0.2098974 0.1589681 0.1332043 0.1394528 0.1842917 0.1275187 0.1219685 0.3803817 0.3235158 0.3193377 0.3043445 
taxon5     0.1353419 0.1112981 0.1298967 0.0674161 0.0609945 0.0000000 0.0048052 0.2598214 0.1897591 0.2527907 0.2097974 0.1877441 0.1810752 0.2375434 0.1751442 0.1690943 0.4058523 0.3464913 0.3420677 0.3410461 
taxon6     0.1292066 0.1054131 0.1237930 0.0619010 0.0556169 0.0048052 0.0000000 0.2521477 0.1829558 0.2453122 0.2027961 0.1810223 0.1744172 0.2302451 0.1685305 0.1625413 0.4049168 0.3457247 0.3413151 0.3402970 
taxon7     0.1956189 0.1775853 0.1926293 0.2168459 0.2152597 0.2598214 0.2521477 0.0000000 0.1130670 0.1672498 0.1619479 0.1533598 0.1256209 0.1528704 0.1306530 0.1075514 0.3631180 0.3296690 0.3133650 0.3124142 
taxon8     0.1305207 0.1064459 0.1007179 0.1475989 0.1405921 0.1897591 0.1829558 0.1130670 0.0000000 0.0727800 0.0503105 0.0393221 0.0761238 0.1173523 0.0550984 0.0602060 0.3409350 0.3118992 0.2823794 0.2685344 
taxon9     0.1988358 0.1800139 0.1737609 0.2179644 0.2098974 0.2527907 0.2453122 0.1672498 0.0727800 0.0000000 0.0957387 0.0831609 0.1466464 0.1877163 0.1235611 0.1230025 0.4015080 0.3609878 0.3750391 0.3595945 
taxon10    0.1674491 0.1475934 0.1415907 0.1783803 0.1589681 0.2097974 0.2027961 0.1619479 0.0503105 0.0957387 0.0000000 0.0395704 0.1147723 0.1590069 0.0926567 0.0979757 0.3773452 0.3163797 0.3217025 0.3160718 
taxon11    0.1582781 0.1335469 0.1277092 0.1516768 0.1332043 0.1877441 0.1810223 0.1533598 0.0393221 0.0831609 0.0395704 0.0000000 0.1019607 0.1446435 0.0804862 0.0856667 0.3677351 0.3083520 0.3223490 0.2941269 
taxon12    0.1283235 0.1055859 0.1127119 0.1463952 0.1394528 0.1810752 0.1744172 0.1256209 0.0761238 0.1466464 0.1147723 0.1019607 0.0000000 0.1045941 0.0545972 0.0443668 0.3340129 0.3043521 0.2940013 0.2931056 
taxon13    0.1738573 0.1425531 0.1629620 0.1919674 0.1842917 0.2375434 0.2302451 0.1528704 0.1173523 0.1877163 0.1590069 0.1446435 0.1045941 0.0000000 0.0661271 0.0611121 0.3683897 0.3197212 0.3081976 0.3224018 
taxon14    0.1061680 0.0829757 0.1010189 0.1342804 0.1275187 0.1751442 0.1685305 0.1306530 0.0550984 0.1235611 0.0926567 0.0804862 0.0545972 0.0661271 0.0000000 0.0193464 0.3090242 0.2821673 0.2590160 0.2653625 
taxon15    0.1175310 0.0887600 0.0955573 0.1286508 0.1219685 0.1690943 0.1625413 0.1075514 0.0602060 0.1230025 0.0979757 0.0856667 0.0443668 0.0611121 0.0193464 0.0000000 0.3237117 0.2826586 0.2726923 0.2718506 
taxon16    0.3480366 0.3249404 0.3523341 0.3803903 0.3803817 0.4058523 0.4049168 0.3631180 0.3409350 0.4015080 0.3773452 0.3677351 0.3340129 0.3683897 0.3090242 0.3237117 0.0000000 0.1104441 0.1335537 0.1449952 
taxon17    0.3222939 0.2999454 0.3262703 0.3380570 0.3235158 0.3464913 0.3457247 0.3296690 0.3118992 0.3609878 0.3163797 0.3083520 0.3043521 0.3197212 0.2821673 0.2826586 0.1104441 0.0000000 0.0604195 0.0708505 
taxon18    0.2890858 0.2676627 0.3007231 0.3193774 0.3193377 0.3420677 0.3413151 0.3133650 0.2823794 0.3750391 0.3217025 0.3223490 0.2940013 0.3081976 0.2590160 0.2726923 0.1335537 0.0604195 0.0000000 0.0193166 
taxon19    0.2963419 0.2811826 0.2997971 0.3043899 0.3043445 0.3410461 0.3402970 0.3124142 0.2685344 0.3595945 0.3160718 0.2941269 0.2931056 0.3224018 0.2653625 0.2718506 0.1449952 0.0708505 0.0193166 0.0000000 
