20
taxon0     0.0000000 0.0998059 0.0995979 0.1513260 0.1664923 0.1730402 0.1540764 0.3598342 0.3554888 0.3733144 0.3239187 0.3514418 0.4172098 0.4767015 0.3678892 0.3956273 0.4064775 0.4254642 0.4876904 0.4400154 
taxon1     0.0998059 0.0000000 0.0149376 0.1420709 0.1497726 0.1507481 0.1369695 0.3082090 0.2999814 0.3170974 0.3159954 0.3272004 0.4166027 0.4056964 0.3642192 0.3724096 0.4014632 0.4374127 0.4750501 0.4533674 
taxon2     0.0995979 0.0149376 0.0000000 0.1411748 0.1606036 0.1616285 0.1476867 0.3059924 0.3061735 0.3155187 0.3222548 0.3335319 0.4132844 0.4180878 0.3558637 0.3719173 0.4074441 0.4344281 0.4631540 0.4418275 
taxon3     0.1513260 0.1420709 0.1411748 0.0000000 0.0504419 0.0509247 0.0454244 0.2971316 0.2815162 0.2979941 0.3105141 0.3374735 0.3763711 0.4033216 0.3745215 0.4021670 0.4196959 0.3773129 0.4314076 0.4011648 
taxon4     0.1664923 0.1497726 0.1606036 0.0504419 0.0000000 0.0463220 0.0355050 0.2847885 0.2692337 0.2856133 0.3184226 0.3359158 0.4133219 0.4036840 0.3809514 0.3981091 0.4087076 0.4048070 0.4495070 0.4185091 
taxon5     0.1730402 0.1507481 0.1616285 0.0509247 0.0463220 0.0000000 0.0251988 0.3047590 0.2887698 0.3056637 0.3184883 0.3370986 0.4140531 0.4052992 0.3881403 0.4162223 0.4273576 0.3981227 0.4453901 0.4143908 
taxon6     0.1540764 0.1369695 0.1476867 0.0454244 0.0355050 0.0251988 0.0000000 0.2928997 0.2770314 0.2937640 0.3101167 0.3281413 0.3931900 0.3805260 0.3766508 0.4004442 0.4111873 0.3864167 0.4232480 0.3932095 
taxon7     0.3598342 0.3082090 0.3059924 0.2971316 0.2847885 0.3047590 0.2928997 0.0000000 0.0559604 0.0451063 0.1579122 0.1868374 0.4028575 0.3832801 0.3857057 0.4027211 0.4327450 0.4461083 0.4635018 0.4334966 
taxon8     0.3554888 0.2999814 0.3061735 0.2815162 0.2692337 0.2887698 0.2770314 0.0559604 0.0000000 0.0302648 0.1718690 0.1870195 0.4350775 0.4110530 0.4030148 0.3790345 0.4245450 0.4337978 0.4612780 0.4217708 
taxon9     0.3733144 0.3170974 0.3155187 0.2979941 0.2856133 0.3056637 0.2937640 0.0451063 0.0302648 0.0000000 0.1656167 0.1951413 0.4256833 0.4017983 0.4153037 0.4006086 0.4372278 0.4463075 0.4639515 0.4339172 
taxon10    0.3239187 0.3159954 0.3222548 0.3105141 0.3184226 0.3184883 0.3101167 0.1579122 0.1718690 0.1656167 0.0000000 0.0470147 0.4075928 0.4587640 0.3700423 0.4030328 0.4319734 0.4527073 0.4915598 0.4693510 
taxon11    0.3514418 0.3272004 0.3335319 0.3374735 0.3359158 0.3370986 0.3281413 0.1868374 0.1870195 0.1951413 0.0470147 0.0000000 0.4614811 0.4764003 0.3948448 0.4191131 0.4592901 0.5107700 0.5087376 0.4950672 
taxon12    0.4172098 0.4166027 0.4132844 0.3763711 0.4133219 0.4140531 0.3931900 0.4028575 0.4350775 0.4256833 0.4075928 0.4614811 0.0000000 0.0776129 0.2518618 0.3050406 0.3338672 0.2573680 0.3240460 0.2996865 
taxon13    0.4767015 0.4056964 0.4180878 0.4033216 0.4036840 0.4052992 0.3805260 0.3832801 0.4110530 0.4017983 0.4587640 0.4764003 0.0776129 0.0000000 0.2857957 0.2937291 0.3124027 0.2883232 0.3146538 0.3054117 
taxon14    0.3678892 0.3642192 0.3558637 0.3745215 0.3809514 0.3881403 0.3766508 0.3857057 0.4030148 0.4153037 0.3700423 0.3948448 0.2518618 0.2857957 0.0000000 0.0947846 0.0980970 0.1966979 0.2341940 0.2203759 
taxon15    0.3956273 0.3724096 0.3719173 0.4021670 0.3981091 0.4162223 0.4004442 0.4027211 0.3790345 0.4006086 0.4030328 0.4191131 0.3050406 0.2937291 0.0947846 0.0000000 0.0667361 0.1899136 0.2235890 0.2037078 
taxon16    0.4064775 0.4014632 0.4074441 0.4196959 0.4087076 0.4273576 0.4111873 0.4327450 0.4245450 0.4372278 0.4319734 0.4592901 0.3338672 0.3124027 0.0980970 0.0667361 0.0000000 0.2265819 0.2645090 0.2495716 
taxon17    0.4254642 0.4374127 0.4344281 0.3773129 0.4048070 0.3981227 0.3864167 0.4461083 0.4337978 0.4463075 0.4527073 0.5107700 0.2573680 0.2883232 0.1966979 0.1899136 0.2265819 0.0000000 0.0719247 0.0503172 
taxon18    0.4876904 0.4750501 0.4631540 0.4314076 0.4495070 0.4453901 0.4232480 0.4635018 0.4612780 0.4639515 0.4915598 0.5087376 0.3240460 0.3146538 0.2341940 0.2235890 0.2645090 0.0719247 0.0000000 0.0298983 
taxon19    0.4400154 0.4533674 0.4418275 0.4011648 0.4185091 0.4143908 0.3932095 0.4334966 0.4217708 0.4339172 0.4693510 0.4950672 0.2996865 0.3054117 0.2203759 0.2037078 0.2495716 0.0503172 0.0298983 0.0000000 
