20
taxon0     0.0000000 0.0465607 0.0519777 0.0672955 0.0782635 0.0842977 0.0678840 0.0840479 0.0732653 0.0788887 0.0788887 0.1014245 0.1068661 0.1068523 0.0905457 0.1002896 0.1064009 0.3138809 0.3064968 0.2893773 
taxon1     0.0465607 0.0000000 0.0101467 0.0513948 0.0513404 0.0844016 0.0678247 0.0625207 0.0412569 0.0628779 0.0628779 0.0850860 0.0904894 0.0847803 0.0686812 0.0676051 0.0733721 0.3059978 0.2835834 0.2816979 
taxon2     0.0519777 0.0101467 0.0000000 0.0622431 0.0621759 0.0901079 0.0733882 0.0736173 0.0520463 0.0625273 0.0625273 0.0846076 0.0899810 0.0962677 0.0799831 0.0787299 0.0846368 0.3223744 0.2995492 0.2975756 
taxon3     0.0672955 0.0513948 0.0622431 0.0000000 0.0202041 0.0573062 0.0622661 0.0464771 0.0358899 0.0572993 0.0572993 0.0792948 0.0846611 0.0678589 0.0630265 0.0620400 0.0677308 0.2895966 0.2823484 0.3085407 
taxon4     0.0782635 0.0513404 0.0621759 0.0202041 0.0000000 0.0678846 0.0728121 0.0360300 0.0358520 0.0572379 0.0572379 0.0682033 0.0735191 0.0677860 0.0629583 0.0569457 0.0676581 0.2892130 0.2819761 0.3024569 
taxon5     0.0842977 0.0844016 0.0901079 0.0573062 0.0678846 0.0000000 0.0253765 0.0515673 0.0623918 0.0572801 0.0572801 0.0682274 0.0735453 0.0846436 0.0793793 0.0783911 0.0732262 0.3157842 0.3215938 0.3166310 
taxon6     0.0678840 0.0678247 0.0733882 0.0622661 0.0728121 0.0253765 0.0000000 0.0565002 0.0673204 0.0622373 0.0622373 0.0731765 0.0784767 0.0895596 0.0843186 0.0832793 0.0781383 0.3207114 0.3275231 0.3240528 
taxon7     0.0840479 0.0625207 0.0736173 0.0464771 0.0360300 0.0515673 0.0565002 0.0000000 0.0202205 0.0306125 0.0306125 0.0517673 0.0569971 0.0515965 0.0360161 0.0458730 0.0513607 0.2969666 0.2888241 0.2999737 
taxon8     0.0732653 0.0412569 0.0520463 0.0358899 0.0358520 0.0623918 0.0673204 0.0202205 0.0000000 0.0203319 0.0203319 0.0412588 0.0464595 0.0411261 0.0256323 0.0252276 0.0305040 0.2968331 0.2738630 0.2861508 
taxon9     0.0788887 0.0628779 0.0625273 0.0572993 0.0572379 0.0572801 0.0622373 0.0306125 0.0203319 0.0000000 0.0000010 0.0202715 0.0253629 0.0307584 0.0256439 0.0253171 0.0306117 0.2989588 0.3047428 0.3020751 
taxon10    0.0788887 0.0628779 0.0625273 0.0572993 0.0572379 0.0572801 0.0622373 0.0306125 0.0203319 0.0000010 0.0000000 0.0202715 0.0253629 0.0307584 0.0256439 0.0253171 0.0306117 0.2989588 0.3047428 0.3020751 
taxon11    0.1014245 0.0850860 0.0846076 0.0792948 0.0682033 0.0682274 0.0731765 0.0517673 0.0412588 0.0202715 0.0202715 0.0000000 0.0049971 0.0414822 0.0413539 0.0358133 0.0305396 0.3160828 0.3362137 0.3275619 
taxon12    0.1068661 0.0904894 0.0899810 0.0846611 0.0735191 0.0735453 0.0784767 0.0569971 0.0464595 0.0253629 0.0253629 0.0049971 0.0000000 0.0467086 0.0465645 0.0409682 0.0356631 0.3229527 0.3431171 0.3344241 
taxon13    0.1068523 0.0847803 0.0962677 0.0678589 0.0677860 0.0846436 0.0895596 0.0515965 0.0411261 0.0307584 0.0307584 0.0414822 0.0467086 0.0000000 0.0355042 0.0356917 0.0358333 0.2981930 0.3344001 0.3315239 
taxon14    0.0905457 0.0686812 0.0799831 0.0630265 0.0629583 0.0793793 0.0843186 0.0360161 0.0256323 0.0256439 0.0256439 0.0413539 0.0465645 0.0355042 0.0000000 0.0305959 0.0359675 0.3051185 0.2968856 0.3108690 
taxon15    0.1002896 0.0676051 0.0787299 0.0620400 0.0569457 0.0783911 0.0832793 0.0458730 0.0252276 0.0253171 0.0253171 0.0358133 0.0409682 0.0356917 0.0305959 0.0000000 0.0150586 0.3180105 0.3084889 0.3061075 
taxon16    0.1064009 0.0733721 0.0846368 0.0677308 0.0676581 0.0732262 0.0781383 0.0513607 0.0305040 0.0306117 0.0306117 0.0305396 0.0356631 0.0358333 0.0359675 0.0150586 0.0000000 0.3196919 0.3177621 0.3303680 
taxon17    0.3138809 0.3059978 0.3223744 0.2895966 0.2892130 0.3157842 0.3207114 0.2969666 0.2968331 0.2989588 0.2989588 0.3160828 0.3229527 0.2981930 0.3051185 0.3180105 0.3196919 0.0000000 0.0360528 0.0576777 
taxon18    0.3064968 0.2835834 0.2995492 0.2823484 0.2819761 0.3215938 0.3275231 0.2888241 0.2738630 0.3047428 0.3047428 0.3362137 0.3431171 0.3344001 0.2968856 0.3084889 0.3177621 0.0360528 0.0000000 0.0416430 
taxon19    0.2893773 0.2816979 0.2975756 0.3085407 0.3024569 0.3166310 0.3240528 0.2999737 0.2861508 0.3020751 0.3020751 0.3275619 0.3344241 0.3315239 0.3108690 0.3061075 0.3303680 0.0576777 0.0416430 0.0000000 
