20
taxon0     0.0000000 0.0285417 0.0190436 0.0190584 0.0644923 0.0546794 0.0439061 0.0698844 0.0761751 0.0653212 0.0600889 0.0650539 0.3194356 0.3360696 0.2988330 0.3155915 0.3063917 0.3132921 0.3149713 0.3212202 
taxon1     0.0285417 0.0000000 0.0287575 0.0190456 0.0546154 0.0445630 0.0339841 0.0495990 0.0555444 0.0550149 0.0498438 0.0548347 0.3076142 0.3241642 0.3000117 0.3295615 0.3341193 0.3411689 0.3031216 0.3225033 
taxon2     0.0190436 0.0287575 0.0000000 0.0095103 0.0600772 0.0551119 0.0541854 0.0704406 0.0767905 0.0760970 0.0707754 0.0655722 0.3174511 0.3342393 0.2966517 0.3263450 0.3203264 0.3273051 0.3129368 0.3192419 
taxon3     0.0190584 0.0190456 0.0095103 0.0000000 0.0650553 0.0448014 0.0440404 0.0599859 0.0661398 0.0655259 0.0602767 0.0551305 0.3229229 0.3397737 0.3020649 0.3318585 0.3364418 0.3435498 0.3184155 0.3247491 
taxon4     0.0644923 0.0546154 0.0600772 0.0650553 0.0000000 0.0288699 0.0440012 0.0386683 0.0543188 0.0538088 0.0487433 0.0536358 0.3030534 0.3127226 0.2955427 0.3385601 0.3436803 0.3374103 0.2985926 0.3177643 
taxon5     0.0546794 0.0445630 0.0551119 0.0448014 0.0288699 0.0000000 0.0440214 0.0386858 0.0392569 0.0438922 0.0388777 0.0339371 0.3041682 0.3213113 0.2909976 0.3341117 0.3386562 0.3323603 0.3070403 0.3132508 
taxon6     0.0439061 0.0339841 0.0541854 0.0440404 0.0440012 0.0440214 0.0000000 0.0243277 0.0499656 0.0345262 0.0344621 0.0493243 0.3212930 0.3312178 0.3135857 0.3306939 0.3352688 0.3289497 0.3168050 0.3363911 
taxon7     0.0698844 0.0495990 0.0704406 0.0599859 0.0386683 0.0386858 0.0243277 0.0000000 0.0444658 0.0390761 0.0390039 0.0438928 0.3044113 0.3141275 0.2968646 0.3400780 0.3446019 0.3383018 0.2999358 0.3191933 
taxon8     0.0761751 0.0555444 0.0767905 0.0661398 0.0543188 0.0392569 0.0499656 0.0444658 0.0000000 0.0289971 0.0240830 0.0240901 0.3096875 0.3327385 0.3150526 0.3591652 0.3636826 0.3572864 0.3182888 0.3255461 
taxon9     0.0653212 0.0550149 0.0760970 0.0655259 0.0538088 0.0438922 0.0345262 0.0390761 0.0289971 0.0000000 0.0142741 0.0286163 0.3209160 0.3308405 0.3132091 0.3443331 0.3488867 0.3425217 0.3164264 0.3360138 
taxon10    0.0600889 0.0498438 0.0707754 0.0602767 0.0487433 0.0388777 0.0344621 0.0390039 0.0240830 0.0142741 0.0000000 0.0237637 0.3134532 0.3232871 0.3058159 0.3366640 0.3412218 0.3348933 0.3089686 0.3284123 
taxon11    0.0650539 0.0548347 0.0655722 0.0551305 0.0536358 0.0339371 0.0493243 0.0438928 0.0240901 0.0286163 0.0237637 0.0000000 0.3197099 0.3295931 0.2990472 0.3424806 0.3470139 0.3406875 0.3152332 0.3215013 
taxon12    0.3194356 0.3076142 0.3174511 0.3229229 0.3030534 0.3041682 0.3212930 0.3044113 0.3096875 0.3209160 0.3134532 0.3197099 0.0000000 0.0386368 0.0236085 0.0530229 0.0630476 0.0680583 0.0432392 0.0388660 
taxon13    0.3360696 0.3241642 0.3342393 0.3397737 0.3127226 0.3213113 0.3312178 0.3141275 0.3327385 0.3308405 0.3232871 0.3295931 0.0386368 0.0000000 0.0336598 0.0637560 0.0739887 0.0740344 0.0476313 0.0599040 
taxon14    0.2988330 0.3000117 0.2966517 0.3020649 0.2955427 0.2909976 0.3135857 0.2968646 0.3150526 0.3132091 0.3058159 0.2990472 0.0236085 0.0336598 0.0000000 0.0285981 0.0383708 0.0432673 0.0382630 0.0439934 
taxon15    0.3155915 0.3295615 0.3263450 0.3318585 0.3385601 0.3341117 0.3306939 0.3400780 0.3591652 0.3443331 0.3366640 0.3424806 0.0530229 0.0637560 0.0285981 0.0000000 0.0190934 0.0239212 0.0683375 0.0747949 
taxon16    0.3063917 0.3341193 0.3203264 0.3364418 0.3436803 0.3386562 0.3352688 0.3446019 0.3636826 0.3488867 0.3412218 0.3470139 0.0630476 0.0739887 0.0383708 0.0190934 0.0000000 0.0046562 0.0785626 0.0852526 
taxon17    0.3132921 0.3411689 0.3273051 0.3435498 0.3374103 0.3323603 0.3289497 0.3383018 0.3572864 0.3425217 0.3348933 0.3406875 0.0680583 0.0740344 0.0432673 0.0239212 0.0046562 0.0000000 0.0836681 0.0904718 
taxon18    0.3149713 0.3031216 0.3129368 0.3184155 0.2985926 0.3070403 0.3168050 0.2999358 0.3182888 0.3164264 0.3089686 0.3152332 0.0432392 0.0476313 0.0382630 0.0683375 0.0785626 0.0836681 0.0000000 0.0545938 
taxon19    0.3212202 0.3225033 0.3192419 0.3247491 0.3177643 0.3132508 0.3363911 0.3191933 0.3255461 0.3360138 0.3284123 0.3215013 0.0388660 0.0599040 0.0439934 0.0747949 0.0852526 0.0904718 0.0545938 0.0000000 
