20
taxon0     0.0000000 0.3829818 0.5329883 0.6569714 0.7048147 0.7062427 0.8853238 0.6630068 0.8160564 0.8126458 0.7204007 0.9726248 0.9134613 1.3649274 1.6656244 1.3253842 1.4662124 1.4197261 1.5277707 1.4367150 
taxon1     0.3829818 0.0000000 0.3820362 0.8287033 0.8906497 0.7718805 0.9658991 0.7716245 0.9637661 0.9999986 0.9365064 1.0285706 0.9418583 1.4678243 1.6495795 1.4089264 1.2515127 1.3747923 1.5225036 1.4670031 
taxon2     0.5329883 0.3820362 0.0000000 0.8949560 1.0250140 0.9502332 1.1796769 0.9417141 1.1835864 1.0812589 1.0120433 1.1703043 1.0203897 1.4140570 1.5432032 1.3929245 1.4546349 1.5712435 1.5360862 1.4551171 
taxon3     0.6569714 0.8287033 0.8949560 0.0000000 0.7338461 0.7270751 0.9021140 0.6654971 1.0005734 0.9455133 0.8380230 0.9847485 0.9930511 1.5398851 1.7597111 1.4211400 1.3824780 1.3092205 1.5346974 1.4690073 
taxon4     0.7048147 0.8906497 1.0250140 0.7338461 0.0000000 0.3216153 0.5343382 0.4164507 0.9247611 0.9978201 0.8323320 1.0540631 1.0966306 1.5779409 1.6098433 1.5031660 1.4388489 1.4878458 1.4647610 1.4719490 
taxon5     0.7062427 0.7718805 0.9502332 0.7270751 0.3216153 0.0000000 0.4855130 0.3019751 0.9515799 0.9516735 0.8138369 1.0567576 1.0775059 1.6071872 1.7338317 1.5615852 1.4175848 1.4476000 1.3718251 1.5052644 
taxon6     0.8853238 0.9658991 1.1796769 0.9021140 0.5343382 0.4855130 0.0000000 0.3350460 1.1364050 1.2106522 1.0606687 1.1836844 1.2309056 1.7498096 1.8885860 1.6657839 1.5303066 1.5855010 1.5576188 1.6882539 
taxon7     0.6630068 0.7716245 0.9417141 0.6654971 0.4164507 0.3019751 0.3350460 0.0000000 1.0076050 1.0414280 0.9306690 1.0983264 1.0466011 1.5213145 1.7750097 1.6573320 1.4327565 1.4831668 1.3989210 1.4889064 
taxon8     0.8160564 0.9637661 1.1835864 1.0005734 0.9247611 0.9515799 1.1364050 1.0076050 0.0000000 0.4828068 0.2918428 0.5213703 0.5116001 1.4610846 1.5201974 1.2080621 1.1431078 1.2284992 1.1152792 1.1379769 
taxon9     0.8126458 0.9999986 1.0812589 0.9455133 0.9978201 0.9516735 1.2106522 1.0414280 0.4828068 0.0000000 0.3503663 0.6524746 0.5932532 1.4006080 1.4826833 1.3458320 1.2370462 1.3175357 1.1835287 1.0928686 
taxon10    0.7204007 0.9365064 1.0120433 0.8380230 0.8323320 0.8138369 1.0606687 0.9306690 0.2918428 0.3503663 0.0000000 0.3537726 0.3515873 1.2634026 1.3758378 1.1275450 1.0977315 1.1545716 0.9942095 0.9175784 
taxon11    0.9726248 1.0285706 1.1703043 0.9847485 1.0540631 1.0567576 1.1836844 1.0983264 0.5213703 0.6524746 0.3537726 0.0000000 0.3328313 1.4349189 1.5108941 1.1848996 1.2052928 1.2148869 1.0599148 1.0615727 
taxon12    0.9134613 0.9418583 1.0203897 0.9930511 1.0966306 1.0775059 1.2309056 1.0466011 0.5116001 0.5932532 0.3515873 0.3328313 0.0000000 1.3832546 1.4085453 1.2598241 1.1829104 1.2694554 1.0964035 1.0675937 
taxon13    1.3649274 1.4678243 1.4140570 1.5398851 1.5779409 1.6071872 1.7498096 1.5213145 1.4610846 1.4006080 1.2634026 1.4349189 1.3832546 0.0000000 0.3844983 0.6246160 0.9023977 0.9695626 0.9295713 0.9022108 
taxon14    1.6656244 1.6495795 1.5432032 1.7597111 1.6098433 1.7338317 1.8885860 1.7750097 1.5201974 1.4826833 1.3758378 1.5108941 1.4085453 0.3844983 0.0000000 0.6903654 0.9730086 1.0739997 0.9631066 0.9516574 
taxon15    1.3253842 1.4089264 1.3929245 1.4211400 1.5031660 1.5615852 1.6657839 1.6573320 1.2080621 1.3458320 1.1275450 1.1848996 1.2598241 0.6246160 0.6903654 0.0000000 0.8825419 0.9944647 0.8457168 0.7268760 
taxon16    1.4662124 1.2515127 1.4546349 1.3824780 1.4388489 1.4175848 1.5303066 1.4327565 1.1431078 1.2370462 1.0977315 1.2052928 1.1829104 0.9023977 0.9730086 0.8825419 0.0000000 0.4372101 0.4771608 0.4741117 
taxon17    1.4197261 1.3747923 1.5712435 1.3092205 1.4878458 1.4476000 1.5855010 1.4831668 1.2284992 1.3175357 1.1545716 1.2148869 1.2694554 0.9695626 1.0739997 0.9944647 0.4372101 0.0000000 0.6662736 0.6152907 
taxon18    1.5277707 1.5225036 1.5360862 1.5346974 1.4647610 1.3718251 1.5576188 1.3989210 1.1152792 1.1835287 0.9942095 1.0599148 1.0964035 0.9295713 0.9631066 0.8457168 0.4771608 0.6662736 0.0000000 0.3065295 
taxon19    1.4367150 1.4670031 1.4551171 1.4690073 1.4719490 1.5052644 1.6882539 1.4889064 1.1379769 1.0928686 0.9175784 1.0615727 1.0675937 0.9022108 0.9516574 0.7268760 0.4741117 0.6152907 0.3065295 0.0000000 
