20
taxon0     0.0000000 1.7922852 2.1422499 1.6580129 2.4862777 2.0791442 3.0377872 2.7951234 2.9822626 2.1605233 2.5138851 2.7124251 1.3365430 4.0203676 2.8161294 3.9422767 4.7096973 3.5951944 4.4345966 4.0882573 
taxon1     1.7922852 0.0000000 1.1481975 1.2147089 5.0226941 5.3159591 5.0198589 5.2650877 4.1517675 4.6936710 4.8814525 5.2994660 3.7323462 7.9458444 4.0396256 6.8860137 7.1942875 8.9999983 8.9999987 8.9999986 
taxon2     2.1422499 1.1481975 0.0000000 1.7613491 7.1385208 5.0628596 4.9498039 5.1004904 4.5323736 6.5326066 4.1758328 5.4953343 4.4439098 6.9069957 7.2977611 8.9999988 8.9999989 6.4977642 7.2518841 6.1674698 
taxon3     1.6580129 1.2147089 1.7613491 0.0000000 3.8291259 4.3124161 4.8932338 3.4098514 3.8466273 4.4086091 4.3808669 4.7700848 2.8906977 5.5308419 4.7189043 3.8279932 5.7893428 3.7577110 5.6584732 8.9999981 
taxon4     2.4862777 5.0226941 7.1385208 3.8291259 0.0000000 1.3079727 6.5958154 4.5838560 4.7318251 3.9246650 6.4295920 5.1027330 3.8952992 6.5460033 3.7676996 4.0387825 5.8662437 5.2580905 6.4485952 8.9999988 
taxon5     2.0791442 5.3159591 5.0628596 4.3124161 1.3079727 0.0000000 4.0803627 4.0357615 5.1047603 4.1633633 3.8656557 4.8442789 3.6808556 6.2423782 3.2819832 6.2278798 5.4113720 6.8503718 4.1706885 7.6921870 
taxon6     3.0377872 5.0198589 4.9498039 4.8932338 6.5958154 4.0803627 0.0000000 1.2002731 4.3556471 2.2907431 3.9131882 4.0777322 2.2242262 4.5545318 4.3970865 3.5571974 3.7735823 5.7940603 7.8884042 7.7529232 
taxon7     2.7951234 5.2650877 5.1004904 3.4098514 4.5838560 4.0357615 1.2002731 0.0000000 2.2479869 1.9020664 2.2059870 2.7529288 1.6930884 2.7217655 2.8804154 3.0115198 3.8507335 4.5336225 4.4291817 4.1264625 
taxon8     2.9822626 4.1517675 4.5323736 3.8466273 4.7318251 5.1047603 4.3556471 2.2479869 0.0000000 1.0865560 1.6503528 2.2211997 1.8211700 2.8885296 4.0285909 3.9343393 5.3491168 4.9611297 3.6436218 3.7000755 
taxon9     2.1605233 4.6936710 6.5326066 4.4086091 3.9246650 4.1633633 2.2907431 1.9020664 1.0865560 0.0000000 1.0894304 1.5963500 1.2325536 2.4912067 5.5346982 4.3551778 3.7163090 4.5315989 6.0696595 7.3190005 
taxon10    2.5138851 4.8814525 4.1758328 4.3808669 6.4295920 3.8656557 3.9131882 2.2059870 1.6503528 1.0894304 0.0000000 1.0548040 1.5648398 3.2527690 4.5933110 5.4720938 5.5011260 4.6804576 8.9530217 8.9999990 
taxon11    2.7124251 5.2994660 5.4953343 4.7700848 5.1027330 4.8442789 4.0777322 2.7529288 2.2211997 1.5963500 1.0548040 0.0000000 1.9169252 4.0822902 5.6166370 4.0742606 5.6259602 5.4071451 8.8645087 8.9999985 
taxon12    1.3365430 3.7323462 4.4439098 2.8906977 3.8952992 3.6808556 2.2242262 1.6930884 1.8211700 1.2325536 1.5648398 1.9169252 0.0000000 1.2099094 2.3671504 2.4700464 3.6867285 3.2937182 3.0891245 3.8120870 
taxon13    4.0203676 7.9458444 6.9069957 5.5308419 6.5460033 6.2423782 4.5545318 2.7217655 2.8885296 2.4912067 3.2527690 4.0822902 1.2099094 0.0000000 4.8210871 4.4907778 5.8416163 8.9999984 4.6922878 8.9999985 
taxon14    2.8161294 4.0396256 7.2977611 4.7189043 3.7676996 3.2819832 4.3970865 2.8804154 4.0285909 5.5346982 4.5933110 5.6166370 2.3671504 4.8210871 0.0000000 2.0713740 2.5194179 3.5615307 2.9310740 5.7343637 
taxon15    3.9422767 6.8860137 8.9999988 3.8279932 4.0387825 6.2278798 3.5571974 3.0115198 3.9343393 4.3551778 5.4720938 4.0742606 2.4700464 4.4907778 2.0713740 0.0000000 1.5579905 4.4368446 2.5235091 4.6099772 
taxon16    4.7096973 7.1942875 8.9999989 5.7893428 5.8662437 5.4113720 3.7735823 3.8507335 5.3491168 3.7163090 5.5011260 5.6259602 3.6867285 5.8416163 2.5194179 1.5579905 0.0000000 6.6115338 7.0852090 4.9913897 
taxon17    3.5951944 8.9999983 6.4977642 3.7577110 5.2580905 6.8503718 5.7940603 4.5336225 4.9611297 4.5315989 4.6804576 5.4071451 3.2937182 8.9999984 3.5615307 4.4368446 6.6115338 0.0000000 1.6573174 1.9756702 
taxon18    4.4345966 8.9999987 7.2518841 5.6584732 6.4485952 4.1706885 7.8884042 4.4291817 3.6436218 6.0696595 8.9530217 8.8645087 3.0891245 4.6922878 2.9310740 2.5235091 7.0852090 1.6573174 0.0000000 1.0980320 
taxon19    4.0882573 8.9999986 6.1674698 8.9999981 8.9999988 7.6921870 7.7529232 4.1264625 3.7000755 7.3190005 8.9999990 8.9999985 3.8120870 8.9999985 5.7343637 4.6099772 4.9913897 1.9756702 1.0980320 0.0000000 
