20
taxon0     0.0000000 0.0971714 0.1643892 0.2087888 0.2048611 0.2146855 0.2585155 0.2519810 0.2684746 0.2237934 0.2737176 0.2920647 0.2465844 0.2301074 0.5106693 0.6084553 0.6760922 0.6042987 0.5655254 0.5933264 
taxon1     0.0971714 0.0000000 0.1111853 0.1600583 0.1709327 0.1555521 0.2191676 0.2010269 0.2294707 0.2001855 0.2363251 0.2585516 0.2023768 0.1875062 0.4751981 0.5480233 0.6636145 0.5003993 0.5172997 0.5189231 
taxon2     0.1643892 0.1111853 0.0000000 0.1270876 0.1782543 0.1805989 0.2252938 0.2116523 0.2353727 0.1949505 0.2440994 0.2715289 0.2209443 0.1933932 0.4737739 0.5345851 0.6525107 0.5480672 0.5391833 0.5522852 
taxon3     0.2087888 0.1600583 0.1270876 0.0000000 0.2286486 0.2560228 0.2964415 0.2683982 0.3152324 0.2785286 0.3013176 0.3530882 0.3206428 0.2813806 0.5239496 0.6009365 0.7009853 0.5918864 0.5750918 0.5903088 
taxon4     0.2048611 0.1709327 0.1782543 0.2286486 0.0000000 0.1219009 0.1685620 0.1585933 0.2449230 0.2090170 0.2793504 0.2914721 0.2554288 0.2213426 0.5130454 0.5499317 0.6102137 0.5458748 0.5373005 0.5573615 
taxon5     0.2146855 0.1555521 0.1805989 0.2560228 0.1219009 0.0000000 0.1105763 0.1091531 0.2408432 0.2133133 0.2748968 0.2857174 0.2446549 0.1991671 0.5181274 0.5136865 0.6344091 0.5534517 0.5856917 0.6196347 
taxon6     0.2585155 0.2191676 0.2252938 0.2964415 0.1685620 0.1105763 0.0000000 0.1602079 0.2878386 0.2502896 0.3104924 0.3214735 0.3103658 0.2561558 0.5406764 0.5490728 0.6718274 0.5848868 0.6119889 0.6474353 
taxon7     0.2519810 0.2010269 0.2116523 0.2683982 0.1585933 0.1091531 0.1602079 0.0000000 0.2894035 0.2384341 0.3113058 0.3235214 0.2886685 0.2682454 0.4775415 0.5655077 0.6971176 0.5816383 0.6162076 0.6518571 
taxon8     0.2684746 0.2294707 0.2353727 0.3152324 0.2449230 0.2408432 0.2878386 0.2894035 0.0000000 0.1488797 0.2097763 0.2128345 0.1973823 0.1609677 0.5284354 0.5982027 0.6830025 0.6050243 0.6214936 0.6644415 
taxon9     0.2237934 0.2001855 0.1949505 0.2785286 0.2090170 0.2133133 0.2502896 0.2384341 0.1488797 0.0000000 0.1108411 0.1061048 0.1753995 0.1571264 0.4481763 0.5746603 0.6782735 0.5900415 0.5984530 0.6448431 
taxon10    0.2737176 0.2363251 0.2440994 0.3013176 0.2793504 0.2748968 0.3104924 0.3113058 0.2097763 0.1108411 0.0000000 0.0979958 0.2101475 0.2059326 0.4968627 0.6525691 0.7177613 0.6903391 0.6702156 0.6918211 
taxon11    0.2920647 0.2585516 0.2715289 0.3530882 0.2914721 0.2857174 0.3214735 0.3235214 0.2128345 0.1061048 0.0979958 0.0000000 0.2261772 0.1946808 0.5226145 0.6147650 0.6751345 0.6786076 0.6679357 0.7178771 
taxon12    0.2465844 0.2023768 0.2209443 0.3206428 0.2554288 0.2446549 0.3103658 0.2886685 0.1973823 0.1753995 0.2101475 0.2261772 0.0000000 0.1082803 0.5394535 0.6324822 0.7432617 0.6487280 0.6345603 0.6486890 
taxon13    0.2301074 0.1875062 0.1933932 0.2813806 0.2213426 0.1991671 0.2561558 0.2682454 0.1609677 0.1571264 0.2059326 0.1946808 0.1082803 0.0000000 0.5435422 0.5528667 0.6768032 0.5864908 0.5670346 0.6181669 
taxon14    0.5106693 0.4751981 0.4737739 0.5239496 0.5130454 0.5181274 0.5406764 0.4775415 0.5284354 0.4481763 0.4968627 0.5226145 0.5394535 0.5435422 0.0000000 0.2595094 0.3032186 0.4731205 0.4437216 0.4483885 
taxon15    0.6084553 0.5480233 0.5345851 0.6009365 0.5499317 0.5136865 0.5490728 0.5655077 0.5982027 0.5746603 0.6525691 0.6147650 0.6324822 0.5528667 0.2595094 0.0000000 0.1528040 0.3852823 0.3356036 0.3805054 
taxon16    0.6760922 0.6636145 0.6525107 0.7009853 0.6102137 0.6344091 0.6718274 0.6971176 0.6830025 0.6782735 0.7177613 0.6751345 0.7432617 0.6768032 0.3032186 0.1528040 0.0000000 0.4697147 0.3959197 0.4675020 
taxon17    0.6042987 0.5003993 0.5480672 0.5918864 0.5458748 0.5534517 0.5848868 0.5816383 0.6050243 0.5900415 0.6903391 0.6786076 0.6487280 0.5864908 0.4731205 0.3852823 0.4697147 0.0000000 0.2007071 0.2352542 
taxon18    0.5655254 0.5172997 0.5391833 0.5750918 0.5373005 0.5856917 0.6119889 0.6162076 0.6214936 0.5984530 0.6702156 0.6679357 0.6345603 0.5670346 0.4437216 0.3356036 0.3959197 0.2007071 0.0000000 0.1012772 
taxon19    0.5933264 0.5189231 0.5522852 0.5903088 0.5573615 0.6196347 0.6474353 0.6518571 0.6644415 0.6448431 0.6918211 0.7178771 0.6486890 0.6181669 0.4483885 0.3805054 0.4675020 0.2352542 0.1012772 0.0000000 
