20
taxon0     0.0000000 0.2145211 0.2788842 0.2554454 0.5922676 0.6425882 0.6210885 0.6217261 0.6038982 0.5987311 0.5715917 0.6539362 0.6541677 0.6844234 0.6216068 0.6549930 0.6024989 0.6284132 0.6320224 0.7128488 
taxon1     0.2145211 0.0000000 0.3095489 0.2994657 0.6144158 0.6302134 0.6511433 0.6173580 0.6398966 0.6180729 0.6046093 0.6628798 0.7235402 0.6881397 0.6591759 0.6559140 0.6211195 0.6393050 0.6844820 0.7347337 
taxon2     0.2788842 0.3095489 0.0000000 0.1164287 0.4992636 0.5433729 0.5418381 0.5602693 0.4979766 0.5416951 0.5216029 0.6335118 0.5687004 0.6195236 0.5626602 0.5587951 0.5190742 0.5323302 0.5667605 0.6191658 
taxon3     0.2554454 0.2994657 0.1164287 0.0000000 0.5219639 0.5470250 0.5587260 0.5541001 0.5328890 0.5682892 0.5414657 0.6271984 0.5679659 0.6151761 0.5366595 0.5382362 0.5582755 0.5681832 0.6372228 0.6555856 
taxon4     0.5922676 0.6144158 0.4992636 0.5219639 0.0000000 0.2274268 0.2208445 0.3002090 0.2464167 0.4925469 0.5332928 0.5880100 0.5587021 0.6298279 0.5896976 0.5478862 0.4682443 0.4885390 0.5125155 0.5518546 
taxon5     0.6425882 0.6302134 0.5433729 0.5470250 0.2274268 0.0000000 0.0974506 0.4276914 0.3385559 0.5795718 0.6339016 0.6239397 0.6066529 0.6899713 0.6215215 0.6071159 0.5325918 0.5535284 0.5926044 0.6038319 
taxon6     0.6210885 0.6511433 0.5418381 0.5587260 0.2208445 0.0974506 0.0000000 0.4200701 0.3304242 0.5767310 0.6224754 0.6167183 0.5992639 0.6861387 0.6408547 0.5887693 0.5593190 0.5789258 0.5813734 0.6220020 
taxon7     0.6217261 0.6173580 0.5602693 0.5541001 0.3002090 0.4276914 0.4200701 0.0000000 0.1814040 0.6262041 0.6256035 0.7036373 0.6301096 0.7147177 0.6872719 0.6713712 0.5479620 0.5238190 0.6257636 0.6756741 
taxon8     0.6038982 0.6398966 0.4979766 0.5328890 0.2464167 0.3385559 0.3304242 0.1814040 0.0000000 0.5239991 0.5752054 0.6474331 0.6002837 0.7183840 0.6504518 0.6231132 0.5438156 0.5231470 0.6060158 0.6427217 
taxon9     0.5987311 0.6180729 0.5416951 0.5682892 0.4925469 0.5795718 0.5767310 0.6262041 0.5239991 0.0000000 0.2124332 0.2243095 0.3755930 0.4430075 0.4054339 0.4015889 0.4296314 0.4343823 0.4149077 0.4746829 
taxon10    0.5715917 0.6046093 0.5216029 0.5414657 0.5332928 0.6339016 0.6224754 0.6256035 0.5752054 0.2124332 0.0000000 0.1810639 0.4457263 0.5019139 0.4574267 0.4670730 0.4722393 0.4559857 0.4573894 0.5211091 
taxon11    0.6539362 0.6628798 0.6335118 0.6271984 0.5880100 0.6239397 0.6167183 0.7036373 0.6474331 0.2243095 0.1810639 0.0000000 0.4790348 0.5227173 0.4887029 0.4934669 0.5161360 0.5115790 0.5117076 0.5552215 
taxon12    0.6541677 0.7235402 0.5687004 0.5679659 0.5587021 0.6066529 0.5992639 0.6301096 0.6002837 0.3755930 0.4457263 0.4790348 0.0000000 0.1748909 0.1395974 0.1912847 0.4596954 0.4514723 0.4279881 0.4649564 
taxon13    0.6844234 0.6881397 0.6195236 0.6151761 0.6298279 0.6899713 0.6861387 0.7147177 0.7183840 0.4430075 0.5019139 0.5227173 0.1748909 0.0000000 0.1291933 0.2749416 0.5398110 0.5195584 0.4801407 0.5308746 
taxon14    0.6216068 0.6591759 0.5626602 0.5366595 0.5896976 0.6215215 0.6408547 0.6872719 0.6504518 0.4054339 0.4574267 0.4887029 0.1395974 0.1291933 0.0000000 0.1734675 0.4592913 0.4607167 0.3868445 0.4291262 
taxon15    0.6549930 0.6559140 0.5587951 0.5382362 0.5478862 0.6071159 0.5887693 0.6713712 0.6231132 0.4015889 0.4670730 0.4934669 0.1912847 0.2749416 0.1734675 0.0000000 0.4257462 0.4164858 0.4132682 0.4359314 
taxon16    0.6024989 0.6211195 0.5190742 0.5582755 0.4682443 0.5325918 0.5593190 0.5479620 0.5438156 0.4296314 0.4722393 0.5161360 0.4596954 0.5398110 0.4592913 0.4257462 0.0000000 0.1558367 0.3342270 0.3293846 
taxon17    0.6284132 0.6393050 0.5323302 0.5681832 0.4885390 0.5535284 0.5789258 0.5238190 0.5231470 0.4343823 0.4559857 0.5115790 0.4514723 0.5195584 0.4607167 0.4164858 0.1558367 0.0000000 0.3046622 0.3028909 
taxon18    0.6320224 0.6844820 0.5667605 0.6372228 0.5125155 0.5926044 0.5813734 0.6257636 0.6060158 0.4149077 0.4573894 0.5117076 0.4279881 0.4801407 0.3868445 0.4132682 0.3342270 0.3046622 0.0000000 0.1719850 
taxon19    0.7128488 0.7347337 0.6191658 0.6555856 0.5518546 0.6038319 0.6220020 0.6756741 0.6427217 0.4746829 0.5211091 0.5552215 0.4649564 0.5308746 0.4291262 0.4359314 0.3293846 0.3028909 0.1719850 0.0000000 
