20
taxon0     0.0000000 0.1109797 0.1294401 0.2768449 0.2717214 0.3126143 0.2550425 0.3674658 0.4295083 0.3519383 0.3917810 0.4041804 0.4154241 0.4463159 0.4590949 0.5398940 0.4595759 0.5081209 0.4078312 0.4327820 
taxon1     0.1109797 0.0000000 0.1034844 0.2615308 0.2555247 0.2912923 0.2554485 0.3540164 0.4262677 0.3502770 0.4057311 0.4286165 0.4121129 0.4385320 0.4644452 0.5395012 0.4901483 0.5077603 0.4426803 0.4470064 
taxon2     0.1294401 0.1034844 0.0000000 0.2653222 0.2765134 0.3071502 0.2743604 0.3757845 0.4427134 0.3539722 0.4208732 0.4291530 0.4406181 0.3959189 0.4312821 0.4844549 0.4605418 0.4973464 0.4134854 0.4155000 
taxon3     0.2768449 0.2615308 0.2653222 0.0000000 0.0620603 0.1007301 0.0671565 0.2311168 0.2852630 0.1988540 0.2880056 0.3016650 0.2799146 0.4284690 0.4566127 0.5421740 0.4994026 0.5011047 0.4883661 0.4944618 
taxon4     0.2717214 0.2555247 0.2765134 0.0620603 0.0000000 0.0950008 0.0515148 0.2237540 0.2927754 0.1967065 0.2934798 0.3097303 0.2890336 0.4497707 0.4862399 0.5583398 0.5120588 0.5232342 0.4952448 0.4973175 
taxon5     0.3126143 0.2912923 0.3071502 0.1007301 0.0950008 0.0000000 0.0562295 0.2649849 0.3092399 0.2394126 0.2895028 0.3404676 0.3269144 0.4913488 0.5102141 0.5955841 0.5445270 0.5506332 0.5136173 0.5443656 
taxon6     0.2550425 0.2554485 0.2743604 0.0671565 0.0515148 0.0562295 0.0000000 0.2446028 0.3064740 0.2033673 0.2914293 0.3123325 0.2780882 0.4314530 0.4802857 0.5464685 0.4938197 0.5316855 0.4831121 0.5001280 
taxon7     0.3674658 0.3540164 0.3757845 0.2311168 0.2237540 0.2649849 0.2446028 0.0000000 0.0969262 0.1963454 0.2400853 0.3091668 0.2682646 0.5068631 0.5039849 0.5565266 0.5208677 0.5339281 0.5516146 0.5564181 
taxon8     0.4295083 0.4262677 0.4427134 0.2852630 0.2927754 0.3092399 0.3064740 0.0969262 0.0000000 0.2576333 0.3113618 0.3744368 0.3339391 0.5578757 0.5544210 0.6105730 0.5620711 0.5867298 0.5404144 0.6134375 
taxon9     0.3519383 0.3502770 0.3539722 0.1988540 0.1967065 0.2394126 0.2033673 0.1963454 0.2576333 0.0000000 0.1130461 0.1885090 0.1359146 0.4889561 0.5142608 0.5927913 0.5319198 0.5376625 0.5247620 0.5511437 
taxon10    0.3917810 0.4057311 0.4208732 0.2880056 0.2934798 0.2895028 0.2914293 0.2400853 0.3113618 0.1130461 0.0000000 0.1473320 0.0752559 0.5354877 0.5546694 0.6387233 0.5456161 0.5759576 0.5647788 0.6049755 
taxon11    0.4041804 0.4286165 0.4291530 0.3016650 0.3097303 0.3404676 0.3123325 0.3091668 0.3744368 0.1885090 0.1473320 0.0000000 0.1324537 0.5788502 0.5870799 0.6556736 0.5776480 0.5897381 0.5862656 0.6113491 
taxon12    0.4154241 0.4121129 0.4406181 0.2799146 0.2890336 0.3269144 0.2780882 0.2682646 0.3339391 0.1359146 0.0752559 0.1324537 0.0000000 0.5043873 0.5394238 0.6265104 0.5559411 0.5683517 0.5414683 0.5833173 
taxon13    0.4463159 0.4385320 0.3959189 0.4284690 0.4497707 0.4913488 0.4314530 0.5068631 0.5578757 0.4889561 0.5354877 0.5788502 0.5043873 0.0000000 0.1621472 0.2187954 0.2745137 0.3297159 0.2824612 0.3093953 
taxon14    0.4590949 0.4644452 0.4312821 0.4566127 0.4862399 0.5102141 0.4802857 0.5039849 0.5544210 0.5142608 0.5546694 0.5870799 0.5394238 0.1621472 0.0000000 0.1662752 0.3356717 0.3610013 0.3232342 0.3390160 
taxon15    0.5398940 0.5395012 0.4844549 0.5421740 0.5583398 0.5955841 0.5464685 0.5565266 0.6105730 0.5927913 0.6387233 0.6556736 0.6265104 0.2187954 0.1662752 0.0000000 0.3853681 0.3757926 0.3575524 0.3601136 
taxon16    0.4595759 0.4901483 0.4605418 0.4994026 0.5120588 0.5445270 0.4938197 0.5208677 0.5620711 0.5319198 0.5456161 0.5776480 0.5559411 0.2745137 0.3356717 0.3853681 0.0000000 0.1858545 0.2088949 0.2470184 
taxon17    0.5081209 0.5077603 0.4973464 0.5011047 0.5232342 0.5506332 0.5316855 0.5339281 0.5867298 0.5376625 0.5759576 0.5897381 0.5683517 0.3297159 0.3610013 0.3757926 0.1858545 0.0000000 0.2275792 0.2188434 
taxon18    0.4078312 0.4426803 0.4134854 0.4883661 0.4952448 0.5136173 0.4831121 0.5516146 0.5404144 0.5247620 0.5647788 0.5862656 0.5414683 0.2824612 0.3232342 0.3575524 0.2088949 0.2275792 0.0000000 0.1350212 
taxon19    0.4327820 0.4470064 0.4155000 0.4944618 0.4973175 0.5443656 0.5001280 0.5564181 0.6134375 0.5511437 0.6049755 0.6113491 0.5833173 0.3093953 0.3390160 0.3601136 0.2470184 0.2188434 0.1350212 0.0000000 
