20
taxon0     0.0000000 0.0161124 0.0496379 0.0634627 0.0908047 0.0918679 0.0733561 0.0787829 0.0791067 0.1147092 0.1206462 0.1404936 0.1420419 0.1552559 0.1482468 0.0686770 0.0676591 0.0737407 0.1168093 0.0925616 
taxon1     0.0161124 0.0000000 0.0550514 0.0687447 0.1013292 0.0968636 0.0839365 0.0834122 0.0896464 0.1133902 0.1192658 0.1388919 0.1404096 0.1534836 0.1399009 0.0794115 0.0782584 0.0843591 0.1154471 0.1032476 
taxon2     0.0496379 0.0550514 0.0000000 0.0556236 0.1132025 0.1266438 0.1074766 0.1062353 0.1090183 0.1460223 0.1521314 0.1729615 0.1672190 0.1807629 0.1735350 0.0969613 0.0900110 0.1091881 0.1472955 0.1222619 
taxon3     0.0634627 0.0687447 0.0556236 0.0000000 0.1283047 0.1159927 0.1104061 0.1009523 0.1056852 0.1185525 0.1246596 0.1451238 0.1393141 0.1527436 0.1360667 0.1056996 0.0925699 0.1109578 0.1368626 0.1178491 
taxon4     0.0908047 0.1013292 0.1132025 0.1283047 0.0000000 0.0496074 0.0324744 0.0716326 0.1089791 0.1269215 0.1329172 0.1474650 0.1547992 0.1681910 0.1610652 0.1019146 0.1134330 0.1033053 0.1405830 0.1151416 
taxon5     0.0918679 0.0968636 0.1266438 0.1159927 0.0496074 0.0000000 0.0216168 0.0606341 0.1106738 0.1350027 0.1411061 0.1501852 0.1635643 0.1772246 0.1634737 0.1162329 0.1207412 0.0982553 0.1372779 0.1171389 
taxon6     0.0733561 0.0839365 0.1074766 0.1104061 0.0324744 0.0216168 0.0000000 0.0490644 0.0970946 0.1208830 0.1268549 0.1412522 0.1485166 0.1618338 0.1547584 0.0970281 0.1016426 0.0794970 0.1229565 0.0978085 
taxon7     0.0787829 0.0834122 0.1062353 0.1009523 0.0716326 0.0606341 0.0490644 0.0000000 0.0968057 0.1270800 0.1330835 0.1476532 0.1498039 0.1632148 0.1482323 0.0913366 0.0960067 0.0967808 0.1111805 0.0979003 
taxon8     0.0791067 0.0896464 0.1090183 0.1056852 0.1089791 0.1106738 0.0970946 0.0968057 0.0000000 0.0380197 0.0435265 0.0609780 0.0616615 0.0735873 0.0674127 0.0555010 0.0490855 0.0547834 0.0906106 0.0728314 
taxon9     0.1147092 0.1133902 0.1460223 0.1185525 0.1269215 0.1350027 0.1208830 0.1270800 0.0380197 0.0000000 0.0053342 0.0217337 0.0219808 0.0333083 0.0275378 0.0837241 0.0887170 0.0716437 0.1024206 0.0961939 
taxon10    0.1206462 0.1192658 0.1521314 0.1246596 0.1329172 0.1411061 0.1268549 0.1330835 0.0435265 0.0053342 0.0000000 0.0272135 0.0275231 0.0389223 0.0331004 0.0894630 0.0944341 0.0772914 0.1029562 0.0967025 
taxon11    0.1404936 0.1388919 0.1729615 0.1451238 0.1474650 0.1501852 0.1412522 0.1476532 0.0609780 0.0217337 0.0272135 0.0000000 0.0329857 0.0444238 0.0385683 0.1082605 0.1132264 0.0956359 0.1278214 0.1213347 
taxon12    0.1420419 0.1404096 0.1672190 0.1393141 0.1547992 0.1635643 0.1485166 0.1498039 0.0616615 0.0219808 0.0275231 0.0329857 0.0000000 0.0221597 0.0164863 0.1033834 0.1084086 0.0966911 0.1096558 0.1033103 
taxon13    0.1552559 0.1534836 0.1807629 0.1527436 0.1681910 0.1772246 0.1618338 0.1632148 0.0735873 0.0333083 0.0389223 0.0444238 0.0221597 0.0000000 0.0165568 0.1159507 0.1145333 0.1021711 0.1296549 0.1230810 
taxon14    0.1482468 0.1399009 0.1735350 0.1360667 0.1610652 0.1634737 0.1547584 0.1482323 0.0674127 0.0275378 0.0331004 0.0385683 0.0164863 0.0165568 0.0000000 0.1093543 0.1143583 0.1025957 0.1301873 0.1235895 
taxon15    0.0686770 0.0794115 0.0969613 0.1056996 0.1019146 0.1162329 0.0970281 0.0913366 0.0555010 0.0837241 0.0894630 0.1082605 0.1033834 0.1159507 0.1093543 0.0000000 0.0325525 0.0497223 0.0860818 0.0624348 
taxon16    0.0676591 0.0782584 0.0900110 0.0925699 0.1134330 0.1207412 0.1016426 0.0960067 0.0490855 0.0887170 0.0944341 0.1132264 0.1084086 0.1145333 0.1143583 0.0325525 0.0000000 0.0487930 0.0841801 0.0609717 
taxon17    0.0737407 0.0843591 0.1091881 0.1109578 0.1033053 0.0982553 0.0794970 0.0967808 0.0547834 0.0716437 0.0772914 0.0956359 0.0966911 0.1021711 0.1025957 0.0497223 0.0487930 0.0000000 0.0554198 0.0328969 
taxon18    0.1168093 0.1154471 0.1472955 0.1368626 0.1405830 0.1372779 0.1229565 0.1111805 0.0906106 0.1024206 0.1029562 0.1278214 0.1096558 0.1296549 0.1301873 0.0860818 0.0841801 0.0554198 0.0000000 0.0268251 
taxon19    0.0925616 0.1032476 0.1222619 0.1178491 0.1151416 0.1171389 0.0978085 0.0979003 0.0728314 0.0961939 0.0967025 0.1213347 0.1033103 0.1230810 0.1235895 0.0624348 0.0609717 0.0328969 0.0268251 0.0000000 
