20
taxon0     0.0000000 0.0567115 0.0728674 0.0839072 0.0957230 0.0953726 0.0887870 0.1116548 0.1132026 0.1121708 0.2415700 0.2597455 0.2395409 0.2423719 0.2450033 0.2839463 0.2569355 0.2547885 0.2546156 0.2542056 
taxon1     0.0567115 0.0000000 0.0518604 0.0838177 0.0914623 0.0843275 0.0839141 0.0958419 0.1076561 0.1066742 0.2315682 0.2641605 0.2575774 0.2233461 0.2411689 0.2800892 0.2563235 0.2541895 0.2540191 0.2501092 
taxon2     0.0728674 0.0518604 0.0000000 0.0458876 0.0684870 0.0673844 0.0565540 0.0777908 0.0855151 0.0847316 0.2180022 0.2422187 0.2291816 0.2243915 0.2407854 0.2674834 0.2509890 0.2488816 0.2487159 0.2361637 
taxon3     0.0839072 0.0838177 0.0458876 0.0000000 0.0791777 0.0785062 0.0674946 0.0945201 0.1025794 0.1016409 0.2354345 0.2553568 0.2426689 0.2432861 0.2400735 0.2809097 0.2262897 0.2406819 0.2270959 0.2340522 
taxon4     0.0957230 0.0914623 0.0684870 0.0791777 0.0000000 0.0508254 0.0453101 0.0610941 0.0737430 0.0679127 0.2428170 0.2547589 0.2552393 0.2555860 0.2528281 0.2879534 0.2422332 0.2458515 0.2542758 0.2476701 
taxon5     0.0953726 0.0843275 0.0673844 0.0785062 0.0508254 0.0000000 0.0149193 0.0300808 0.0674090 0.0617071 0.2377201 0.2569116 0.2500511 0.2433582 0.2407291 0.2753675 0.2487670 0.2523423 0.2447840 0.2441107 
taxon6     0.0887870 0.0839141 0.0565540 0.0674946 0.0453101 0.0149193 0.0000000 0.0249406 0.0625994 0.0569103 0.2289875 0.2477596 0.2410070 0.2288185 0.2263633 0.2601417 0.2417230 0.2453321 0.2393347 0.2386849 
taxon7     0.1116548 0.0958419 0.0777908 0.0945201 0.0610941 0.0300808 0.0249406 0.0000000 0.0833485 0.0774921 0.2474713 0.2664937 0.2596475 0.2476513 0.2512894 0.2813057 0.2607595 0.2642677 0.2582184 0.2531686 
taxon8     0.1132026 0.1076561 0.0855151 0.1025794 0.0737430 0.0674090 0.0625994 0.0833485 0.0000000 0.0201988 0.2715279 0.2905840 0.2834111 0.2737078 0.2705688 0.3073817 0.2936157 0.2850209 0.2848564 0.2778305 
taxon9     0.1121708 0.1066742 0.0847316 0.1016409 0.0679127 0.0617071 0.0569103 0.0774921 0.0201988 0.0000000 0.2625373 0.2751595 0.2681118 0.2771794 0.2628839 0.2992564 0.2779949 0.2883988 0.2821264 0.2812493 
taxon10    0.2415700 0.2315682 0.2180022 0.2354345 0.2428170 0.2377201 0.2289875 0.2474713 0.2715279 0.2625373 0.0000000 0.0733215 0.0784439 0.0565385 0.0825786 0.1220233 0.1420381 0.1346483 0.1473216 0.1302269 
taxon11    0.2597455 0.2641605 0.2422187 0.2553568 0.2547589 0.2569116 0.2477596 0.2664937 0.2905840 0.2751595 0.0733215 0.0000000 0.0399947 0.0887907 0.0995314 0.1339814 0.1309389 0.1346800 0.1304294 0.1300176 
taxon12    0.2395409 0.2575774 0.2291816 0.2426689 0.2552393 0.2500511 0.2410070 0.2596475 0.2834111 0.2681118 0.0784439 0.0399947 0.0000000 0.0884262 0.1046275 0.1341992 0.1487158 0.1523025 0.1413182 0.1408724 
taxon13    0.2423719 0.2233461 0.2243915 0.2432861 0.2555860 0.2433582 0.2288185 0.2476513 0.2737078 0.2771794 0.0565385 0.0887907 0.0884262 0.0000000 0.0553798 0.0823293 0.1296906 0.1227488 0.1228518 0.1184157 
taxon14    0.2450033 0.2411689 0.2407854 0.2400735 0.2528281 0.2407291 0.2263633 0.2512894 0.2705688 0.2628839 0.0825786 0.0995314 0.1046275 0.0553798 0.0000000 0.0555202 0.1350012 0.1437576 0.1390350 0.1380850 
taxon15    0.2839463 0.2800892 0.2674834 0.2809097 0.2879534 0.2753675 0.2601417 0.2813057 0.3073817 0.2992564 0.1220233 0.1339814 0.1341992 0.0823293 0.0555202 0.0000000 0.1914855 0.1999452 0.1951883 0.1864765 
taxon16    0.2569355 0.2563235 0.2509890 0.2262897 0.2422332 0.2487670 0.2417230 0.2607595 0.2936157 0.2779949 0.1420381 0.1309389 0.1487158 0.1296906 0.1350012 0.1914855 0.0000000 0.0198803 0.0515642 0.0678306 
taxon17    0.2547885 0.2541895 0.2488816 0.2406819 0.2458515 0.2523423 0.2453321 0.2642677 0.2850209 0.2883988 0.1346483 0.1346800 0.1523025 0.1227488 0.1437576 0.1999452 0.0198803 0.0000000 0.0407178 0.0462869 
taxon18    0.2546156 0.2540191 0.2487159 0.2270959 0.2542758 0.2447840 0.2393347 0.2582184 0.2848564 0.2821264 0.1473216 0.1304294 0.1413182 0.1228518 0.1390350 0.1951883 0.0515642 0.0407178 0.0000000 0.0350209 
taxon19    0.2542056 0.2501092 0.2361637 0.2340522 0.2476701 0.2441107 0.2386849 0.2531686 0.2778305 0.2812493 0.1302269 0.1300176 0.1408724 0.1184157 0.1380850 0.1864765 0.0678306 0.0462869 0.0350209 0.0000000 
