20
taxon0     0.0000000 0.1663912 0.0649419 0.1375113 0.1616690 0.1649787 0.2813991 0.2524582 0.3118193 0.3365612 0.3150663 0.3060513 0.3034393 0.6126963 0.6510795 0.6461183 0.7101932 0.7435628 0.7012232 0.5999075 
taxon1     0.1663912 0.0000000 0.1517104 0.1993572 0.2752553 0.3023837 0.3548559 0.3247237 0.3949972 0.4270573 0.3781635 0.3859805 0.3263148 0.6521520 0.7664273 0.7076072 0.7725326 0.7622337 0.7269920 0.6312694 
taxon2     0.0649419 0.1517104 0.0000000 0.1098403 0.2024178 0.1886897 0.2697932 0.2827797 0.3285392 0.3306076 0.3174236 0.3472999 0.3250231 0.6840881 0.6586383 0.6609455 0.7172429 0.7383589 0.7364010 0.6365535 
taxon3     0.1375113 0.1993572 0.1098403 0.0000000 0.2396795 0.2264999 0.3528085 0.3194676 0.3899759 0.3498992 0.3460551 0.3442535 0.3602174 0.7551896 0.6859122 0.7403194 0.7893795 0.7839389 0.8285379 0.7122588 
taxon4     0.1616690 0.2752553 0.2024178 0.2396795 0.0000000 0.1881721 0.2960491 0.2687028 0.3695073 0.3447994 0.3497259 0.3011095 0.3230902 0.5489697 0.5673089 0.6274984 0.6598427 0.6225454 0.6681006 0.6195142 
taxon5     0.1649787 0.3023837 0.1886897 0.2264999 0.1881721 0.0000000 0.2944259 0.3050892 0.3541687 0.3223915 0.3025854 0.3244597 0.3053329 0.5803361 0.5094264 0.5503195 0.6320508 0.6293493 0.5727376 0.5219811 
taxon6     0.2813991 0.3548559 0.2697932 0.3528085 0.2960491 0.2944259 0.0000000 0.1610560 0.1646722 0.2936032 0.2487818 0.2755893 0.2631139 0.6858593 0.6423756 0.5895621 0.6582296 0.6561262 0.6191863 0.5631919 
taxon7     0.2524582 0.3247237 0.2827797 0.3194676 0.2687028 0.3050892 0.1610560 0.0000000 0.1253491 0.3268934 0.2164494 0.2402535 0.2491635 0.6563565 0.6673780 0.6545579 0.7104431 0.6773799 0.6719219 0.6035611 
taxon8     0.3118193 0.3949972 0.3285392 0.3899759 0.3695073 0.3541687 0.1646722 0.1253491 0.0000000 0.3595343 0.2765731 0.3055242 0.2966014 0.7347134 0.7037870 0.6954692 0.7140722 0.6696189 0.7569349 0.6187338 
taxon9     0.3365612 0.4270573 0.3306076 0.3498992 0.3447994 0.3223915 0.2936032 0.3268934 0.3595343 0.0000000 0.1990954 0.2774768 0.2234398 0.6275820 0.6165273 0.5733903 0.6452125 0.6468515 0.7099063 0.5618563 
taxon10    0.3150663 0.3781635 0.3174236 0.3460551 0.3497259 0.3025854 0.2487818 0.2164494 0.2765731 0.1990954 0.0000000 0.2449603 0.2315050 0.6554278 0.6254199 0.6160004 0.6650680 0.6725535 0.6555839 0.5504552 
taxon11    0.3060513 0.3859805 0.3472999 0.3442535 0.3011095 0.3244597 0.2755893 0.2402535 0.3055242 0.2774768 0.2449603 0.0000000 0.1042307 0.6127257 0.5944245 0.5536195 0.6653104 0.6898884 0.6736963 0.5894322 
taxon12    0.3034393 0.3263148 0.3250231 0.3602174 0.3230902 0.3053329 0.2631139 0.2491635 0.2966014 0.2234398 0.2315050 0.1042307 0.0000000 0.5926503 0.6047443 0.5937169 0.6169780 0.6744480 0.6630672 0.5514658 
taxon13    0.6126963 0.6521520 0.6840881 0.7551896 0.5489697 0.5803361 0.6858593 0.6563565 0.7347134 0.6275820 0.6554278 0.6127257 0.5926503 0.0000000 0.1933281 0.2267918 0.2671581 0.2862985 0.2853838 0.2459582 
taxon14    0.6510795 0.7664273 0.6586383 0.6859122 0.5673089 0.5094264 0.6423756 0.6673780 0.7037870 0.6165273 0.6254199 0.5944245 0.6047443 0.1933281 0.0000000 0.1779456 0.2173751 0.2627363 0.2585489 0.2348255 
taxon15    0.6461183 0.7076072 0.6609455 0.7403194 0.6274984 0.5503195 0.5895621 0.6545579 0.6954692 0.5733903 0.6160004 0.5536195 0.5937169 0.2267918 0.1779456 0.0000000 0.1567201 0.2315571 0.3114383 0.2780595 
taxon16    0.7101932 0.7725326 0.7172429 0.7893795 0.6598427 0.6320508 0.6582296 0.7104431 0.7140722 0.6452125 0.6650680 0.6653104 0.6169780 0.2671581 0.2173751 0.1567201 0.0000000 0.1735093 0.3840347 0.3151759 
taxon17    0.7435628 0.7622337 0.7383589 0.7839389 0.6225454 0.6293493 0.6561262 0.6773799 0.6696189 0.6468515 0.6725535 0.6898884 0.6744480 0.2862985 0.2627363 0.2315571 0.1735093 0.0000000 0.3908252 0.3324346 
taxon18    0.7012232 0.7269920 0.7364010 0.8285379 0.6681006 0.5727376 0.6191863 0.6719219 0.7569349 0.7099063 0.6555839 0.6736963 0.6630672 0.2853838 0.2585489 0.3114383 0.3840347 0.3908252 0.0000000 0.1573464 
taxon19    0.5999075 0.6312694 0.6365535 0.7122588 0.6195142 0.5219811 0.5631919 0.6035611 0.6187338 0.5618563 0.5504552 0.5894322 0.5514658 0.2459582 0.2348255 0.2780595 0.3151759 0.3324346 0.1573464 0.0000000 
