20
taxon0     0.0000000 0.4260269 0.5411266 0.8849701 0.9540159 0.8833406 0.9637072 0.6827682 0.3935327 0.4266890 1.0067439 0.6943741 0.6596480 0.6447834 1.1999118 0.9946321 0.6631319 1.0205352 0.5700246 1.2407798 
taxon1     0.4260269 0.0000000 0.4108454 0.9532448 1.0077382 1.0447774 1.1667886 0.8496304 0.5042450 0.4911621 0.9857135 0.8171005 0.7011358 0.6952317 1.2349503 0.9227904 0.6472218 1.0184842 0.6057617 1.0340200 
taxon2     0.5411266 0.4108454 0.0000000 1.1394989 1.1383161 1.2027816 1.2032269 1.0056526 0.7186612 0.6990513 1.1965527 0.9385484 0.9523195 0.9441408 1.2769491 1.0726590 0.9087791 1.2563505 0.7379205 1.2532179 
taxon3     0.8849701 0.9532448 1.1394989 0.0000000 0.6495267 1.3352654 1.3719783 1.1536679 0.6934894 0.7658254 1.5125882 1.3099541 1.1223350 1.1462942 2.1715557 1.6989221 1.4073493 1.7610305 1.1622526 1.7240495 
taxon4     0.9540159 1.0077382 1.1383161 0.6495267 0.0000000 1.5119420 1.3845138 1.1424160 0.8202676 0.8049022 1.3911386 1.2214008 1.1442973 1.1584148 1.7914401 1.6980786 1.3857440 1.7537379 1.1252793 1.7359506 
taxon5     0.8833406 1.0447774 1.2027816 1.3352654 1.5119420 0.0000000 0.8658906 0.9810548 0.7533477 0.8060692 1.4415030 1.3315185 1.2100749 1.1703425 1.8958817 1.6742641 1.2855032 1.5949038 1.0846831 2.0379130 
taxon6     0.9637072 1.1667886 1.2032269 1.3719783 1.3845138 0.8658906 0.0000000 1.0668163 0.8220275 0.8402607 1.5520089 1.3809303 1.3233619 1.2737775 1.8469376 1.9322272 1.3888022 1.8526724 1.2396244 2.0568665 
taxon7     0.6827682 0.8496304 1.0056526 1.1536679 1.1424160 0.9810548 1.0668163 0.0000000 0.5601942 0.5510690 1.4926998 1.1862076 1.1600380 1.1439473 1.7788499 1.3741876 1.1013783 1.4107516 1.0263161 1.5853789 
taxon8     0.3935327 0.5042450 0.7186612 0.6934894 0.8202676 0.7533477 0.8220275 0.5601942 0.0000000 0.1726111 1.0649141 0.8420179 0.7359432 0.7167321 1.3238905 1.0591809 0.7526827 1.0531187 0.6038987 1.1452010 
taxon9     0.4266890 0.4911621 0.6990513 0.7658254 0.8049022 0.8060692 0.8402607 0.5510690 0.1726111 0.0000000 1.0618378 0.8653584 0.7323350 0.7074611 1.2116399 1.0069305 0.7004947 0.9583975 0.6020189 1.1862495 
taxon10    1.0067439 0.9857135 1.1965527 1.5125882 1.3911386 1.4415030 1.5520089 1.4926998 1.0649141 1.0618378 0.0000000 0.6903157 0.6725068 0.6907039 1.2821132 1.1672781 0.9201587 1.2233777 0.6866771 1.2591512 
taxon11    0.6943741 0.8171005 0.9385484 1.3099541 1.2214008 1.3315185 1.3809303 1.1862076 0.8420179 0.8653584 0.6903157 0.0000000 0.3506419 0.3317437 1.0885290 0.9241029 0.6681265 0.9537316 0.5310272 1.1048404 
taxon12    0.6596480 0.7011358 0.9523195 1.1223350 1.1442973 1.2100749 1.3233619 1.1600380 0.7359432 0.7323350 0.6725068 0.3506419 0.0000000 0.0872481 1.0578732 0.8176683 0.5945298 0.8397777 0.4948664 1.0951775 
taxon13    0.6447834 0.6952317 0.9441408 1.1462942 1.1584148 1.1703425 1.2737775 1.1439473 0.7167321 0.7074611 0.6907039 0.3317437 0.0872481 0.0000000 1.1126382 0.8250846 0.5900480 0.8697731 0.4944694 1.0650092 
taxon14    1.1999118 1.2349503 1.2769491 2.1715557 1.7914401 1.8958817 1.8469376 1.7788499 1.3238905 1.2116399 1.2821132 1.0885290 1.0578732 1.1126382 0.0000000 0.6691953 0.6698614 0.7197919 0.7650206 1.4179590 
taxon15    0.9946321 0.9227904 1.0726590 1.6989221 1.6980786 1.6742641 1.9322272 1.3741876 1.0591809 1.0069305 1.1672781 0.9241029 0.8176683 0.8250846 0.6691953 0.0000000 0.4672526 0.5664515 0.6127295 1.0245646 
taxon16    0.6631319 0.6472218 0.9087791 1.4073493 1.3857440 1.2855032 1.3888022 1.1013783 0.7526827 0.7004947 0.9201587 0.6681265 0.5945298 0.5900480 0.6698614 0.4672526 0.0000000 0.3931545 0.3995176 0.8820531 
taxon17    1.0205352 1.0184842 1.2563505 1.7610305 1.7537379 1.5949038 1.8526724 1.4107516 1.0531187 0.9583975 1.2233777 0.9537316 0.8397777 0.8697731 0.7197919 0.5664515 0.3931545 0.0000000 0.6116686 1.1849686 
taxon18    0.5700246 0.6057617 0.7379205 1.1622526 1.1252793 1.0846831 1.2396244 1.0263161 0.6038987 0.6020189 0.6866771 0.5310272 0.4948664 0.4944694 0.7650206 0.6127295 0.3995176 0.6116686 0.0000000 0.6937219 
taxon19    1.2407798 1.0340200 1.2532179 1.7240495 1.7359506 2.0379130 2.0568665 1.5853789 1.1452010 1.1862495 1.2591512 1.1048404 1.0951775 1.0650092 1.4179590 1.0245646 0.8820531 1.1849686 0.6937219 0.0000000 
