20
taxon0     0.0000000 0.0947367 0.0788472 0.3075286 0.3095263 0.3491016 0.3020812 0.3416704 0.3703684 0.3483111 0.3456881 0.3650628 0.3337456 0.3496100 0.3248508 0.3476692 0.3711103 0.3295187 0.4336987 0.4675138 
taxon1     0.0947367 0.0000000 0.0600563 0.3167853 0.3030648 0.3675506 0.3362842 0.3616041 0.3984055 0.3755594 0.3713706 0.4068396 0.3652596 0.3588185 0.3647177 0.3887968 0.3805105 0.3535253 0.4422988 0.4809073 
taxon2     0.0788472 0.0600563 0.0000000 0.2680016 0.2547623 0.3210582 0.2914326 0.3295998 0.3618597 0.3479177 0.3244639 0.3380350 0.3001463 0.3079769 0.3127040 0.3347308 0.3458806 0.3017239 0.3886153 0.4312263 
taxon3     0.3075286 0.3167853 0.2680016 0.0000000 0.0553608 0.1641755 0.1665606 0.1824290 0.2031866 0.2173027 0.1876216 0.2028127 0.1509604 0.1503661 0.1819823 0.2182477 0.2051807 0.1819779 0.5089620 0.5680700 
taxon4     0.3095263 0.3030648 0.2547623 0.0553608 0.0000000 0.1527620 0.1553372 0.1476033 0.1726595 0.1810529 0.1576164 0.1790639 0.1392293 0.1386816 0.1762273 0.2060214 0.1874511 0.1645036 0.4959537 0.5448760 
taxon5     0.3491016 0.3675506 0.3210582 0.1641755 0.1527620 0.0000000 0.0598219 0.0856830 0.1536768 0.1384992 0.1145700 0.1396300 0.1049160 0.1045038 0.1149462 0.1532262 0.1560462 0.1205720 0.5817447 0.6173551 
taxon6     0.3020812 0.3362842 0.2914326 0.1665606 0.1553372 0.0598219 0.0000000 0.0602108 0.1068547 0.0941913 0.0985408 0.1286756 0.0937606 0.1050970 0.1142477 0.1403783 0.1450086 0.1098562 0.5422700 0.6016345 
taxon7     0.3416704 0.3616041 0.3295998 0.1824290 0.1476033 0.0856830 0.0602108 0.0000000 0.0835475 0.0659741 0.1202011 0.1512590 0.1265964 0.1261018 0.1541337 0.1823551 0.1742048 0.1436425 0.5448877 0.5823193 
taxon8     0.3703684 0.3984055 0.3618597 0.2031866 0.1726595 0.1536768 0.1068547 0.0835475 0.0000000 0.0596637 0.1727485 0.2008627 0.1641403 0.1767356 0.1960421 0.2271754 0.2217300 0.1911812 0.5931557 0.6484164 
taxon9     0.3483111 0.3755594 0.3479177 0.2173027 0.1810529 0.1384992 0.0941913 0.0659741 0.0596637 0.0000000 0.1635453 0.1971026 0.1628194 0.1752562 0.1916440 0.2220109 0.2151136 0.1884617 0.5619347 0.6285844 
taxon10    0.3456881 0.3713706 0.3244639 0.1876216 0.1576164 0.1145700 0.0985408 0.1202011 0.1727485 0.1635453 0.0000000 0.0452221 0.0543076 0.0597755 0.0807003 0.1046229 0.1132011 0.0811565 0.5401590 0.6083847 
taxon11    0.3650628 0.4068396 0.3380350 0.2028127 0.1790639 0.1396300 0.1286756 0.1512590 0.2008627 0.1971026 0.0452221 0.0000000 0.0712713 0.0822003 0.1094971 0.1207889 0.1489162 0.1101243 0.5558609 0.6169369 
taxon12    0.3337456 0.3652596 0.3001463 0.1509604 0.1392293 0.1049160 0.0937606 0.1265964 0.1641403 0.1628194 0.0543076 0.0712713 0.0000000 0.0096549 0.0493607 0.0715970 0.0749906 0.0495816 0.5360376 0.6033879 
taxon13    0.3496100 0.3588185 0.3079769 0.1503661 0.1386816 0.1045038 0.1050970 0.1261018 0.1767356 0.1752562 0.0597755 0.0822003 0.0096549 0.0000000 0.0597790 0.0825745 0.0697304 0.0493905 0.5558129 0.6251030 
taxon14    0.3248508 0.3647177 0.3127040 0.1819823 0.1762273 0.1149462 0.1142477 0.1541337 0.1960421 0.1916440 0.0807003 0.1094971 0.0493607 0.0597790 0.0000000 0.0455735 0.0800491 0.0444013 0.5497217 0.6176304 
taxon15    0.3476692 0.3887968 0.3347308 0.2182477 0.2060214 0.1532262 0.1403783 0.1823551 0.2271754 0.2220109 0.1046229 0.1207889 0.0715970 0.0825745 0.0455735 0.0000000 0.0977136 0.0608914 0.5846102 0.6517635 
taxon16    0.3711103 0.3805105 0.3458806 0.2051807 0.1874511 0.1560462 0.1450086 0.1742048 0.2217300 0.2151136 0.1132011 0.1489162 0.0749906 0.0697304 0.0800491 0.0977136 0.0000000 0.0340780 0.5796476 0.6583581 
taxon17    0.3295187 0.3535253 0.3017239 0.1819779 0.1645036 0.1205720 0.1098562 0.1436425 0.1911812 0.1884617 0.0811565 0.1101243 0.0495816 0.0493905 0.0444013 0.0608914 0.0340780 0.0000000 0.5532819 0.6294457 
taxon18    0.4336987 0.4422988 0.3886153 0.5089620 0.4959537 0.5817447 0.5422700 0.5448877 0.5931557 0.5619347 0.5401590 0.5558609 0.5360376 0.5558129 0.5497217 0.5846102 0.5796476 0.5532819 0.0000000 0.1478947 
taxon19    0.4675138 0.4809073 0.4312263 0.5680700 0.5448760 0.6173551 0.6016345 0.5823193 0.6484164 0.6285844 0.6083847 0.6169369 0.6033879 0.6251030 0.6176304 0.6517635 0.6583581 0.6294457 0.1478947 0.0000000 
