20
taxon0     0.0000000 0.0978246 0.3814148 0.3593516 0.3281569 0.4198526 0.4142323 0.4273775 0.4977840 0.5084192 0.5372418 0.8373185 0.7471812 0.8071468 0.8755561 0.8487260 0.9339136 0.8051647 0.7630012 0.8534877 
taxon1     0.0978246 0.0000000 0.3061516 0.2794296 0.2243779 0.3678185 0.3190033 0.3541421 0.3980458 0.4345247 0.4465074 0.7502472 0.6495886 0.6995862 0.7508319 0.7513353 0.8095235 0.7250969 0.7012762 0.8043937 
taxon2     0.3814148 0.3061516 0.0000000 0.1095531 0.1569337 0.2835991 0.2962099 0.5157869 0.5332909 0.5684963 0.5946111 0.8291920 0.8025851 0.7893920 0.9197302 0.8262567 0.8583641 0.8285663 0.7746098 0.8932199 
taxon3     0.3593516 0.2794296 0.1095531 0.0000000 0.0881151 0.2970348 0.2785113 0.5050464 0.5254134 0.5630881 0.5755995 0.7644290 0.7104112 0.7552035 0.8515032 0.7832273 0.7945181 0.7656568 0.7252302 0.8269826 
taxon4     0.3281569 0.2243779 0.1569337 0.0881151 0.0000000 0.3537838 0.3330055 0.4522662 0.4712819 0.5111386 0.5270639 0.7852384 0.7030049 0.7284314 0.8365124 0.8185660 0.8199018 0.7691928 0.7187946 0.8417774 
taxon5     0.4198526 0.3678185 0.2835991 0.2970348 0.3537838 0.0000000 0.1096547 0.5429711 0.5850833 0.6173424 0.6253138 0.8393812 0.8733301 0.8335104 0.9516193 0.9015145 0.9329996 0.8437466 0.7838948 0.9032535 
taxon6     0.4142323 0.3190033 0.2962099 0.2785113 0.3330055 0.1096547 0.0000000 0.4913939 0.5230416 0.5629856 0.5693232 0.8148952 0.7958525 0.7850469 0.8995050 0.8821099 0.9058212 0.7857385 0.7634599 0.8729264 
taxon7     0.4273775 0.3541421 0.5157869 0.5050464 0.4522662 0.5429711 0.4913939 0.0000000 0.1782577 0.2029264 0.2184003 0.6983689 0.6427126 0.6479917 0.6723401 0.7073187 0.7162624 0.6387229 0.6176169 0.7115114 
taxon8     0.4977840 0.3980458 0.5332909 0.5254134 0.4712819 0.5850833 0.5230416 0.1782577 0.0000000 0.1556430 0.1779506 0.6698682 0.6088465 0.6095956 0.6934230 0.7004681 0.7029343 0.6154439 0.6056360 0.7059472 
taxon9     0.5084192 0.4345247 0.5684963 0.5630881 0.5111386 0.6173424 0.5629856 0.2029264 0.1556430 0.0000000 0.0874481 0.7288750 0.7001004 0.6756590 0.7468456 0.7307987 0.7233425 0.7084338 0.6894964 0.7867740 
taxon10    0.5372418 0.4465074 0.5946111 0.5755995 0.5270639 0.6253138 0.5693232 0.2184003 0.1779506 0.0874481 0.0000000 0.7505408 0.7074353 0.6969422 0.7653072 0.7269561 0.7244521 0.7066485 0.6796392 0.7978749 
taxon11    0.8373185 0.7502472 0.8291920 0.7644290 0.7852384 0.8393812 0.8148952 0.6983689 0.6698682 0.7288750 0.7505408 0.0000000 0.3630232 0.3734999 0.4114041 0.4697384 0.5576204 0.3437290 0.3901654 0.4281538 
taxon12    0.7471812 0.6495886 0.8025851 0.7104112 0.7030049 0.8733301 0.7958525 0.6427126 0.6088465 0.7001004 0.7074353 0.3630232 0.0000000 0.1591642 0.2244828 0.3262681 0.2923586 0.4223979 0.4332364 0.4748943 
taxon13    0.8071468 0.6995862 0.7893920 0.7552035 0.7284314 0.8335104 0.7850469 0.6479917 0.6095956 0.6756590 0.6969422 0.3734999 0.1591642 0.0000000 0.1805536 0.2472134 0.2838402 0.3911314 0.4519057 0.4986239 
taxon14    0.8755561 0.7508319 0.9197302 0.8515032 0.8365124 0.9516193 0.8995050 0.6723401 0.6934230 0.7468456 0.7653072 0.4114041 0.2244828 0.1805536 0.0000000 0.2310886 0.2648828 0.4948162 0.5050105 0.5913057 
taxon15    0.8487260 0.7513353 0.8262567 0.7832273 0.8185660 0.9015145 0.8821099 0.7073187 0.7004681 0.7307987 0.7269561 0.4697384 0.3262681 0.2472134 0.2310886 0.0000000 0.1024782 0.5452950 0.6000073 0.6441218 
taxon16    0.9339136 0.8095235 0.8583641 0.7945181 0.8199018 0.9329996 0.9058212 0.7162624 0.7029343 0.7233425 0.7244521 0.5576204 0.2923586 0.2838402 0.2648828 0.1024782 0.0000000 0.6113692 0.6363626 0.6661255 
taxon17    0.8051647 0.7250969 0.8285663 0.7656568 0.7691928 0.8437466 0.7857385 0.6387229 0.6154439 0.7084338 0.7066485 0.3437290 0.4223979 0.3911314 0.4948162 0.5452950 0.6113692 0.0000000 0.2587742 0.3078078 
taxon18    0.7630012 0.7012762 0.7746098 0.7252302 0.7187946 0.7838948 0.7634599 0.6176169 0.6056360 0.6894964 0.6796392 0.3901654 0.4332364 0.4519057 0.5050105 0.6000073 0.6363626 0.2587742 0.0000000 0.1694856 
taxon19    0.8534877 0.8043937 0.8932199 0.8269826 0.8417774 0.9032535 0.8729264 0.7115114 0.7059472 0.7867740 0.7978749 0.4281538 0.4748943 0.4986239 0.5913057 0.6441218 0.6661255 0.3078078 0.1694856 0.0000000 
