20
taxon0     0.0000000 0.0730504 0.0565715 0.0743016 0.0798816 0.3110540 0.3315816 0.3353619 0.3340515 0.3278788 0.3240933 0.3314987 0.3348785 0.3470404 0.3101175 0.3367729 0.3333193 0.3727694 0.3386533 0.3259529 
taxon1     0.0730504 0.0000000 0.0445669 0.0736071 0.0616012 0.3421648 0.3404796 0.3277717 0.3420014 0.3502879 0.3394035 0.3490929 0.3312446 0.3298662 0.3115393 0.3124806 0.3177536 0.3682182 0.3253782 0.3336541 
taxon2     0.0565715 0.0445669 0.0000000 0.0791848 0.0670202 0.3203935 0.3187340 0.3065036 0.3047834 0.3284738 0.3176522 0.3249518 0.3255446 0.3241840 0.3056905 0.3154397 0.2966467 0.3510654 0.3174782 0.3255219 
taxon3     0.0743016 0.0736071 0.0791848 0.0000000 0.0306054 0.2718908 0.2703104 0.2741926 0.3083684 0.2998939 0.2816510 0.3208117 0.3268974 0.3255149 0.3127711 0.3185282 0.3310183 0.3796852 0.3363422 0.2960142 
taxon4     0.0798816 0.0616012 0.0670202 0.0306054 0.0000000 0.2949781 0.2778192 0.2971848 0.2952287 0.2874136 0.3051858 0.3454482 0.3300518 0.3147134 0.3158769 0.3257537 0.3382705 0.3876752 0.3435811 0.3031706 
taxon5     0.3110540 0.3421648 0.3203935 0.2718908 0.2949781 0.0000000 0.0199677 0.0351266 0.0464216 0.0463102 0.0255077 0.0418242 0.0839719 0.0911112 0.0756361 0.0805618 0.0911526 0.1518828 0.0962694 0.0571325 
taxon6     0.3315816 0.3404796 0.3187340 0.2703104 0.2778192 0.0199677 0.0000000 0.0347213 0.0458993 0.0352125 0.0251946 0.0518006 0.0906605 0.0902315 0.0856989 0.0905788 0.1011274 0.1622161 0.1062062 0.0669695 
taxon7     0.3353619 0.3277717 0.3065036 0.2741926 0.2971848 0.0351266 0.0347213 0.0000000 0.0511350 0.0510145 0.0302729 0.0677252 0.0893357 0.0889188 0.0910876 0.0959572 0.0948214 0.1678419 0.1115733 0.0770179 
taxon8     0.3340515 0.3420014 0.3047834 0.3083684 0.2952287 0.0464216 0.0458993 0.0511350 0.0000000 0.0394954 0.0520933 0.0570304 0.1061695 0.1056776 0.1012041 0.1083936 0.1071665 0.1631336 0.1122433 0.0839748 
taxon9     0.3278788 0.3502879 0.3284738 0.2998939 0.2874136 0.0463102 0.0352125 0.0510145 0.0394954 0.0000000 0.0519687 0.0679314 0.1002102 0.0997453 0.0952814 0.1145241 0.1252664 0.1885556 0.1303837 0.0897944 
taxon10    0.3240933 0.3394035 0.3176522 0.2816510 0.3051858 0.0255077 0.0251946 0.0302729 0.0520933 0.0519687 0.0000000 0.0352928 0.0850216 0.0846176 0.0850425 0.0899024 0.1004086 0.1612928 0.1054700 0.0736527 
taxon11    0.3314987 0.3490929 0.3249518 0.3208117 0.3454482 0.0418242 0.0518006 0.0677252 0.0570304 0.0679314 0.0352928 0.0000000 0.1024756 0.1019932 0.0914954 0.0901779 0.0952963 0.1442709 0.0894790 0.0799266 
taxon12    0.3348785 0.3312446 0.3255446 0.3268974 0.3300518 0.0839719 0.0906605 0.0893357 0.1061695 0.1002102 0.0850216 0.1024756 0.0000000 0.0097501 0.0659138 0.0947089 0.0935994 0.1726448 0.1101665 0.0680871 
taxon13    0.3470404 0.3298662 0.3241840 0.3255149 0.3147134 0.0911112 0.0902315 0.0889188 0.1056776 0.0997453 0.0846176 0.1019932 0.0097501 0.0000000 0.0656057 0.0942682 0.0931684 0.1718766 0.1096655 0.0677609 
taxon14    0.3101175 0.3115393 0.3056905 0.3127711 0.3158769 0.0756361 0.0856989 0.0910876 0.1012041 0.0952814 0.0850425 0.0914954 0.0659138 0.0656057 0.0000000 0.0250399 0.0350048 0.0953485 0.0399199 0.0357965 
taxon15    0.3367729 0.3124806 0.3154397 0.3185282 0.3257537 0.0805618 0.0905788 0.0959572 0.1083936 0.1145241 0.0899024 0.0901779 0.0947089 0.0942682 0.0250399 0.0000000 0.0195633 0.0719936 0.0193361 0.0403300 
taxon16    0.3333193 0.3177536 0.2966467 0.3310183 0.3382705 0.0911526 0.1011274 0.0948214 0.1071665 0.1252664 0.1004086 0.0952963 0.0935994 0.0931684 0.0350048 0.0195633 0.0000000 0.0769929 0.0241288 0.0503510 
taxon17    0.3727694 0.3682182 0.3510654 0.3796852 0.3876752 0.1518828 0.1622161 0.1678419 0.1631336 0.1885556 0.1612928 0.1442709 0.1726448 0.1718766 0.0953485 0.0719936 0.0769929 0.0000000 0.0610809 0.1058458 
taxon18    0.3386533 0.3253782 0.3174782 0.3363422 0.3435811 0.0962694 0.1062062 0.1115733 0.1122433 0.1303837 0.1054700 0.0894790 0.1101665 0.1096655 0.0399199 0.0193361 0.0241288 0.0610809 0.0000000 0.0552699 
taxon19    0.3259529 0.3336541 0.3255219 0.2960142 0.3031706 0.0571325 0.0669695 0.0770179 0.0839748 0.0897944 0.0736527 0.0799266 0.0680871 0.0677609 0.0357965 0.0403300 0.0503510 0.1058458 0.0552699 0.0000000 
