20
taxon0     0.0000000 0.8024882 0.7010529 1.4462988 1.0083458 1.8000669 1.8446245 3.6520817 1.9393512 2.0779741 2.2253886 2.1445261 2.4704474 2.5968247 2.3180773 1.9360111 1.9042768 1.7844702 1.9060524 1.9331720 
taxon1     0.8024882 0.0000000 0.7180784 1.2359133 1.0859342 1.5024089 1.5370867 2.6761722 1.3233251 1.8441871 1.9880181 1.9630058 2.6230579 2.6182188 1.3606809 1.8406880 2.0980933 2.0254462 2.0825157 1.8684955 
taxon2     0.7010529 0.7180784 0.0000000 1.4789890 1.1263947 1.8001106 1.8469938 2.8890643 1.8609698 2.4524328 2.3824203 2.2620843 2.6541065 2.6743681 2.2680200 1.9547986 1.7614249 2.0594559 1.9571704 1.9486866 
taxon3     1.4462988 1.2359133 1.4789890 0.0000000 0.5320436 1.4250778 1.2318300 1.8657310 1.3495191 2.0331754 2.2291475 2.1444835 2.5385899 2.0221318 1.7345504 2.2613515 2.0114929 2.0805498 2.1841329 2.2637675 
taxon4     1.0083458 1.0859342 1.1263947 0.5320436 0.0000000 1.3419533 1.2720942 1.9669171 1.3723157 1.7809775 1.7549821 1.9502497 2.1878400 1.9215612 1.6336225 2.0411653 1.7108992 1.7768548 1.6420643 1.6532744 
taxon5     1.8000669 1.5024089 1.8001106 1.4250778 1.3419533 0.0000000 0.3208336 1.7894106 1.2431634 1.5555907 1.9154546 1.6414892 1.8053745 2.1087913 1.5498765 2.9758403 2.8193816 2.2040508 2.6676152 2.5461797 
taxon6     1.8446245 1.5370867 1.8469938 1.2318300 1.2720942 0.3208336 0.0000000 1.5465132 1.0979266 1.4813093 1.8573987 1.5561451 1.8016206 2.0490566 1.5441261 2.5790723 2.4378084 2.0589944 2.4191774 2.3928652 
taxon7     3.6520817 2.6761722 2.8890643 1.8657310 1.9669171 1.7894106 1.5465132 0.0000000 0.4155112 1.3461143 1.2860806 1.1855167 1.5417171 1.5915077 1.2745897 4.6735570 3.5894386 3.8522314 4.3115692 3.7800540 
taxon8     1.9393512 1.3233251 1.8609698 1.3495191 1.3723157 1.2431634 1.0979266 0.4155112 0.0000000 0.9113884 0.9152073 0.9431013 1.2074724 1.1129548 0.8968430 2.5447221 2.2929529 2.1144427 2.3649405 2.1908902 
taxon9     2.0779741 1.8441871 2.4524328 2.0331754 1.7809775 1.5555907 1.4813093 1.3461143 0.9113884 0.0000000 0.3967108 0.9398935 1.1081593 1.1233554 1.2032884 3.5470020 2.8742378 3.1894327 4.4232747 3.1793543 
taxon10    2.2253886 1.9880181 2.3824203 2.2291475 1.7549821 1.9154546 1.8573987 1.2860806 0.9152073 0.3967108 0.0000000 0.9890953 1.1162353 1.2329809 1.1699883 4.0176173 3.5780529 3.1274417 5.6049942 3.4621533 
taxon11    2.1445261 1.9630058 2.2620843 2.1444835 1.9502497 1.6414892 1.5561451 1.1855167 0.9431013 0.9398935 0.9890953 0.0000000 0.2949437 0.6132468 0.5680633 7.0113766 3.2847948 2.9979963 3.3759442 2.9747794 
taxon12    2.4704474 2.6230579 2.6541065 2.5385899 2.1878400 1.8053745 1.8016206 1.5417171 1.2074724 1.1081593 1.1162353 0.2949437 0.0000000 0.8168150 0.8123001 6.1667801 4.3898557 3.2778607 5.7548951 3.6620325 
taxon13    2.5968247 2.6182188 2.6743681 2.0221318 1.9215612 2.1087913 2.0490566 1.5915077 1.1129548 1.1233554 1.2329809 0.6132468 0.8168150 0.0000000 0.5701551 4.5467626 3.0011582 3.8914990 3.0544514 3.2043607 
taxon14    2.3180773 1.3606809 2.2680200 1.7345504 1.6336225 1.5498765 1.5441261 1.2745897 0.8968430 1.2032884 1.1699883 0.5680633 0.8123001 0.5701551 0.0000000 3.5347145 2.8199436 2.3750115 2.8614481 2.6340475 
taxon15    1.9360111 1.8406880 1.9547986 2.2613515 2.0411653 2.9758403 2.5790723 4.6735570 2.5447221 3.5470020 4.0176173 7.0113766 6.1667801 4.5467626 3.5347145 0.0000000 0.6020344 1.5879586 1.3846531 1.2611824 
taxon16    1.9042768 2.0980933 1.7614249 2.0114929 1.7108992 2.8193816 2.4378084 3.5894386 2.2929529 2.8742378 3.5780529 3.2847948 4.3898557 3.0011582 2.8199436 0.6020344 0.0000000 1.3293708 1.1561935 1.0578800 
taxon17    1.7844702 2.0254462 2.0594559 2.0805498 1.7768548 2.2040508 2.0589944 3.8522314 2.1144427 3.1894327 3.1274417 2.9979963 3.2778607 3.8914990 2.3750115 1.5879586 1.3293708 0.0000000 0.7232016 0.5910483 
taxon18    1.9060524 2.0825157 1.9571704 2.1841329 1.6420643 2.6676152 2.4191774 4.3115692 2.3649405 4.4232747 5.6049942 3.3759442 5.7548951 3.0544514 2.8614481 1.3846531 1.1561935 0.7232016 0.0000000 0.4856722 
taxon19    1.9331720 1.8684955 1.9486866 2.2637675 1.6532744 2.5461797 2.3928652 3.7800540 2.1908902 3.1793543 3.4621533 2.9747794 3.6620325 3.2043607 2.6340475 1.2611824 1.0578800 0.5910483 0.4856722 0.0000000 
