20
taxon0     0.0000000 0.0100530 0.0305709 0.0251071 0.0303582 0.0254619 0.0307287 0.0358855 0.1746170 0.1561284 0.1621970 0.1567306 0.1425050 0.1483578 0.1424018 0.1558763 0.1760321 0.1696349 0.1573683 0.1636128 
taxon1     0.0100530 0.0000000 0.0201256 0.0253425 0.0306418 0.0150867 0.0305186 0.0356430 0.1736596 0.1552429 0.1489383 0.1580535 0.1560500 0.1619936 0.1559337 0.1549927 0.1750634 0.1686913 0.1564721 0.1626917 
taxon2     0.0305709 0.0201256 0.0000000 0.0150516 0.0202213 0.0254095 0.0303457 0.0303431 0.1726147 0.1661957 0.1598646 0.1691645 0.1551085 0.1610172 0.1669181 0.1540620 0.1691447 0.1628079 0.1506395 0.1568304 
taxon3     0.0251071 0.0253425 0.0150516 0.0000000 0.0049510 0.0203527 0.0253179 0.0304112 0.1668066 0.1604279 0.1541330 0.1487246 0.1352105 0.1409872 0.1467574 0.1483475 0.1681519 0.1618554 0.1622116 0.1684369 
taxon4     0.0303582 0.0306418 0.0202213 0.0049510 0.0000000 0.0256353 0.0306109 0.0357480 0.1738611 0.1674065 0.1610402 0.1423858 0.1419009 0.1477279 0.1535480 0.1552079 0.1752648 0.1688982 0.1692742 0.1755637 
taxon5     0.0254619 0.0150867 0.0254095 0.0203527 0.0256353 0.0000000 0.0149933 0.0200129 0.1684124 0.1619655 0.1556043 0.1648923 0.1507943 0.1567414 0.1626803 0.1497622 0.1549314 0.1487298 0.1490519 0.1551923 
taxon6     0.0307287 0.0305186 0.0303457 0.0253179 0.0306109 0.0149933 0.0000000 0.0049312 0.1488500 0.1425767 0.1605006 0.1698382 0.1434363 0.1437034 0.1493645 0.1424533 0.1475834 0.1414727 0.1417743 0.1478295 
taxon7     0.0358855 0.0356430 0.0303431 0.0304112 0.0357480 0.0200129 0.0049312 0.0000000 0.1546705 0.1483676 0.1663448 0.1758007 0.1492542 0.1495322 0.1551971 0.1482402 0.1472772 0.1411788 0.1414800 0.1475223 
taxon8     0.1746170 0.1736596 0.1726147 0.1668066 0.1738611 0.1684124 0.1488500 0.1546705 0.0000000 0.0146502 0.0446889 0.0616307 0.0402267 0.0402938 0.0453299 0.0295906 0.0451453 0.0400001 0.0506983 0.0452129 
taxon9     0.1561284 0.1552429 0.1661957 0.1604279 0.1674065 0.1619655 0.1425767 0.1483676 0.0146502 0.0000000 0.0295765 0.0458921 0.0350611 0.0351194 0.0300067 0.0245624 0.0399712 0.0348630 0.0454475 0.0400308 
taxon10    0.1621970 0.1489383 0.1598646 0.1541330 0.1610402 0.1556043 0.1605006 0.1663448 0.0446889 0.0295765 0.0000000 0.0302714 0.0299004 0.0349325 0.0298839 0.0146435 0.0347973 0.0247444 0.0401615 0.0298321 
taxon11    0.1567306 0.1580535 0.1691645 0.1487246 0.1423858 0.1648923 0.1698382 0.1758007 0.0616307 0.0458921 0.0302714 0.0000000 0.0198891 0.0248971 0.0198783 0.0353918 0.0461619 0.0461345 0.0463056 0.0515025 
taxon12    0.1425050 0.1560500 0.1551085 0.1352105 0.1419009 0.1507943 0.1434363 0.1492542 0.0402267 0.0350611 0.0299004 0.0198891 0.0000000 0.0048757 0.0097636 0.0148532 0.0251129 0.0250982 0.0251892 0.0302576 
taxon13    0.1483578 0.1619936 0.1610172 0.1409872 0.1477279 0.1567414 0.1437034 0.1495322 0.0402938 0.0351194 0.0349325 0.0248971 0.0048757 0.0000000 0.0097869 0.0198314 0.0301758 0.0301582 0.0302686 0.0353482 
taxon14    0.1424018 0.1559337 0.1669181 0.1467574 0.1535480 0.1626803 0.1493645 0.1551971 0.0453299 0.0300067 0.0298839 0.0198783 0.0097636 0.0097869 0.0000000 0.0248190 0.0352463 0.0352257 0.0353548 0.0404457 
taxon15    0.1558763 0.1549927 0.1540620 0.1483475 0.1552079 0.1497622 0.1424533 0.1482402 0.0295906 0.0245624 0.0146435 0.0353918 0.0148532 0.0198314 0.0248190 0.0000000 0.0197525 0.0098330 0.0249341 0.0148177 
taxon16    0.1760321 0.1750634 0.1691447 0.1681519 0.1752648 0.1549314 0.1475834 0.1472772 0.0451453 0.0399712 0.0347973 0.0461619 0.0251129 0.0301758 0.0352463 0.0197525 0.0000000 0.0097515 0.0198100 0.0146953 
taxon17    0.1696349 0.1686913 0.1628079 0.1618554 0.1688982 0.1487298 0.1414727 0.1411788 0.0400001 0.0348630 0.0247444 0.0461345 0.0250982 0.0301582 0.0352257 0.0098330 0.0097515 0.0000000 0.0147710 0.0048766 
taxon18    0.1573683 0.1564721 0.1506395 0.1622116 0.1692742 0.1490519 0.1417743 0.1414800 0.0506983 0.0454475 0.0401615 0.0463056 0.0251892 0.0302686 0.0353548 0.0249341 0.0198100 0.0147710 0.0000000 0.0098338 
taxon19    0.1636128 0.1626917 0.1568304 0.1684369 0.1755637 0.1551923 0.1478295 0.1475223 0.0452129 0.0400308 0.0298321 0.0515025 0.0302576 0.0353482 0.0404457 0.0148177 0.0146953 0.0048766 0.0098338 0.0000000 
