20
taxon0     0.0000000 0.6774981 0.5327893 1.0172287 0.8037685 1.0217538 1.0961840 1.3029574 1.1637030 1.0876373 0.9743427 0.8023738 0.7979637 1.3306014 1.2488064 1.2700486 1.5912695 1.6385306 1.3315789 1.7206495 
taxon1     0.6774981 0.0000000 0.3333953 0.6575803 0.4962351 0.8522572 0.9019764 1.0799444 1.1146488 0.8803293 0.7923480 0.6816545 0.6842380 1.1445060 0.9981792 1.0550571 1.4624906 1.3714597 1.0759668 1.3421439 
taxon2     0.5327893 0.3333953 0.0000000 0.3953083 0.2431784 0.6798757 0.8319024 0.9385750 0.9817418 0.7893133 0.6942768 0.5626182 0.5771617 1.0134431 0.8391715 0.9559813 1.2274746 1.2257604 0.9697880 1.2631791 
taxon3     1.0172287 0.6575803 0.3953083 0.0000000 0.3372975 1.0092101 1.1785500 1.4054991 1.2354732 1.0844465 1.0162995 0.9553553 0.9830575 1.4215590 1.2738766 1.2985827 1.6192297 1.4404623 1.2100232 1.3840062 
taxon4     0.8037685 0.4962351 0.2431784 0.3372975 0.0000000 0.9187703 1.0662824 1.2282412 1.1826871 0.9348496 0.8611023 0.8001473 0.8067883 1.2274721 1.0844821 1.1605043 1.3654653 1.4695620 1.1379485 1.3686185 
taxon5     1.0217538 0.8522572 0.6798757 1.0092101 0.9187703 0.0000000 0.5844949 0.7829390 0.7903957 0.7320271 0.6646723 0.5594865 0.5398003 0.9340350 0.8520358 1.0330580 1.5073097 1.4882725 1.1216462 1.3207352 
taxon6     1.0961840 0.9019764 0.8319024 1.1785500 1.0662824 0.5844949 0.0000000 0.5608723 0.6449959 0.7730809 0.6750230 0.5831411 0.5878831 1.1369520 0.9689279 1.2102648 1.5246983 1.5063812 1.1813540 1.5474599 
taxon7     1.3029574 1.0799444 0.9385750 1.4054991 1.2282412 0.7829390 0.5608723 0.0000000 0.7379541 0.9378325 0.8219273 0.7599895 0.8114109 1.2613329 1.1779221 1.2263172 1.4403655 1.4693857 1.3030424 1.5615169 
taxon8     1.1637030 1.1146488 0.9817418 1.2354732 1.1826871 0.7903957 0.6449959 0.7379541 0.0000000 0.9015816 0.8550756 0.7935073 0.8424279 1.2630022 1.1019142 1.3241951 1.6605764 1.7948652 1.4273179 1.6598768 
taxon9     1.0876373 0.8803293 0.7893133 1.0844465 0.9348496 0.7320271 0.7730809 0.9378325 0.9015816 0.0000000 0.5637459 0.4772029 0.5487282 0.8806454 0.8249815 0.9840422 1.2543328 1.3471585 1.1505339 1.2362823 
taxon10    0.9743427 0.7923480 0.6942768 1.0162995 0.8611023 0.6646723 0.6750230 0.8219273 0.8550756 0.5637459 0.0000000 0.4092415 0.4498704 0.8816580 0.7359116 0.9756079 1.4175349 1.2869223 1.1003255 1.2124512 
taxon11    0.8023738 0.6816545 0.5626182 0.9553553 0.8001473 0.5594865 0.5831411 0.7599895 0.7935073 0.4772029 0.4092415 0.0000000 0.3150317 0.6848094 0.6488251 0.7648869 1.1347986 1.0509927 0.9296191 1.1897601 
taxon12    0.7979637 0.6842380 0.5771617 0.9830575 0.8067883 0.5398003 0.5878831 0.8114109 0.8424279 0.5487282 0.4498704 0.3150317 0.0000000 0.5414854 0.5014391 0.8820754 1.1454555 1.2613614 1.0651147 1.4443224 
taxon13    1.3306014 1.1445060 1.0134431 1.4215590 1.2274721 0.9340350 1.1369520 1.2613329 1.2630022 0.8806454 0.8816580 0.6848094 0.5414854 0.0000000 0.5991105 1.2285922 1.5720314 1.6026672 1.4217485 1.5197473 
taxon14    1.2488064 0.9981792 0.8391715 1.2738766 1.0844821 0.8520358 0.9689279 1.1779221 1.1019142 0.8249815 0.7359116 0.6488251 0.5014391 0.5991105 0.0000000 1.1407333 1.4147871 1.4300926 1.2301712 1.3990235 
taxon15    1.2700486 1.0550571 0.9559813 1.2985827 1.1605043 1.0330580 1.2102648 1.2263172 1.3241951 0.9840422 0.9756079 0.7648869 0.8820754 1.2285922 1.1407333 0.0000000 0.6194291 0.8407680 0.7155952 1.0378478 
taxon16    1.5912695 1.4624906 1.2274746 1.6192297 1.3654653 1.5073097 1.5246983 1.4403655 1.6605764 1.2543328 1.4175349 1.1347986 1.1454555 1.5720314 1.4147871 0.6194291 0.0000000 1.2132232 1.1172838 1.3733843 
taxon17    1.6385306 1.3714597 1.2257604 1.4404623 1.4695620 1.4882725 1.5063812 1.4693857 1.7948652 1.3471585 1.2869223 1.0509927 1.2613614 1.6026672 1.4300926 0.8407680 1.2132232 0.0000000 0.4902451 0.8245653 
taxon18    1.3315789 1.0759668 0.9697880 1.2100232 1.1379485 1.1216462 1.1813540 1.3030424 1.4273179 1.1505339 1.1003255 0.9296191 1.0651147 1.4217485 1.2301712 0.7155952 1.1172838 0.4902451 0.0000000 0.4476390 
taxon19    1.7206495 1.3421439 1.2631791 1.3840062 1.3686185 1.3207352 1.5474599 1.5615169 1.6598768 1.2362823 1.2124512 1.1897601 1.4443224 1.5197473 1.3990235 1.0378478 1.3733843 0.8245653 0.4476390 0.0000000 
