20
taxon0     0.0000000 0.0572104 0.0512598 0.0898292 0.1380974 0.1484243 0.1480278 0.1808873 0.1948444 0.1871771 0.1959733 0.1952682 0.1954229 0.1929488 0.2088705 0.2120557 0.1560537 0.2109708 0.2305841 0.2256076 
taxon1     0.0572104 0.0000000 0.0357347 0.1296778 0.1611942 0.1599093 0.1653021 0.2011919 0.2186670 0.2105572 0.2129860 0.2140104 0.2138176 0.2114692 0.2131688 0.2227797 0.1773890 0.2042217 0.2356906 0.2181431 
taxon2     0.0512598 0.0357347 0.0000000 0.1169116 0.1541908 0.1592269 0.1646019 0.2040592 0.2164117 0.2083854 0.2114536 0.2107143 0.2109207 0.2082276 0.2125303 0.2221202 0.1826895 0.2218616 0.2382974 0.2376954 
taxon3     0.0898292 0.1296778 0.1169116 0.0000000 0.0807430 0.1155092 0.1152237 0.2019887 0.2100567 0.2021308 0.2112596 0.1979318 0.2056157 0.2029906 0.2206970 0.2240385 0.1743569 0.2165943 0.2296742 0.2258101 
taxon4     0.1380974 0.1611942 0.1541908 0.0807430 0.0000000 0.0733213 0.0677081 0.2391230 0.2465458 0.2472481 0.2523697 0.2362727 0.2363346 0.2332968 0.2511164 0.2615317 0.2237531 0.2417720 0.2478755 0.2415781 
taxon5     0.1484243 0.1599093 0.1592269 0.1155092 0.0733213 0.0000000 0.0365233 0.2098978 0.2420596 0.2277138 0.2368862 0.2230005 0.2172040 0.2144000 0.2389765 0.2519782 0.2037577 0.2213420 0.2381602 0.2211538 
taxon6     0.1480278 0.1653021 0.1646019 0.1152237 0.0677081 0.0365233 0.0000000 0.2248153 0.2580227 0.2433457 0.2469979 0.2386138 0.2327888 0.2297753 0.2460029 0.2492592 0.2089413 0.2269822 0.2438838 0.2267924 
taxon7     0.1808873 0.2011919 0.2040592 0.2019887 0.2391230 0.2098978 0.2248153 0.0000000 0.0573103 0.0411213 0.0466924 0.0633783 0.0695772 0.0572175 0.1054603 0.1054609 0.0767632 0.1167349 0.1402676 0.1322529 
taxon8     0.1948444 0.2186670 0.2164117 0.2100567 0.2465458 0.2420596 0.2580227 0.0573103 0.0000000 0.0306045 0.0468203 0.0688975 0.0682157 0.0623669 0.1210037 0.1217794 0.0980827 0.1508750 0.1624071 0.1595577 
taxon9     0.1871771 0.2105572 0.2083854 0.2021308 0.2472481 0.2277138 0.2433457 0.0411213 0.0306045 0.0000000 0.0307478 0.0525073 0.0518982 0.0462655 0.1026909 0.1036697 0.0868617 0.1203914 0.1370902 0.1346838 
taxon10    0.1959733 0.2129860 0.2114536 0.2112596 0.2523697 0.2368862 0.2469979 0.0466924 0.0468203 0.0307478 0.0000000 0.0532676 0.0523451 0.0469938 0.1080309 0.1145326 0.0972407 0.1375177 0.1428544 0.1471197 
taxon11    0.1952682 0.2140104 0.2107143 0.1979318 0.2362727 0.2230005 0.2386138 0.0633783 0.0688975 0.0525073 0.0532676 0.0000000 0.0428577 0.0311972 0.1292378 0.1361265 0.1108210 0.1531004 0.1527284 0.1567342 
taxon12    0.1954229 0.2138176 0.2109207 0.2056157 0.2363346 0.2172040 0.2327888 0.0695772 0.0682157 0.0518982 0.0523451 0.0428577 0.0000000 0.0103538 0.1263533 0.1331031 0.1082959 0.1495735 0.1566785 0.1606131 
taxon13    0.1929488 0.2114692 0.2082276 0.2029906 0.2332968 0.2144000 0.2297753 0.0572175 0.0623669 0.0462655 0.0469938 0.0311972 0.0103538 0.0000000 0.1217611 0.1284945 0.1037099 0.1449966 0.1519344 0.1559281 
taxon14    0.2088705 0.2131688 0.2125303 0.2206970 0.2511164 0.2389765 0.2460029 0.1054603 0.1210037 0.1026909 0.1080309 0.1292378 0.1263533 0.1217611 0.0000000 0.0638443 0.0694523 0.0741523 0.0947049 0.0922801 
taxon15    0.2120557 0.2227797 0.2221202 0.2240385 0.2615317 0.2519782 0.2492592 0.1054609 0.1217794 0.1036697 0.1145326 0.1361265 0.1331031 0.1284945 0.0638443 0.0000000 0.0701087 0.1025856 0.1173968 0.1144465 
taxon16    0.1560537 0.1773890 0.1826895 0.1743569 0.2237531 0.2037577 0.2089413 0.0767632 0.0980827 0.0868617 0.0972407 0.1108210 0.1082959 0.1037099 0.0694523 0.0701087 0.0000000 0.0628139 0.0867745 0.0742385 
taxon17    0.2109708 0.2042217 0.2218616 0.2165943 0.2417720 0.2213420 0.2269822 0.1167349 0.1508750 0.1203914 0.1375177 0.1531004 0.1495735 0.1449966 0.0741523 0.1025856 0.0628139 0.0000000 0.0593786 0.0368674 
taxon18    0.2305841 0.2356906 0.2382974 0.2296742 0.2478755 0.2381602 0.2438838 0.1402676 0.1624071 0.1370902 0.1428544 0.1527284 0.1566785 0.1519344 0.0947049 0.1173968 0.0867745 0.0593786 0.0000000 0.0205392 
taxon19    0.2256076 0.2181431 0.2376954 0.2258101 0.2415781 0.2211538 0.2267924 0.1322529 0.1595577 0.1346838 0.1471197 0.1567342 0.1606131 0.1559281 0.0922801 0.1144465 0.0742385 0.0368674 0.0205392 0.0000000 
