20
taxon0     0.0000000 0.2404666 0.2967895 0.3073644 0.3633457 0.4401813 0.2873972 0.3642738 0.3949136 0.4007563 0.3587734 0.4362213 0.4363325 0.4588593 0.4739523 0.4201651 0.4629037 0.4713926 0.4689147 0.4702977 
taxon1     0.2404666 0.0000000 0.2960110 0.3632349 0.4086955 0.4822002 0.2909107 0.3560501 0.4190499 0.4043196 0.4229968 0.4919885 0.4709001 0.4616205 0.5026162 0.4619928 0.4263791 0.4687080 0.5550244 0.5126308 
taxon2     0.2967895 0.2960110 0.0000000 0.1463925 0.2762706 0.3064982 0.3135778 0.3441616 0.3560914 0.3151729 0.3446252 0.4140228 0.3877044 0.4142485 0.4549740 0.4523611 0.5062650 0.5108516 0.5215741 0.5105436 
taxon3     0.3073644 0.3632349 0.1463925 0.0000000 0.3251927 0.3091449 0.3300628 0.3561225 0.3864437 0.3697369 0.3955362 0.4575951 0.4551856 0.4543778 0.4597558 0.4730709 0.5433311 0.5502433 0.5171868 0.5496866 
taxon4     0.3633457 0.4086955 0.2762706 0.3251927 0.0000000 0.2044011 0.3333385 0.4319146 0.4077615 0.3723173 0.4253453 0.4419050 0.4109652 0.4664081 0.4934040 0.4456097 0.5443241 0.5057158 0.5438588 0.5014954 
taxon5     0.4401813 0.4822002 0.3064982 0.3091449 0.2044011 0.0000000 0.3656046 0.4495986 0.4690280 0.4366945 0.4506740 0.4735276 0.4630447 0.5674161 0.5711065 0.5649184 0.5518489 0.5650048 0.5469262 0.5375108 
taxon6     0.2873972 0.2909107 0.3135778 0.3300628 0.3333385 0.3656046 0.0000000 0.2193663 0.2757876 0.2551193 0.2883858 0.2920621 0.2951330 0.3827622 0.4471735 0.4128445 0.4959090 0.4614160 0.5093414 0.4790169 
taxon7     0.3642738 0.3560501 0.3441616 0.3561225 0.4319146 0.4495986 0.2193663 0.0000000 0.3302822 0.2719154 0.3121366 0.3663472 0.3824960 0.3932422 0.4594900 0.4379965 0.5338719 0.5359300 0.5638801 0.5210288 
taxon8     0.3949136 0.4190499 0.3560914 0.3864437 0.4077615 0.4690280 0.2757876 0.3302822 0.0000000 0.1787039 0.2736059 0.2851083 0.3069648 0.3731057 0.4500230 0.4394483 0.4792176 0.5021312 0.5765041 0.5159416 
taxon9     0.4007563 0.4043196 0.3151729 0.3697369 0.3723173 0.4366945 0.2551193 0.2719154 0.1787039 0.0000000 0.1889206 0.2535446 0.2789794 0.3326377 0.3794087 0.3694718 0.4937641 0.5054784 0.5018082 0.5094141 
taxon10    0.3587734 0.4229968 0.3446252 0.3955362 0.4253453 0.4506740 0.2883858 0.3121366 0.2736059 0.1889206 0.0000000 0.2165165 0.2302935 0.3142555 0.3659812 0.3310081 0.5449274 0.4958992 0.5088615 0.5019093 
taxon11    0.4362213 0.4919885 0.4140228 0.4575951 0.4419050 0.4735276 0.2920621 0.3663472 0.2851083 0.2535446 0.2165165 0.0000000 0.2205783 0.3542017 0.4001280 0.3658489 0.4999652 0.4993689 0.5162277 0.4916135 
taxon12    0.4363325 0.4709001 0.3877044 0.4551856 0.4109652 0.4630447 0.2951330 0.3824960 0.3069648 0.2789794 0.2302935 0.2205783 0.0000000 0.2587278 0.3157272 0.3065650 0.5149048 0.5358481 0.5698495 0.5546952 
taxon13    0.4588593 0.4616205 0.4142485 0.4543778 0.4664081 0.5674161 0.3827622 0.3932422 0.3731057 0.3326377 0.3142555 0.3542017 0.2587278 0.0000000 0.1158687 0.1461732 0.5954779 0.5931849 0.6053680 0.5905895 
taxon14    0.4739523 0.5026162 0.4549740 0.4597558 0.4934040 0.5711065 0.4471735 0.4594900 0.4500230 0.3794087 0.3659812 0.4001280 0.3157272 0.1158687 0.0000000 0.1018237 0.6420474 0.6077645 0.6640323 0.6587068 
taxon15    0.4201651 0.4619928 0.4523611 0.4730709 0.4456097 0.5649184 0.4128445 0.4379965 0.4394483 0.3694718 0.3310081 0.3658489 0.3065650 0.1461732 0.1018237 0.0000000 0.5940073 0.5254023 0.5763412 0.5941122 
taxon16    0.4629037 0.4263791 0.5062650 0.5433311 0.5443241 0.5518489 0.4959090 0.5338719 0.4792176 0.4937641 0.5449274 0.4999652 0.5149048 0.5954779 0.6420474 0.5940073 0.0000000 0.2289923 0.2809809 0.2309038 
taxon17    0.4713926 0.4687080 0.5108516 0.5502433 0.5057158 0.5650048 0.4614160 0.5359300 0.5021312 0.5054784 0.4958992 0.4993689 0.5358481 0.5931849 0.6077645 0.5254023 0.2289923 0.0000000 0.3087382 0.2834607 
taxon18    0.4689147 0.5550244 0.5215741 0.5171868 0.5438588 0.5469262 0.5093414 0.5638801 0.5765041 0.5018082 0.5088615 0.5162277 0.5698495 0.6053680 0.6640323 0.5763412 0.2809809 0.3087382 0.0000000 0.1173152 
taxon19    0.4702977 0.5126308 0.5105436 0.5496866 0.5014954 0.5375108 0.4790169 0.5210288 0.5159416 0.5094141 0.5019093 0.4916135 0.5546952 0.5905895 0.6587068 0.5941122 0.2309038 0.2834607 0.1173152 0.0000000 
