20
taxon0     0.0000000 0.0413538 0.0415632 0.0359293 0.0621955 0.0565569 0.0836413 0.0950767 0.0779266 0.0787187 0.3145644 0.3145288 0.3304022 0.3091930 0.3312858 0.3014064 0.3248978 0.3030337 0.3178300 0.3200156 
taxon1     0.0413538 0.0000000 0.0100616 0.0049668 0.0520884 0.0465036 0.0623764 0.0735126 0.0568218 0.0574328 0.2962975 0.2962700 0.3117523 0.2753201 0.2965595 0.2679060 0.2903175 0.2559933 0.2700220 0.2854230 
taxon2     0.0415632 0.0100616 0.0000000 0.0049962 0.0523401 0.0467329 0.0567299 0.0738343 0.0570883 0.0577033 0.2873052 0.2966828 0.3121371 0.2667427 0.2877255 0.2594351 0.2815341 0.2476196 0.2614710 0.2766466 
taxon3     0.0359293 0.0049668 0.0049962 0.0000000 0.0465480 0.0410445 0.0567743 0.0677748 0.0512919 0.0518486 0.2875689 0.2875450 0.3028200 0.2669819 0.2879849 0.2596668 0.2817882 0.2478414 0.2617062 0.2768975 
taxon4     0.0621955 0.0520884 0.0523401 0.0465480 0.0000000 0.0250764 0.0557821 0.0665951 0.0620282 0.0626848 0.3052528 0.3052218 0.3114324 0.2953324 0.3077977 0.2877583 0.3243966 0.2757638 0.2900369 0.3057777 
taxon5     0.0565569 0.0465036 0.0467329 0.0410445 0.0250764 0.0000000 0.0558124 0.0666324 0.0564056 0.0570082 0.2964854 0.2964582 0.3117345 0.2867335 0.3080914 0.2792555 0.3154823 0.2673409 0.2814562 0.2969946 
taxon6     0.0836413 0.0623764 0.0567299 0.0567743 0.0557821 0.0558124 0.0000000 0.0198778 0.0354739 0.0358747 0.3185479 0.3339210 0.3252357 0.2924901 0.3116282 0.2981908 0.3210700 0.2862727 0.3005314 0.3162898 
taxon7     0.0950767 0.0735126 0.0738343 0.0677748 0.0665951 0.0666324 0.0198778 0.0000000 0.0354663 0.0465741 0.3510602 0.3510067 0.3420892 0.3236487 0.3432488 0.3294271 0.3532608 0.3172599 0.3320482 0.3485037 
taxon8     0.0779266 0.0568218 0.0570883 0.0512919 0.0620282 0.0564056 0.0354739 0.0354663 0.0000000 0.0100024 0.3347261 0.3346814 0.3506443 0.3011093 0.3363003 0.3068410 0.3370882 0.2948348 0.3092626 0.3252382 
taxon9     0.0787187 0.0574328 0.0577033 0.0518486 0.0626848 0.0570082 0.0358747 0.0465741 0.0100024 0.0000000 0.3369875 0.3369416 0.3529628 0.3032275 0.3385318 0.3089713 0.3393290 0.2969335 0.3114148 0.3274541 
taxon10    0.3145644 0.2962975 0.2873052 0.2875689 0.3052528 0.2964854 0.3185479 0.3510602 0.3347261 0.3369875 0.0000000 0.0099804 0.0201107 0.0465507 0.0678477 0.0412232 0.0521648 0.0462893 0.0358639 0.0465575 
taxon11    0.3145288 0.2962700 0.2966828 0.2875450 0.3052218 0.2964582 0.3339210 0.3510067 0.3346814 0.3369416 0.0099804 0.0000000 0.0201138 0.0572771 0.0788175 0.0518724 0.0630161 0.0569564 0.0464177 0.0572853 
taxon12    0.3304022 0.3117523 0.3121371 0.3028200 0.3114324 0.3117345 0.3252357 0.3420892 0.3506443 0.3529628 0.0201107 0.0201138 0.0000000 0.0682018 0.0787064 0.0627137 0.0740719 0.0678198 0.0571577 0.0682114 
taxon13    0.3091930 0.2753201 0.2667427 0.2669819 0.2953324 0.2867335 0.2924901 0.3236487 0.3011093 0.3032275 0.0465507 0.0572771 0.0682018 0.0000000 0.0400860 0.0148379 0.0401838 0.0351168 0.0249822 0.0251167 
taxon14    0.3312858 0.2965595 0.2877255 0.2879849 0.3077977 0.3080914 0.3116282 0.3432488 0.3363003 0.3385318 0.0678477 0.0788175 0.0787064 0.0400860 0.0000000 0.0249044 0.0505879 0.0557005 0.0453877 0.0559743 
taxon15    0.3014064 0.2679060 0.2594351 0.2596668 0.2877583 0.2792555 0.2981908 0.3294271 0.3068410 0.3089713 0.0412232 0.0518724 0.0627137 0.0148379 0.0249044 0.0000000 0.0249651 0.0299865 0.0199109 0.0301342 
taxon16    0.3248978 0.2903175 0.2815341 0.2817882 0.3243966 0.3154823 0.3210700 0.3532608 0.3370882 0.3393290 0.0521648 0.0630161 0.0740719 0.0401838 0.0505879 0.0249651 0.0000000 0.0558371 0.0454989 0.0452619 
taxon17    0.3030337 0.2559933 0.2476196 0.2478414 0.2757638 0.2673409 0.2862727 0.3172599 0.2948348 0.2969335 0.0462893 0.0569564 0.0678198 0.0351168 0.0557005 0.0299865 0.0558371 0.0000000 0.0098886 0.0251899 
taxon18    0.3178300 0.2700220 0.2614710 0.2617062 0.2900369 0.2814562 0.3005314 0.3320482 0.3092626 0.3114148 0.0358639 0.0464177 0.0571577 0.0249822 0.0453877 0.0199109 0.0454989 0.0098886 0.0000000 0.0251626 
taxon19    0.3200156 0.2854230 0.2766466 0.2768975 0.3057777 0.2969946 0.3162898 0.3485037 0.3252382 0.3274541 0.0465575 0.0572853 0.0682114 0.0251167 0.0559743 0.0301342 0.0452619 0.0251899 0.0251626 0.0000000 
