20
taxon0     0.0000000 0.0510863 0.0510863 0.0200641 0.0302535 0.0251214 0.0200978 0.0456275 0.0200822 0.0302729 0.0777691 0.0565046 0.0514872 0.0513893 0.1391632 0.1564226 0.1387391 0.1445900 0.1322904 0.1509969 
taxon1     0.0510863 0.0000000 0.0000010 0.0301495 0.0453929 0.0402038 0.0351794 0.0352673 0.0403488 0.0301227 0.0828475 0.0724227 0.0460422 0.0459547 0.1442333 0.1561726 0.1500122 0.1443541 0.1500304 0.1689774 
taxon2     0.0510863 0.0000010 0.0000000 0.0301495 0.0453929 0.0402038 0.0351794 0.0352673 0.0403488 0.0301227 0.0828475 0.0724227 0.0460422 0.0459547 0.1442333 0.1561726 0.1500122 0.1443541 0.1500304 0.1689774 
taxon3     0.0200641 0.0301495 0.0301495 0.0000000 0.0148590 0.0098711 0.0049358 0.0249373 0.0099060 0.0099276 0.0560955 0.0406284 0.0303867 0.0303295 0.1382009 0.1500636 0.1439492 0.1383168 0.1144472 0.1326870 
taxon4     0.0302535 0.0453929 0.0453929 0.0148590 0.0000000 0.0049258 0.0098801 0.0400457 0.0199150 0.0249092 0.0716571 0.0560655 0.0457468 0.0456608 0.1390289 0.1625826 0.1510746 0.1506988 0.1264730 0.1334765 
taxon5     0.0251214 0.0402038 0.0402038 0.0098711 0.0049258 0.0000000 0.0049227 0.0349151 0.0148834 0.0198567 0.0662979 0.0507858 0.0405176 0.0404418 0.1377823 0.1611664 0.1497375 0.1493674 0.1253284 0.1322746 
taxon6     0.0200978 0.0351794 0.0351794 0.0049358 0.0098801 0.0049227 0.0000000 0.0299285 0.0099228 0.0148931 0.0612024 0.0457112 0.0354553 0.0353890 0.1322963 0.1556367 0.1442183 0.1438615 0.1199028 0.1381989 
taxon7     0.0456275 0.0352673 0.0352673 0.0249373 0.0400457 0.0349151 0.0299285 0.0000000 0.0350400 0.0351175 0.0824806 0.0563009 0.0408042 0.0457575 0.1557213 0.1677531 0.1615330 0.1558509 0.1432634 0.1577064 
taxon8     0.0200822 0.0403488 0.0403488 0.0099060 0.0199150 0.0148834 0.0099228 0.0350400 0.0000000 0.0199273 0.0560012 0.0509709 0.0406648 0.0405884 0.1326652 0.1497847 0.1322636 0.1380614 0.1258185 0.1442402 
taxon9     0.0302729 0.0301227 0.0301227 0.0099276 0.0249092 0.0198567 0.0148931 0.0351175 0.0199273 0.0000000 0.0666923 0.0510861 0.0407560 0.0406787 0.1380612 0.1499107 0.1438033 0.1381769 0.1261275 0.1445989 
taxon10    0.0777691 0.0828475 0.0828475 0.0560955 0.0716571 0.0662979 0.0612024 0.0824806 0.0560012 0.0666923 0.0000000 0.0453650 0.0558988 0.0455643 0.1301018 0.1189091 0.1246507 0.1191501 0.1371746 0.1545388 
taxon11    0.0565046 0.0724227 0.0724227 0.0406284 0.0560655 0.0507858 0.0457112 0.0563009 0.0509709 0.0510861 0.0453650 0.0000000 0.0458349 0.0507655 0.1360303 0.1358649 0.1416901 0.1361429 0.1133824 0.1438944 
taxon12    0.0514872 0.0460422 0.0460422 0.0303867 0.0457468 0.0405176 0.0354553 0.0408042 0.0406648 0.0407560 0.0558988 0.0458349 0.0000000 0.0099239 0.1260701 0.1377754 0.1317548 0.1261761 0.1320631 0.1514988 
taxon13    0.0513893 0.0459547 0.0459547 0.0303295 0.0456608 0.0404418 0.0353890 0.0457575 0.0405884 0.0406787 0.0455643 0.0507655 0.0099239 0.0000000 0.1258109 0.1262644 0.1203112 0.1147635 0.1205952 0.1456278 
taxon14    0.1391632 0.1442333 0.1442333 0.1382009 0.1390289 0.1377823 0.1322963 0.1557213 0.1326652 0.1380612 0.1301018 0.1360303 0.1260701 0.1258109 0.0000000 0.0199083 0.0099332 0.0099107 0.0614668 0.0719788 
taxon15    0.1564226 0.1561726 0.1561726 0.1500636 0.1625826 0.1611664 0.1556367 0.1677531 0.1497847 0.1499107 0.1189091 0.1358649 0.1377754 0.1262644 0.0199083 0.0000000 0.0149267 0.0099442 0.0616790 0.0722274 
taxon16    0.1387391 0.1500122 0.1500122 0.1439492 0.1510746 0.1497375 0.1442183 0.1615330 0.1322636 0.1438033 0.1246507 0.1416901 0.1317548 0.1203112 0.0099332 0.0149267 0.0000000 0.0049532 0.0563251 0.0668156 
taxon17    0.1445900 0.1443541 0.1443541 0.1383168 0.1506988 0.1493674 0.1438615 0.1558509 0.1380614 0.1381769 0.1191501 0.1361429 0.1261761 0.1147635 0.0099107 0.0099442 0.0049532 0.0000000 0.0511651 0.0616301 
taxon18    0.1322904 0.1500304 0.1500304 0.1144472 0.1264730 0.1253284 0.1199028 0.1432634 0.1258185 0.1261275 0.1371746 0.1133824 0.1320631 0.1205952 0.0614668 0.0616790 0.0563251 0.0511651 0.0000000 0.0455865 
taxon19    0.1509969 0.1689774 0.1689774 0.1326870 0.1334765 0.1322746 0.1381989 0.1577064 0.1442402 0.1445989 0.1545388 0.1438944 0.1514988 0.1456278 0.0719788 0.0722274 0.0668156 0.0616301 0.0455865 0.0000000 
