20
taxon0     0.0000000 0.0555465 0.0552332 0.0451382 0.0554039 0.0610682 0.0611486 0.0931943 0.0772238 0.0826784 0.0819834 0.0558130 0.0452492 0.0450569 0.0402856 0.1619620 0.1594591 0.1493281 0.1547208 0.1428683 
taxon1     0.0555465 0.0000000 0.0298022 0.0097498 0.0615418 0.0670305 0.0777928 0.0887862 0.0943071 0.0781968 0.0929164 0.0722349 0.0777089 0.0720157 0.0726446 0.1768468 0.1680641 0.1735732 0.1675734 0.1673657 
taxon2     0.0552332 0.0298022 0.0000000 0.0197358 0.0505672 0.0718211 0.0719169 0.0935152 0.0882222 0.0937604 0.0709342 0.0824550 0.0665326 0.0716079 0.0722301 0.1879969 0.1666986 0.1869925 0.1536058 0.1664181 
taxon3     0.0451382 0.0097498 0.0197358 0.0000000 0.0613892 0.0668638 0.0669529 0.0885452 0.0832465 0.0887770 0.0820173 0.0720554 0.0668858 0.0613076 0.0618414 0.1763855 0.1675776 0.1612445 0.1553242 0.1551287 
taxon4     0.0554039 0.0615418 0.0505672 0.0613892 0.0000000 0.0403200 0.0506854 0.0717569 0.0665613 0.0613944 0.0664100 0.0457434 0.0399705 0.0398736 0.0453297 0.1565947 0.1371890 0.1625404 0.1561210 0.1559240 
taxon5     0.0610682 0.0670305 0.0718211 0.0668638 0.0403200 0.0000000 0.0098571 0.0400464 0.0248953 0.0199002 0.0671891 0.0251166 0.0612031 0.0505453 0.0561902 0.1656773 0.1636336 0.1717580 0.1773119 0.1649568 
taxon6     0.0611486 0.0777928 0.0719169 0.0669529 0.0506854 0.0098571 0.0000000 0.0298990 0.0148705 0.0198966 0.0566097 0.0251119 0.0507647 0.0402501 0.0457610 0.1656391 0.1516727 0.1595953 0.1651278 0.1528982 
taxon7     0.0931943 0.0887862 0.0935152 0.0885452 0.0717569 0.0400464 0.0298990 0.0000000 0.0246552 0.0197111 0.0887825 0.0561010 0.0825220 0.0715538 0.0774818 0.2029163 0.1639842 0.1910349 0.1898971 0.1896648 
taxon8     0.0772238 0.0943071 0.0882222 0.0832465 0.0665613 0.0248953 0.0148705 0.0246552 0.0000000 0.0147663 0.0727485 0.0405859 0.0666746 0.0559118 0.0616429 0.1845403 0.1701438 0.1783919 0.1839674 0.1715224 
taxon9     0.0826784 0.0781968 0.0937604 0.0887770 0.0613944 0.0199002 0.0198966 0.0197111 0.0147663 0.0000000 0.0782187 0.0354856 0.0720682 0.0612163 0.0670246 0.1786909 0.1644480 0.1848483 0.1904441 0.1779142 
taxon10    0.0819834 0.0929164 0.0709342 0.0820173 0.0664100 0.0671891 0.0566097 0.0887825 0.0727485 0.0782187 0.0000000 0.0458206 0.0558182 0.0608600 0.0613869 0.1830069 0.1743179 0.1827048 0.1742406 0.1620855 
taxon11    0.0558130 0.0722349 0.0824550 0.0720554 0.0457434 0.0251166 0.0251119 0.0561010 0.0405859 0.0354856 0.0458206 0.0000000 0.0404909 0.0300993 0.0354866 0.1476941 0.1518994 0.1535375 0.1590626 0.1468891 
taxon12    0.0452492 0.0777089 0.0665326 0.0668858 0.0399705 0.0612031 0.0507647 0.0825220 0.0666746 0.0720682 0.0558182 0.0404909 0.0000000 0.0197326 0.0148865 0.1515734 0.1497782 0.1395269 0.1449652 0.1330765 
taxon13    0.0450569 0.0720157 0.0716079 0.0613076 0.0398736 0.0505453 0.0402501 0.0715538 0.0559118 0.0612163 0.0608600 0.0300993 0.0197326 0.0000000 0.0148239 0.1448856 0.1374158 0.1388797 0.1442935 0.1324624 
taxon14    0.0402856 0.0726446 0.0722301 0.0618414 0.0453297 0.0561902 0.0457610 0.0774818 0.0616429 0.0670246 0.0613869 0.0354866 0.0148865 0.0148239 0.0000000 0.1462098 0.1444703 0.1341824 0.1396298 0.1277564 
taxon15    0.1619620 0.1768468 0.1879969 0.1763855 0.1565947 0.1656773 0.1656391 0.2029163 0.1845403 0.1786909 0.1830069 0.1476941 0.1515734 0.1448856 0.1462098 0.0000000 0.0452356 0.0405556 0.0455830 0.0352515 
taxon16    0.1594591 0.1680641 0.1666986 0.1675776 0.1371890 0.1636336 0.1516727 0.1639842 0.1701438 0.1644480 0.1743179 0.1518994 0.1497782 0.1374158 0.1444703 0.0452356 0.0000000 0.0297719 0.0246823 0.0246471 
taxon17    0.1493281 0.1735732 0.1869925 0.1612445 0.1625404 0.1717580 0.1595953 0.1910349 0.1783919 0.1848483 0.1827048 0.1535375 0.1395269 0.1388797 0.1341824 0.0405556 0.0297719 0.0000000 0.0249352 0.0148769 
taxon18    0.1547208 0.1675734 0.1536058 0.1553242 0.1561210 0.1773119 0.1651278 0.1898971 0.1839674 0.1904441 0.1742406 0.1590626 0.1449652 0.1442935 0.1396298 0.0455830 0.0246823 0.0249352 0.0000000 0.0097685 
taxon19    0.1428683 0.1673657 0.1664181 0.1551287 0.1559240 0.1649568 0.1528982 0.1896648 0.1715224 0.1779142 0.1620855 0.1468891 0.1330765 0.1324624 0.1277564 0.0352515 0.0246471 0.0148769 0.0097685 0.0000000 
