20
taxon0     0.0000000 0.1425895 0.0828108 0.2717149 0.2180895 0.3431841 0.2827328 0.2277926 0.2438870 0.2591319 0.3226359 0.3522856 0.3613565 0.3097156 0.5862821 0.5252888 0.4947947 0.4441079 0.4745538 0.4886014 
taxon1     0.1425895 0.0000000 0.1402343 0.2953767 0.2739391 0.3846567 0.3622030 0.2756166 0.3049977 0.3271586 0.3779875 0.3683661 0.3861876 0.3873422 0.5990821 0.5297832 0.5419683 0.4884821 0.5356877 0.5172324 
taxon2     0.0828108 0.1402343 0.0000000 0.2850423 0.2151391 0.3274704 0.3057091 0.2483386 0.2533687 0.2715901 0.3252207 0.3374259 0.3827060 0.3321294 0.5347243 0.5173152 0.4880108 0.4604871 0.5100390 0.4493553 
taxon3     0.2717149 0.2953767 0.2850423 0.0000000 0.1646011 0.2744238 0.2711987 0.3630896 0.3893805 0.4287920 0.4582324 0.4497619 0.4783117 0.4175257 0.6392082 0.5797596 0.6306767 0.5237226 0.6052228 0.5486051 
taxon4     0.2180895 0.2739391 0.2151391 0.1646011 0.0000000 0.1705789 0.1517017 0.3219730 0.3178939 0.3309183 0.3774120 0.4235730 0.4125481 0.3865408 0.5527809 0.5423614 0.5045268 0.4869683 0.5684488 0.4978210 
taxon5     0.3431841 0.3846567 0.3274704 0.2744238 0.1705789 0.0000000 0.1557405 0.4199483 0.4003478 0.4051140 0.4529072 0.4705291 0.4634103 0.4233173 0.6465607 0.5787115 0.5933215 0.5979819 0.7141802 0.5820240 
taxon6     0.2827328 0.3622030 0.3057091 0.2711987 0.1517017 0.1557405 0.0000000 0.3758312 0.3540460 0.3885182 0.4392967 0.4382144 0.4319891 0.4076247 0.5901411 0.5353039 0.5351389 0.5126107 0.6245787 0.5616662 
taxon7     0.2277926 0.2756166 0.2483386 0.3630896 0.3219730 0.4199483 0.3758312 0.0000000 0.0894507 0.1738212 0.2964565 0.2635424 0.2453073 0.2434625 0.5432727 0.4858154 0.5086996 0.4763903 0.4741469 0.4970080 
taxon8     0.2438870 0.3049977 0.2533687 0.3893805 0.3178939 0.4003478 0.3540460 0.0894507 0.0000000 0.1897239 0.2949955 0.2925194 0.2753653 0.2578952 0.5705327 0.4857518 0.5072382 0.4869355 0.5034838 0.4899434 
taxon9     0.2591319 0.3271586 0.2715901 0.4287920 0.3309183 0.4051140 0.3885182 0.1738212 0.1897239 0.0000000 0.1995447 0.1973995 0.1949580 0.1638416 0.5214292 0.4519122 0.4885405 0.4959863 0.4906485 0.4850073 
taxon10    0.3226359 0.3779875 0.3252207 0.4582324 0.3774120 0.4529072 0.4392967 0.2964565 0.2949955 0.1995447 0.0000000 0.2195189 0.2317246 0.1975231 0.5876484 0.4905454 0.5306725 0.5444469 0.5507582 0.5092034 
taxon11    0.3522856 0.3683661 0.3374259 0.4497619 0.4235730 0.4705291 0.4382144 0.2635424 0.2925194 0.1973995 0.2195189 0.0000000 0.1597465 0.1300403 0.5842289 0.4957691 0.5717672 0.5204873 0.5405260 0.4967088 
taxon12    0.3613565 0.3861876 0.3827060 0.4783117 0.4125481 0.4634103 0.4319891 0.2453073 0.2753653 0.1949580 0.2317246 0.1597465 0.0000000 0.1102124 0.5332894 0.4547493 0.4938835 0.5060836 0.5189665 0.4894563 
taxon13    0.3097156 0.3873422 0.3321294 0.4175257 0.3865408 0.4233173 0.4076247 0.2434625 0.2578952 0.1638416 0.1975231 0.1300403 0.1102124 0.0000000 0.5495804 0.4696129 0.5197192 0.4758085 0.4939304 0.4794478 
taxon14    0.5862821 0.5990821 0.5347243 0.6392082 0.5527809 0.6465607 0.5901411 0.5432727 0.5705327 0.5214292 0.5876484 0.5842289 0.5332894 0.5495804 0.0000000 0.1716024 0.1992964 0.3156224 0.3599764 0.3130029 
taxon15    0.5252888 0.5297832 0.5173152 0.5797596 0.5423614 0.5787115 0.5353039 0.4858154 0.4857518 0.4519122 0.4905454 0.4957691 0.4547493 0.4696129 0.1716024 0.0000000 0.1693053 0.2686868 0.2869636 0.2543288 
taxon16    0.4947947 0.5419683 0.4880108 0.6306767 0.5045268 0.5933215 0.5351389 0.5086996 0.5072382 0.4885405 0.5306725 0.5717672 0.4938835 0.5197192 0.1992964 0.1693053 0.0000000 0.2532845 0.2882496 0.2777117 
taxon17    0.4441079 0.4884821 0.4604871 0.5237226 0.4869683 0.5979819 0.5126107 0.4763903 0.4869355 0.4959863 0.5444469 0.5204873 0.5060836 0.4758085 0.3156224 0.2686868 0.2532845 0.0000000 0.1971749 0.1610822 
taxon18    0.4745538 0.5356877 0.5100390 0.6052228 0.5684488 0.7141802 0.6245787 0.4741469 0.5034838 0.4906485 0.5507582 0.5405260 0.5189665 0.4939304 0.3599764 0.2869636 0.2882496 0.1971749 0.0000000 0.1324732 
taxon19    0.4886014 0.5172324 0.4493553 0.5486051 0.4978210 0.5820240 0.5616662 0.4970080 0.4899434 0.4850073 0.5092034 0.4967088 0.4894563 0.4794478 0.3130029 0.2543288 0.2777117 0.1610822 0.1324732 0.0000000 
