20
taxon0     0.0000000 0.0413276 0.1466589 0.1809024 0.1636860 0.1637824 0.1783107 0.1951414 0.1739449 0.3079025 0.3263820 0.2583191 0.2967647 0.2911544 0.2974143 0.3203153 0.2828499 0.2710130 0.2116222 0.2234498 
taxon1     0.0413276 0.0000000 0.1414514 0.1755180 0.1731242 0.1643840 0.1784086 0.2028274 0.1740455 0.2943570 0.3125210 0.2521337 0.2774695 0.2718914 0.2742018 0.3220144 0.2776581 0.2659500 0.2148280 0.2324989 
taxon2     0.1466589 0.1414514 0.0000000 0.0637017 0.0702434 0.0637767 0.1616663 0.1511103 0.1381553 0.3147727 0.3258159 0.2665058 0.3034696 0.2953256 0.3060056 0.3267521 0.3259083 0.3214442 0.2685591 0.2865135 
taxon3     0.1809024 0.1755180 0.0637017 0.0000000 0.0526086 0.0462746 0.1901110 0.1316975 0.1588190 0.2867576 0.2971967 0.2512698 0.2873307 0.2793828 0.2968346 0.3187046 0.3097053 0.3052021 0.2625988 0.2798768 
taxon4     0.1636860 0.1731242 0.0702434 0.0526086 0.0000000 0.0304932 0.1968005 0.1671505 0.1765284 0.3059209 0.3066504 0.2710882 0.3017927 0.2935433 0.3012764 0.3206128 0.3215612 0.3123572 0.2679121 0.2720453 
taxon5     0.1637824 0.1643840 0.0637767 0.0462746 0.0304932 0.0000000 0.1931724 0.1460403 0.1733095 0.3029468 0.3036540 0.2758524 0.3065194 0.2982683 0.2998336 0.3162647 0.3209851 0.3165075 0.2693131 0.2728744 
taxon6     0.1783107 0.1784086 0.1616663 0.1901110 0.1968005 0.1931724 0.0000000 0.0913395 0.0628361 0.3339079 0.3535033 0.2653419 0.3201881 0.3139427 0.3515105 0.3782727 0.3524742 0.3545360 0.2953472 0.2984758 
taxon7     0.1951414 0.2028274 0.1511103 0.1316975 0.1671505 0.1460403 0.0913395 0.0000000 0.0462130 0.2899037 0.3159621 0.2734515 0.2992887 0.2918078 0.3297883 0.3516533 0.3390555 0.3399760 0.2893078 0.2974086 
taxon8     0.1739449 0.1740455 0.1381553 0.1588190 0.1765284 0.1733095 0.0628361 0.0462130 0.0000000 0.3115189 0.3302136 0.2724985 0.3059127 0.2983775 0.3349011 0.3675940 0.3392408 0.3401631 0.2890876 0.2990527 
taxon9     0.3079025 0.2943570 0.3147727 0.2867576 0.3059209 0.3029468 0.3339079 0.2899037 0.3115189 0.0000000 0.0355579 0.0905894 0.1018602 0.1020781 0.1757857 0.2013206 0.2055658 0.2023842 0.1753291 0.1618026 
taxon10    0.3263820 0.3125210 0.3258159 0.2971967 0.3066504 0.3036540 0.3535033 0.3159621 0.3302136 0.0355579 0.0000000 0.1087643 0.1203800 0.1206269 0.1961913 0.2155785 0.2320045 0.2237265 0.1964017 0.1823889 
taxon11    0.2583191 0.2521337 0.2665058 0.2512698 0.2710882 0.2758524 0.2653419 0.2734515 0.2724985 0.0905894 0.1087643 0.0000000 0.0567231 0.0516080 0.1504373 0.1739849 0.1835285 0.1759343 0.1286853 0.1204039 
taxon12    0.2967647 0.2774695 0.3034696 0.2873307 0.3017927 0.3065194 0.3201881 0.2992887 0.3059127 0.1018602 0.1203800 0.0567231 0.0000000 0.0100530 0.1515037 0.1859039 0.2022404 0.1944334 0.1627434 0.1561471 
taxon13    0.2911544 0.2718914 0.2953256 0.2793828 0.2935433 0.2982683 0.3139427 0.2918078 0.2983775 0.1020781 0.1206269 0.0516080 0.0100530 0.0000000 0.1571474 0.1862224 0.2025660 0.1947532 0.1630376 0.1564351 
taxon14    0.2974143 0.2742018 0.3060056 0.2968346 0.3012764 0.2998336 0.3515105 0.3297883 0.3349011 0.1757857 0.1961913 0.1504373 0.1515037 0.1571474 0.0000000 0.0526089 0.0971368 0.0853353 0.1356637 0.1371027 
taxon15    0.3203153 0.3220144 0.3267521 0.3187046 0.3206128 0.3162647 0.3782727 0.3516533 0.3675940 0.2013206 0.2155785 0.1739849 0.1859039 0.1862224 0.0526089 0.0000000 0.1047459 0.0926503 0.1449859 0.1459557 
taxon16    0.2828499 0.2776581 0.3259083 0.3097053 0.3215612 0.3209851 0.3524742 0.3390555 0.3392408 0.2055658 0.2320045 0.1835285 0.2022404 0.2025660 0.0971368 0.1047459 0.0000000 0.0252010 0.1295606 0.1324512 
taxon17    0.2710130 0.2659500 0.3214442 0.3052021 0.3123572 0.3165075 0.3545360 0.3399760 0.3401631 0.2023842 0.2237265 0.1759343 0.1944334 0.1947532 0.0853353 0.0926503 0.0252010 0.0000000 0.1237021 0.1203102 
taxon18    0.2116222 0.2148280 0.2685591 0.2625988 0.2679121 0.2693131 0.2953472 0.2893078 0.2890876 0.1753291 0.1964017 0.1286853 0.1627434 0.1630376 0.1356637 0.1449859 0.1295606 0.1237021 0.0000000 0.0580792 
taxon19    0.2234498 0.2324989 0.2865135 0.2798768 0.2720453 0.2728744 0.2984758 0.2974086 0.2990527 0.1618026 0.1823889 0.1204039 0.1561471 0.1564351 0.1371027 0.1459557 0.1324512 0.1203102 0.0580792 0.0000000 
