20
taxon0     0.0000000 0.0657547 0.1805523 0.1177032 0.4651123 0.4787947 0.4784569 0.4290186 0.4304472 0.5065662 0.5253421 0.4888859 0.4908736 0.4699209 0.5171138 0.5899462 0.6915553 0.6410569 0.6430205 0.5969002 
taxon1     0.0657547 0.0000000 0.1375443 0.1059636 0.4465016 0.4679200 0.4675472 0.4060649 0.4073900 0.5195047 0.5162576 0.4794286 0.5049161 0.4690207 0.4983738 0.6060138 0.7062040 0.6373781 0.6393497 0.5933350 
taxon2     0.1805523 0.1375443 0.0000000 0.0791050 0.4314065 0.4494659 0.4490359 0.3889840 0.4075966 0.4894524 0.4585268 0.4335342 0.4841868 0.4521864 0.4754257 0.6048705 0.7046443 0.6404790 0.6357396 0.5818998 
taxon3     0.1177032 0.1059636 0.0791050 0.0000000 0.4284663 0.4467600 0.4463226 0.3770575 0.3954103 0.5153738 0.4845165 0.4349221 0.4721789 0.4369635 0.4781965 0.5626143 0.6537850 0.6263362 0.6217584 0.5684547 
taxon4     0.4651123 0.4465016 0.4314065 0.4284663 0.0000000 0.0683997 0.0787092 0.0749544 0.0862018 0.2628984 0.2603868 0.1927601 0.2347826 0.2203876 0.2047360 0.2830745 0.3518737 0.3807441 0.3593069 0.3262352 
taxon5     0.4787947 0.4679200 0.4494659 0.4467600 0.0683997 0.0000000 0.0298842 0.0961919 0.1076761 0.2814674 0.2748820 0.2115029 0.2480294 0.2518233 0.2360361 0.3186747 0.4057465 0.4130510 0.4041383 0.3695779 
taxon6     0.4784569 0.4675472 0.4490359 0.4463226 0.0787092 0.0298842 0.0000000 0.1066227 0.1181790 0.2807923 0.2665825 0.2108546 0.2528376 0.2634691 0.2476690 0.3310767 0.4193891 0.4336868 0.4178399 0.3828213 
taxon7     0.4290186 0.4060649 0.3889840 0.3770575 0.0749544 0.0961919 0.1066227 0.0000000 0.0296261 0.2170539 0.2276347 0.1522638 0.1813080 0.1800274 0.1513169 0.2551470 0.3310438 0.3347210 0.3207201 0.2905014 
taxon8     0.4304472 0.4073900 0.4075966 0.3954103 0.0862018 0.1076761 0.1181790 0.0296261 0.0000000 0.2420439 0.2617528 0.1832606 0.2130032 0.1933690 0.1764702 0.2706187 0.3481475 0.3537384 0.3235810 0.3082126 
taxon9     0.5065662 0.5195047 0.4894524 0.5153738 0.2628984 0.2814674 0.2807923 0.2170539 0.2420439 0.0000000 0.2174657 0.1323626 0.1643367 0.2067475 0.2247208 0.3222747 0.3982953 0.4171090 0.3622422 0.3792357 
taxon10    0.5253421 0.5162576 0.4585268 0.4845165 0.2603868 0.2748820 0.2665825 0.2276347 0.2617528 0.2174657 0.0000000 0.1027727 0.1916982 0.2269436 0.2225112 0.3352799 0.4035775 0.3928178 0.4078274 0.3779672 
taxon11    0.4888859 0.4794286 0.4335342 0.4349221 0.1927601 0.2115029 0.2108546 0.1522638 0.1832606 0.1323626 0.1027727 0.0000000 0.1260671 0.1741684 0.1703487 0.2809251 0.3460615 0.3516271 0.3370759 0.3163703 
taxon12    0.4908736 0.5049161 0.4841868 0.4721789 0.2347826 0.2480294 0.2528376 0.1813080 0.2130032 0.1643367 0.1916982 0.1260671 0.0000000 0.1361264 0.1563203 0.2420627 0.3206749 0.3456089 0.3313212 0.2947357 
taxon13    0.4699209 0.4690207 0.4521864 0.4369635 0.2203876 0.2518233 0.2634691 0.1800274 0.1933690 0.2067475 0.2269436 0.1741684 0.1361264 0.0000000 0.1126642 0.1679092 0.2440301 0.2805896 0.2680677 0.2488198 
taxon14    0.5171138 0.4983738 0.4754257 0.4781965 0.2047360 0.2360361 0.2476690 0.1513169 0.1764702 0.2247208 0.2225112 0.1703487 0.1563203 0.1126642 0.0000000 0.1299050 0.1954080 0.2077491 0.1969539 0.1650781 
taxon15    0.5899462 0.6060138 0.6048705 0.5626143 0.2830745 0.3186747 0.3310767 0.2551470 0.2706187 0.3222747 0.3352799 0.2809251 0.2420627 0.1679092 0.1299050 0.0000000 0.0962474 0.1405781 0.1200133 0.1325681 
taxon16    0.6915553 0.7062040 0.7046443 0.6537850 0.3518737 0.4057465 0.4193891 0.3310438 0.3481475 0.3982953 0.4035775 0.3460615 0.3206749 0.2440301 0.1954080 0.0962474 0.0000000 0.0985033 0.0992693 0.1054272 
taxon17    0.6410569 0.6373781 0.6404790 0.6263362 0.3807441 0.4130510 0.4336868 0.3347210 0.3537384 0.4171090 0.3928178 0.3516271 0.3456089 0.2805896 0.2077491 0.1405781 0.0985033 0.0000000 0.0556625 0.0620651 
taxon18    0.6430205 0.6393497 0.6357396 0.6217584 0.3593069 0.4041383 0.4178399 0.3207201 0.3235810 0.3622422 0.4078274 0.3370759 0.3313212 0.2680677 0.1969539 0.1200133 0.0992693 0.0556625 0.0000000 0.0452659 
taxon19    0.5969002 0.5933350 0.5818998 0.5684547 0.3262352 0.3695779 0.3828213 0.2905014 0.3082126 0.3792357 0.3779672 0.3163703 0.2947357 0.2488198 0.1650781 0.1325681 0.1054272 0.0620651 0.0452659 0.0000000 
