20
taxon0     0.0000000 0.2896095 0.3380099 0.2817470 0.5445057 0.5435276 0.7749544 0.7925155 0.7175786 0.6756621 0.6928441 0.5651238 0.5796127 0.5851783 0.6575215 0.6401090 0.7152959 0.7558199 0.8168072 0.8162177 
taxon1     0.2896095 0.0000000 0.3365988 0.3050725 0.5781046 0.5576522 0.7609906 0.8308300 0.7327882 0.7317417 0.7302989 0.5557299 0.5650090 0.5933849 0.6603748 0.6766902 0.7114959 0.7614716 0.7976579 0.8273255 
taxon2     0.3380099 0.3365988 0.0000000 0.1723084 0.5390641 0.5359762 0.7218908 0.6759505 0.6588468 0.6580914 0.6416669 0.5160721 0.4977911 0.5703523 0.6092476 0.6120391 0.6664525 0.7107965 0.7523769 0.7643433 
taxon3     0.2817470 0.3050725 0.1723084 0.0000000 0.5005772 0.5061990 0.6689877 0.6743813 0.6181206 0.6160032 0.5872001 0.5227264 0.4951665 0.5820001 0.6322014 0.5971932 0.6311319 0.6749997 0.7281885 0.7305586 
taxon4     0.5445057 0.5781046 0.5390641 0.5005772 0.0000000 0.1481287 0.4557938 0.4832605 0.4280997 0.4133767 0.4039364 0.5184911 0.4810276 0.5553007 0.5743746 0.5682102 0.5945809 0.6647051 0.6794264 0.6920120 
taxon5     0.5435276 0.5576522 0.5359762 0.5061990 0.1481287 0.0000000 0.4432629 0.4248300 0.3923382 0.3978092 0.3635328 0.4551492 0.4255512 0.5056217 0.5527445 0.5281460 0.5863062 0.6491927 0.6339830 0.6662501 
taxon6     0.7749544 0.7609906 0.7218908 0.6689877 0.4557938 0.4432629 0.0000000 0.2023069 0.3118592 0.2837173 0.2606795 0.6810599 0.6506299 0.6165543 0.6949980 0.7403253 0.8019174 0.7880977 0.8258018 0.8515217 
taxon7     0.7925155 0.8308300 0.6759505 0.6743813 0.4832605 0.4248300 0.2023069 0.0000000 0.3181658 0.3328177 0.3092702 0.6802298 0.6427228 0.6665656 0.6922321 0.6798297 0.7752024 0.7537488 0.8038191 0.8065869 
taxon8     0.7175786 0.7327882 0.6588468 0.6181206 0.4280997 0.3923382 0.3118592 0.3181658 0.0000000 0.1448806 0.1158833 0.5818008 0.5431525 0.5961768 0.6920863 0.6916470 0.7391395 0.7450522 0.7886205 0.7947115 
taxon9     0.6756621 0.7317417 0.6580914 0.6160032 0.4133767 0.3978092 0.2837173 0.3328177 0.1448806 0.0000000 0.0813210 0.5515999 0.4821056 0.6109903 0.6907080 0.7261307 0.7848505 0.7834908 0.8002497 0.8394794 
taxon10    0.6928441 0.7302989 0.6416669 0.5872001 0.4039364 0.3635328 0.2606795 0.3092702 0.1158833 0.0813210 0.0000000 0.5339924 0.4929823 0.5387895 0.7061971 0.6937452 0.7701566 0.7451097 0.7686728 0.7890761 
taxon11    0.5651238 0.5557299 0.5160721 0.5227264 0.5184911 0.4551492 0.6810599 0.6802298 0.5818008 0.5515999 0.5339924 0.0000000 0.1847908 0.3859791 0.4449949 0.4468181 0.5244703 0.5510790 0.5874930 0.5753709 
taxon12    0.5796127 0.5650090 0.4977911 0.4951665 0.4810276 0.4255512 0.6506299 0.6427228 0.5431525 0.4821056 0.4929823 0.1847908 0.0000000 0.3601267 0.4733386 0.4601515 0.5391461 0.5903405 0.6638890 0.6515199 
taxon13    0.5851783 0.5933849 0.5703523 0.5820001 0.5553007 0.5056217 0.6165543 0.6665656 0.5961768 0.6109903 0.5387895 0.3859791 0.3601267 0.0000000 0.2894520 0.2956986 0.3611953 0.3905206 0.4345171 0.4357833 
taxon14    0.6575215 0.6603748 0.6092476 0.6322014 0.5743746 0.5527445 0.6949980 0.6922321 0.6920863 0.6907080 0.7061971 0.4449949 0.4733386 0.2894520 0.0000000 0.1833670 0.2484612 0.3065268 0.3584690 0.3694417 
taxon15    0.6401090 0.6766902 0.6120391 0.5971932 0.5682102 0.5281460 0.7403253 0.6798297 0.6916470 0.7261307 0.6937452 0.4468181 0.4601515 0.2956986 0.1833670 0.0000000 0.1628165 0.2214657 0.2704570 0.2775239 
taxon16    0.7152959 0.7114959 0.6664525 0.6311319 0.5945809 0.5863062 0.8019174 0.7752024 0.7391395 0.7848505 0.7701566 0.5244703 0.5391461 0.3611953 0.2484612 0.1628165 0.0000000 0.1424133 0.1969302 0.1972985 
taxon17    0.7558199 0.7614716 0.7107965 0.6749997 0.6647051 0.6491927 0.7880977 0.7537488 0.7450522 0.7834908 0.7451097 0.5510790 0.5903405 0.3905206 0.3065268 0.2214657 0.1424133 0.0000000 0.1088981 0.1093376 
taxon18    0.8168072 0.7976579 0.7523769 0.7281885 0.6794264 0.6339830 0.8258018 0.8038191 0.7886205 0.8002497 0.7686728 0.5874930 0.6638890 0.4345171 0.3584690 0.2704570 0.1969302 0.1088981 0.0000000 0.0894118 
taxon19    0.8162177 0.8273255 0.7643433 0.7305586 0.6920120 0.6662501 0.8515217 0.8065869 0.7947115 0.8394794 0.7890761 0.5753709 0.6515199 0.4357833 0.3694417 0.2775239 0.1972985 0.1093376 0.0894118 0.0000000 
