20
taxon0     0.0000000 0.0535237 0.1448853 0.1255324 0.1451409 0.1833016 0.1690780 0.2019621 0.1993924 0.1961392 0.1663701 0.1516690 0.2940729 0.2647783 0.2770124 0.2904839 0.2844927 0.2946828 0.3263360 0.3216325 
taxon1     0.0535237 0.0000000 0.1263174 0.1019948 0.1352330 0.1713359 0.1632271 0.1829555 0.1760666 0.1771349 0.1467865 0.1341746 0.2753947 0.2674490 0.2795031 0.2930484 0.2558706 0.2746106 0.3110431 0.3019391 
taxon2     0.1448853 0.1263174 0.0000000 0.0774698 0.1063410 0.1313910 0.1325428 0.1517975 0.1590346 0.1461587 0.1617720 0.1241633 0.2633003 0.2711852 0.2662884 0.2751760 0.2601274 0.2802551 0.3016024 0.3012760 
taxon3     0.1255324 0.1019948 0.0774698 0.0000000 0.0716124 0.1137302 0.1014259 0.1194851 0.1138680 0.1139477 0.1613491 0.1286653 0.2749959 0.2593256 0.2782457 0.2916869 0.2690089 0.2816995 0.3162175 0.3169652 
taxon4     0.1451409 0.1352330 0.1063410 0.0716124 0.0000000 0.0587110 0.0535838 0.0703571 0.0649927 0.0650302 0.1759769 0.1541201 0.2950442 0.2886677 0.2885140 0.2920210 0.2908848 0.3032391 0.3064761 0.3154838 
taxon5     0.1833016 0.1713359 0.1313910 0.1137302 0.0587110 0.0000000 0.0487300 0.0709751 0.0658956 0.0592534 0.2105611 0.1826600 0.3073384 0.3195306 0.3079378 0.2965252 0.3182878 0.3240402 0.3422675 0.3518351 
taxon6     0.1690780 0.1632271 0.1325428 0.1014259 0.0535838 0.0487300 0.0000000 0.0483148 0.0541365 0.0430063 0.2140010 0.1837855 0.3280112 0.3060078 0.3057988 0.3093465 0.3235474 0.3443067 0.3559012 0.3656354 
taxon7     0.2019621 0.1829555 0.1517975 0.1194851 0.0703571 0.0709751 0.0483148 0.0000000 0.0261017 0.0155530 0.2376297 0.2040598 0.3073210 0.3146365 0.3186955 0.3221337 0.3103420 0.3233752 0.3348659 0.3442778 
taxon8     0.1993924 0.1760666 0.1590346 0.1138680 0.0649927 0.0658956 0.0541365 0.0261017 0.0000000 0.0103219 0.2106601 0.2072783 0.2974898 0.3241168 0.3062776 0.3097541 0.3004300 0.3312211 0.3329281 0.3422800 
taxon9     0.1961392 0.1771349 0.1461587 0.1139477 0.0650302 0.0592534 0.0430063 0.0155530 0.0103219 0.0000000 0.2158168 0.1981424 0.2985467 0.3234099 0.3055892 0.3090669 0.3015012 0.3324205 0.3341155 0.3435015 
taxon10    0.1663701 0.1467865 0.1617720 0.1613491 0.1759769 0.2105611 0.2140010 0.2376297 0.2106601 0.2158168 0.0000000 0.0826724 0.2878004 0.2710969 0.2641173 0.2785030 0.2500591 0.2803855 0.3129657 0.2893810 
taxon11    0.1516690 0.1341746 0.1241633 0.1286653 0.1541201 0.1826600 0.1837855 0.2040598 0.2072783 0.1981424 0.0826724 0.0000000 0.2727016 0.2359473 0.2449916 0.2677841 0.2335201 0.2411699 0.2971785 0.2785987 
taxon12    0.2940729 0.2753947 0.2633003 0.2749959 0.2950442 0.3073384 0.3280112 0.3073210 0.2974898 0.2985467 0.2878004 0.2727016 0.0000000 0.0573458 0.0568675 0.0624427 0.1135940 0.1616429 0.1812527 0.1824862 
taxon13    0.2647783 0.2674490 0.2711852 0.2593256 0.2886677 0.3195306 0.3060078 0.3146365 0.3241168 0.3234099 0.2710969 0.2359473 0.0573458 0.0000000 0.0308204 0.0467678 0.1209063 0.1604047 0.1880491 0.1806025 
taxon14    0.2770124 0.2795031 0.2662884 0.2782457 0.2885140 0.3079378 0.3057988 0.3186955 0.3062776 0.3055892 0.2641173 0.2449916 0.0568675 0.0308204 0.0000000 0.0204063 0.1143282 0.1667006 0.1744522 0.1612630 
taxon15    0.2904839 0.2930484 0.2751760 0.2916869 0.2920210 0.2965252 0.3093465 0.3221337 0.3097541 0.3090669 0.2785030 0.2677841 0.0624427 0.0467678 0.0204063 0.0000000 0.1259941 0.1724575 0.1746099 0.1742021 
taxon16    0.2844927 0.2558706 0.2601274 0.2690089 0.2908848 0.3182878 0.3235474 0.3103420 0.3004300 0.3015012 0.2500591 0.2335201 0.1135940 0.1209063 0.1143282 0.1259941 0.0000000 0.0904233 0.1193081 0.1204028 
taxon17    0.2946828 0.2746106 0.2802551 0.2816995 0.3032391 0.3240402 0.3443067 0.3233752 0.3312211 0.3324205 0.2803855 0.2411699 0.1616429 0.1604047 0.1667006 0.1724575 0.0904233 0.0000000 0.1279905 0.1070647 
taxon18    0.3263360 0.3110431 0.3016024 0.3162175 0.3064761 0.3422675 0.3559012 0.3348659 0.3329281 0.3341155 0.3129657 0.2971785 0.1812527 0.1880491 0.1744522 0.1746099 0.1193081 0.1279905 0.0000000 0.0530314 
taxon19    0.3216325 0.3019391 0.3012760 0.3169652 0.3154838 0.3518351 0.3656354 0.3442778 0.3422800 0.3435015 0.2893810 0.2785987 0.1824862 0.1806025 0.1612630 0.1742021 0.1204028 0.1070647 0.0530314 0.0000000 
