20
taxon0     0.0000000 0.1203344 0.1206348 0.2924739 0.2702321 0.3489168 0.4670537 0.4465362 0.4603406 0.4039247 0.3855158 0.3906489 0.4487038 0.4609793 0.4257348 0.4232139 0.3349017 0.3193007 0.3996936 0.3988597 
taxon1     0.1203344 0.0000000 0.0449059 0.2748244 0.2364542 0.3959580 0.4882278 0.4863038 0.4819774 0.4242739 0.3997437 0.4341709 0.4891454 0.4798315 0.4332543 0.4307398 0.3579170 0.3302717 0.4279639 0.4031092 
taxon2     0.1206348 0.0449059 0.0000000 0.2864602 0.2489598 0.4109695 0.5083992 0.4826194 0.4751238 0.4376045 0.4157430 0.4532517 0.4947631 0.4605109 0.4293885 0.4268713 0.3480761 0.3211850 0.4209292 0.3887399 
taxon3     0.2924739 0.2748244 0.2864602 0.0000000 0.1276337 0.3863379 0.4987818 0.5885600 0.5771710 0.4057432 0.3798113 0.3673016 0.4409461 0.4990808 0.4615755 0.4626374 0.4134530 0.3985909 0.4689302 0.4544312 
taxon4     0.2702321 0.2364542 0.2489598 0.1276337 0.0000000 0.3764044 0.4977655 0.5719761 0.5543522 0.3957110 0.3852922 0.3614807 0.4772921 0.4876938 0.4434504 0.4444668 0.3832968 0.3890716 0.4571797 0.4350964 
taxon5     0.3489168 0.3959580 0.4109695 0.3863379 0.3764044 0.0000000 0.2171455 0.2972772 0.3348709 0.2769499 0.3071285 0.3079403 0.4129717 0.4064602 0.4062273 0.3959264 0.4264061 0.4236184 0.4269913 0.4544108 
taxon6     0.4670537 0.4882278 0.5083992 0.4987818 0.4977655 0.2171455 0.0000000 0.1638641 0.1717245 0.3903987 0.4212675 0.4115770 0.4897623 0.5301814 0.5246641 0.5275395 0.4630157 0.5118177 0.5130874 0.5058776 
taxon7     0.4465362 0.4863038 0.4826194 0.5885600 0.5719761 0.2972772 0.1638641 0.0000000 0.1146453 0.4520302 0.4744889 0.4480539 0.5032345 0.4900394 0.4600363 0.4626101 0.5023360 0.5093371 0.5360858 0.5586614 
taxon8     0.4603406 0.4819774 0.4751238 0.5771710 0.5543522 0.3348709 0.1717245 0.1146453 0.0000000 0.4829010 0.4992360 0.4619897 0.4844374 0.4610229 0.4614482 0.4640278 0.4934927 0.5090215 0.5191903 0.5930707 
taxon9     0.4039247 0.4242739 0.4376045 0.4057432 0.3957110 0.2769499 0.3903987 0.4520302 0.4829010 0.0000000 0.1195937 0.2156776 0.3351606 0.3307996 0.3198563 0.3107194 0.4630312 0.4631552 0.4727934 0.4631851 
taxon10    0.3855158 0.3997437 0.4157430 0.3798113 0.3852922 0.3071285 0.4212675 0.4744889 0.4992360 0.1195937 0.0000000 0.2145622 0.3391051 0.3203715 0.3322055 0.3229820 0.4998448 0.4766603 0.5089331 0.4650852 
taxon11    0.3906489 0.4341709 0.4532517 0.3673016 0.3614807 0.3079403 0.4115770 0.4480539 0.4619897 0.2156776 0.2145622 0.0000000 0.1799104 0.1906926 0.2028074 0.1952718 0.4933309 0.5129111 0.5066583 0.4875618 
taxon12    0.4487038 0.4891454 0.4947631 0.4409461 0.4772921 0.4129717 0.4897623 0.5032345 0.4844374 0.3351606 0.3391051 0.1799104 0.0000000 0.1731621 0.1729275 0.1742807 0.5080604 0.5345497 0.5456911 0.5214554 
taxon13    0.4609793 0.4798315 0.4605109 0.4990808 0.4876938 0.4064602 0.5301814 0.4900394 0.4610229 0.3307996 0.3203715 0.1906926 0.1731621 0.0000000 0.0912715 0.0851736 0.5404345 0.5152127 0.5365300 0.5833693 
taxon14    0.4257348 0.4332543 0.4293885 0.4615755 0.4434504 0.4062273 0.5246641 0.4600363 0.4614482 0.3198563 0.3322055 0.2028074 0.1729275 0.0912715 0.0000000 0.0047989 0.5261009 0.4916093 0.5025799 0.5452054 
taxon15    0.4232139 0.4307398 0.4268713 0.4626374 0.4444668 0.3959264 0.5275395 0.4626101 0.4640278 0.3107194 0.3229820 0.1952718 0.1742807 0.0851736 0.0047989 0.0000000 0.5273648 0.4927720 0.4997825 0.5465142 
taxon16    0.3349017 0.3579170 0.3480761 0.4134530 0.3832968 0.4264061 0.4630157 0.5023360 0.4934927 0.4630312 0.4998448 0.4933309 0.5080604 0.5404345 0.5261009 0.5273648 0.0000000 0.0895090 0.2756997 0.2994313 
taxon17    0.3193007 0.3302717 0.3211850 0.3985909 0.3890716 0.4236184 0.5118177 0.5093371 0.5090215 0.4631552 0.4766603 0.5129111 0.5345497 0.5152127 0.4916093 0.4927720 0.0895090 0.0000000 0.2366662 0.2566158 
taxon18    0.3996936 0.4279639 0.4209292 0.4689302 0.4571797 0.4269913 0.5130874 0.5360858 0.5191903 0.4727934 0.5089331 0.5066583 0.5456911 0.5365300 0.5025799 0.4997825 0.2756997 0.2366662 0.0000000 0.2137425 
taxon19    0.3988597 0.4031092 0.3887399 0.4544312 0.4350964 0.4544108 0.5058776 0.5586614 0.5930707 0.4631851 0.4650852 0.4875618 0.5214554 0.5833693 0.5452054 0.5465142 0.2994313 0.2566158 0.2137425 0.0000000 
